Time	Channel A	Channel B
(us)	(V)	(V)

-0.00400000	-0.51873153	0.28238803
-0.00300000	-0.10774484	0.21816561
-0.00200000	0.30281126	0.15987943
-0.00100000	0.65142101	0.11626476
0.00000000	0.83461493	0.10457677
0.00100000	0.82431102	0.12638411
0.00200000	0.62127829	0.17292076
0.00300000	0.25750491	0.23711245
0.00400000	-0.16566192	0.30139640
0.00500000	-0.58698326	0.35654527
0.00600000	-0.82978594	0.37706077
0.00700000	-0.86005169	0.36008242
0.00800000	-0.68116385	0.31616017
0.00900000	-0.31735975	0.25132260
0.01000000	0.09661048	0.18719243
0.01100000	0.49969241	0.13327387
0.01200000	0.76710135	0.10706816
0.01300000	0.85789859	0.11251231
0.01400000	0.74821603	0.14751476
0.01500000	0.45650837	0.20687746
0.01600000	0.04798228	0.27103838
0.01700000	-0.41815329	0.33040109
0.01800000	-0.73969609	0.36555734
0.01900000	-0.87100148	0.37161663
0.02000000	-0.79136932	0.34248891
0.02100000	-0.51048845	0.28251109
0.02200000	-0.12275468	0.21512057
0.02300000	0.31486836	0.14969857
0.02400000	0.65240526	0.11189715
0.02500000	0.83882874	0.10768332
0.02600000	0.82757133	0.13112082
0.02700000	0.62121677	0.17898007
0.02800000	0.26288754	0.24003445
0.02900000	-0.19414370	0.30484128
0.03000000	-0.57391119	0.35153174
0.03100000	-0.82206571	0.37333909
0.03200000	-0.85685283	0.36180487
0.03300000	-0.67285925	0.31880537
0.03400000	-0.33409202	0.25744340
0.03500000	0.11078987	0.18654650
0.03600000	0.49809301	0.13398130
0.03700000	0.76983881	0.10734498
0.03800000	0.85719121	0.11334276
0.03900000	0.74704725	0.15151329
0.04000000	0.45620078	0.20684670
0.04100000	0.02888164	0.27106914
0.04200000	-0.38567299	0.32640254
0.04300000	-0.72770053	0.36457309
0.04400000	-0.87097073	0.37057087
0.04500000	-0.79530632	0.34393454
0.04600000	-0.52617496	0.29136935
0.04700000	-0.10125492	0.22047244
0.04800000	0.31253076	0.15911049
0.04900000	0.65391243	0.11611097
0.05000000	0.83384597	0.10457677
0.05100000	0.82415724	0.12638411
0.05200000	0.62143207	0.17292076
0.05300000	0.25827387	0.23711245
0.05400000	-0.16799951	0.30139640
0.05500000	-0.59599531	0.35654527
0.05600000	-0.83892101	0.37706077
0.05700000	-0.86312747	0.36008242
0.05800000	-0.67808807	0.31616017
0.05900000	-0.30822465	0.25132260
0.06000000	0.10571481	0.18719243
0.06100000	0.50276822	0.13327387
0.06200000	0.76402557	0.10706816
0.06300000	0.84876353	0.11251231
0.06400000	0.73923475	0.14751476
0.06500000	0.45420152	0.20687746
0.06600000	0.04887426	0.27103838
0.06700000	-0.41723055	0.33040109
0.06800000	-0.74200296	0.36555734
0.06900000	-0.87998277	0.37161663
0.07000000	-0.80031985	0.34233513
0.07100000	-0.51282603	0.28174213
0.07200000	-0.12183194	0.21758120
0.07300000	0.31579110	0.15944882
0.07400000	0.65009844	0.11860237
0.07500000	0.82981670	0.10100885
0.07600000	0.81874382	0.12137057
0.07700000	0.61964810	0.17651944
0.07800000	0.26131889	0.24080339
0.07900000	-0.20297121	0.30499509
0.08000000	-0.58301550	0.35153174
0.08100000	-0.82514149	0.37333909
0.08200000	-0.85362327	0.36165109
0.08300000	-0.66295522	0.31803641
0.08400000	-0.32741758	0.25975025
0.08500000	0.10414616	0.19552781
0.08600000	0.48834276	0.14296260
0.08700000	0.76737821	0.10965182
0.08800000	0.85796010	0.11257382
0.08900000	0.74720103	0.15135950
0.09000000	0.45635459	0.20684670
0.09100000	0.02965059	0.27106914
0.09200000	-0.38801059	0.32640254
0.09300000	-0.73668182	0.36457309
0.09400000	-0.87998277	0.37057087
0.09500000	-0.79764396	0.34393454
0.09600000	-0.52540600	0.29136935
0.09700000	-0.10110113	0.22047244
0.09800000	0.31253076	0.15911049
0.09900000	0.65391243	0.11611097
0.10000000	0.83384597	0.10457677
0.10100000	0.82415724	0.12638411
0.10200000	0.62127829	0.17292076
0.10300000	0.25750491	0.23711245
0.10400000	-0.16566192	0.30139640
0.10500000	-0.58698326	0.35654527
0.10600000	-0.82978594	0.37706077
0.10700000	-0.86005169	0.36008242
0.10800000	-0.68116385	0.31616017
0.10900000	-0.31735975	0.25132260
0.11000000	0.09661048	0.18719243
0.11100000	0.49969241	0.13327387
0.11200000	0.76710135	0.10706816
0.11300000	0.85789859	0.11251231
0.11400000	0.74806225	0.14751476
0.11500000	0.45577016	0.20687746
0.11600000	0.05028912	0.27103838
0.11700000	-0.40920275	0.33040109
0.11800000	-0.73086858	0.36555734
0.11900000	-0.86946356	0.37161663
0.12000000	-0.78980070	0.34233513
0.12100000	-0.50166094	0.28174213
0.12200000	-0.11374262	0.21758120
0.12300000	0.31720597	0.15944882
0.12400000	0.65163630	0.11860237
0.12500000	0.83867496	0.10100885
0.12600000	0.82757133	0.12137057
0.12700000	0.62121677	0.17651944
0.12800000	0.26288754	0.24080339
0.12900000	-0.19414370	0.30499509
0.13000000	-0.57391119	0.35153174
0.13100000	-0.82206571	0.37333909
0.13200000	-0.85685283	0.36180487
0.13300000	-0.67285925	0.31880537
0.13400000	-0.33409202	0.25759721
0.13500000	0.11078987	0.18731545
0.13600000	0.49809301	0.13167445
0.13700000	0.76983881	0.09833292
0.13800000	0.85719121	0.10436147
0.13900000	0.74704725	0.14917569
0.14000000	0.45635459	0.20761564
0.14100000	0.02965059	0.27122292
0.14200000	-0.38801059	0.32640254
0.14300000	-0.73668182	0.36457309
0.14400000	-0.87998277	0.37057087
0.14500000	-0.79764396	0.34393454
0.14600000	-0.52540600	0.29136935
0.14700000	-0.10110113	0.22047244
0.14800000	0.31253076	0.15911049
0.14900000	0.65391243	0.11611097
0.15000000	0.83384597	0.10442298
0.15100000	0.82415724	0.12561515
0.15200000	0.62143207	0.17525837
0.15300000	0.25827387	0.24612451
0.15400000	-0.16799951	0.31040847
0.15500000	-0.59599531	0.35885212
0.15600000	-0.83876723	0.37629184
0.15700000	-0.86235851	0.35992864
0.15800000	-0.68039495	0.31616017
0.15900000	-0.31720597	0.25132260
0.16000000	0.09661048	0.18719243
0.16100000	0.49969241	0.13327387
0.16200000	0.76710135	0.10706816
0.16300000	0.85789859	0.11251231
0.16400000	0.74806225	0.14751476
0.16500000	0.45577016	0.20687746
0.16600000	0.05028912	0.27103838
0.16700000	-0.40920275	0.33040109
0.16800000	-0.73086858	0.36555734
0.16900000	-0.86946356	0.37161663
0.17000000	-0.78964692	0.34233513
0.17100000	-0.50089198	0.28174213
0.17200000	-0.11604946	0.21758120
0.17300000	0.30819389	0.15944882
0.17400000	0.64265501	0.11860237
0.17500000	0.83633733	0.10100885
0.17600000	0.82849407	0.12137057
0.17700000	0.62213951	0.17651944
0.17800000	0.26070374	0.24080339
0.17900000	-0.20235606	0.30499509
0.18000000	-0.58519930	0.35153174
0.18100000	-0.83335382	0.37333909
0.18200000	-0.86509597	0.36180487
0.18300000	-0.67501229	0.31880537
0.18400000	-0.33332309	0.25744340
0.18499999	0.11094365	0.18654650
0.18599999	0.49809301	0.13398130
0.18699999	0.76983881	0.10734498
0.18799999	0.85719121	0.11334276
0.18899999	0.74704725	0.15151329
0.18999999	0.45635459	0.20684670
0.19099999	0.02965059	0.27106914
0.19199999	-0.38801059	0.32640254
0.19299999	-0.73668182	0.36457309
0.19399999	-0.87998277	0.37057087
0.19499999	-0.79764396	0.34393454
0.19599999	-0.52540600	0.29136935
0.19699999	-0.10110113	0.22047244
0.19799999	0.31253076	0.15911049
0.19899999	0.65391243	0.11611097
0.19999999	0.83399975	0.10442298
0.20099999	0.82492620	0.12561515
0.20199999	0.61897147	0.17541215
0.20299999	0.24855438	0.24689345
0.20399999	-0.17464320	0.30810162
0.20499999	-0.58929008	0.34990159
0.20599999	-0.82901698	0.36731052
0.20699999	-0.85989785	0.35762179
0.20799999	-0.68116385	0.31689838
0.20899999	-0.31735975	0.25147638
0.20999999	0.09661048	0.18734621
0.21099999	0.49969241	0.13404281
0.21199999	0.76710135	0.10473056
0.21299999	0.85789859	0.10353100
0.21399999	0.74806225	0.13853346
0.21499999	0.45577016	0.20457062
0.21599999	0.05028912	0.27180734
0.21699999	-0.40920275	0.33055487
0.21799999	-0.73071480	0.36540353
0.21899999	-0.86869460	0.37084767
0.21999999	-0.79213828	0.34464198
0.22099999	-0.51067299	0.29072341
0.22199999	-0.12275468	0.22659326
0.22299999	0.31486836	0.16175567
0.22399999	0.65240526	0.11783341
0.22499999	0.83882874	0.10085507
0.22599999	0.82772517	0.12137057
0.22699999	0.62198573	0.17651944
0.22799999	0.26070374	0.24080339
0.22899999	-0.20235606	0.30499509
0.22999999	-0.58519930	0.35153174
0.23099999	-0.83335382	0.37333909
0.23199999	-0.86509597	0.36180487
0.23299999	-0.67501229	0.31880537
0.23399999	-0.33332309	0.25744340
0.23499999	0.11094365	0.18654650
0.23599999	0.49809301	0.13398130
0.23699999	0.76983881	0.10734498
0.23799999	0.85719121	0.11318897
0.23899999	0.74704725	0.15074433
0.23999999	0.45635459	0.20918430
0.24099999	0.02965059	0.28005046
0.24199999	-0.38801059	0.33541462
0.24299999	-0.73668182	0.36687991
0.24399999	-0.87998277	0.36980191
0.24499999	-0.79764396	0.34378076
0.24599999	-0.52540600	0.29152313
0.24699999	-0.10110113	0.22124138
0.24799999	0.31253076	0.15680364
0.24899999	0.65391243	0.10712968
0.24999999	0.83384597	0.09556472
0.25099999	0.82415724	0.12404650
0.25199999	0.62143207	0.17368971
0.25299999	0.25827387	0.23726624
0.25399999	-0.16799951	0.30139640
0.25499999	-0.59599531	0.35654527
0.25599999	-0.83892101	0.37706077
0.25699999	-0.86312747	0.36008242
0.25799999	-0.67808807	0.31616017
0.25899999	-0.30822465	0.25132260
0.25999999	0.10571481	0.18719243
0.26099999	0.50276822	0.13327387
0.26199999	0.76402557	0.10706816
0.26299999	0.84876353	0.11251231
0.26399999	0.73923475	0.14751476
0.26499999	0.45420152	0.20687746
0.26599999	0.04872047	0.27103838
0.26699999	-0.41799951	0.33040109
0.26799999	-0.73969609	0.36555734
0.26899999	-0.87100148	0.37161663
0.26999999	-0.79136932	0.34233513
0.27099999	-0.51048845	0.28174213
0.27199999	-0.12275468	0.21758120
0.27299999	0.31486836	0.15944882
0.27399999	0.65240526	0.11860237
0.27499999	0.83882874	0.10100885
0.27599999	0.82772517	0.12137057
0.27699999	0.62198573	0.17651944
0.27799999	0.26070374	0.24095719
0.27899999	-0.20235606	0.30576402
0.27999999	-0.58519930	0.34922490
0.28099999	-0.83335382	0.36438853
0.28199999	-0.86509597	0.35282359
0.28299999	-0.67501229	0.31646776
0.28399999	-0.33332309	0.25821236
0.28499999	0.11094365	0.18670030
0.28599999	0.49809301	0.13413508
0.28699999	0.76983881	0.10811393
0.28799999	0.85719121	0.11088213
0.28899999	0.74704725	0.14173228
0.28999999	0.45635459	0.20017225
0.29099999	0.02965059	0.27774361
0.29199999	-0.38801059	0.33618355
0.29299999	-0.73668182	0.36703372
0.29399999	-0.87982899	0.36980191
0.29499999	-0.79687500	0.34378076
0.29599999	-0.52789742	0.29136935
0.29699999	-0.11085138	0.22047244
0.29799999	0.30588704	0.15911049
0.29899999	0.66055608	0.11611097
0.29999999	0.84359622	0.10442298
0.30099999	0.82664859	0.12561515
0.30199999	0.62066317	0.17541215
0.30299999	0.25812009	0.24689345
0.30399999	-0.16799951	0.30810162
0.30499999	-0.59599531	0.34990159
0.30599999	-0.83876723	0.36731052
0.30699999	-0.86235851	0.35762179
0.30799999	-0.68039495	0.31689838
0.30899999	-0.31720597	0.25147638
0.30999999	0.09676427	0.18719243
0.31099999	0.50046134	0.13327387
0.31199999	0.76479453	0.10706816
0.31299999	0.84891731	0.11251231
0.31399999	0.73908097	0.14751476
0.31499999	0.45343259	0.20687746
0.31599999	0.05105807	0.27103838
0.31699999	-0.40904897	0.33040109
0.31799999	-0.73071480	0.36555734
0.31899999	-0.86869460	0.37161663
0.31999999	-0.79213828	0.34233513
0.32099999	-0.51067299	0.28174213
0.32199999	-0.12275468	0.21758120
0.32299999	0.31486836	0.15944882
0.32399999	0.65240526	0.11875615
0.32499999	0.83882874	0.10177781
0.32599999	0.82757133	0.11906373
0.32699999	0.62121677	0.16750738
0.32799999	0.26288754	0.23179133
0.32899999	-0.19414370	0.30265749
0.32999999	-0.57391119	0.35245448
0.33099999	-0.82206571	0.37426180
0.33199999	-0.85685283	0.35946727
0.33299999	-0.67285925	0.30979329
0.33399999	-0.33409202	0.24843135
0.33499999	0.11078987	0.18423967
0.33599999	0.49809301	0.13475025
0.33699999	0.76983881	0.10749877
0.33799999	0.85719121	0.11334276
0.33899999	0.74704725	0.15151329
0.33999999	0.45635459	0.20684670
0.34099999	0.02965059	0.27106914
0.34199999	-0.38801059	0.32640254
0.34299999	-0.73668182	0.36457309
0.34399999	-0.87998277	0.37057087
0.34499999	-0.79764396	0.34393454
0.34599999	-0.52540600	0.29136935
0.34699999	-0.10110113	0.22047244
0.34799999	0.31253076	0.15911049
0.34899999	0.65391243	0.11611097
0.34999999	0.83384597	0.10457677
0.35099999	0.82415724	0.12638411
0.35199999	0.62143207	0.17292076
0.35299999	0.25827387	0.23711245
0.35399999	-0.16799951	0.30139640
0.35499999	-0.59599531	0.35654527
0.35599999	-0.83876723	0.37706077
0.35699999	-0.86235851	0.36008242
0.35799999	-0.68039495	0.31616017
0.35899999	-0.31720597	0.25132260
0.35999999	0.09661048	0.18719243
0.36099999	0.49969241	0.13327387
0.36199999	0.76694757	0.10706816
0.36299999	0.85712969	0.11251231
0.36399999	0.75052285	0.14751476
0.36499999	0.46548966	0.20687746
0.36599999	0.05708661	0.27103838
0.36699999	-0.41507751	0.33040109
0.36799999	-0.74277192	0.36555734
0.36899999	-0.88013655	0.37161663
0.36999999	-0.80031985	0.34233513
0.37099999	-0.51282603	0.28174213
0.37199999	-0.12198573	0.21758120
0.37299999	0.31502214	0.15944882
0.37399999	0.65240526	0.11860237
0.37499999	0.83882874	0.10100885
0.37599999	0.82757133	0.12137057
0.37699999	0.62121677	0.17651944
0.37799999	0.26304135	0.24080339
0.37899999	-0.19337475	0.30499509
0.37999999	-0.57621801	0.35153174
0.38099999	-0.83104700	0.37333909
0.38199999	-0.86586493	0.36180487
0.38299999	-0.67516607	0.31880537
0.38399999	-0.33332309	0.25744340
0.38499999	0.11094365	0.18654650
0.38599999	0.49809301	0.13398130
0.38699999	0.76983881	0.10734498
0.38799999	0.85719121	0.11318897
0.38899999	0.74704725	0.15074433
0.38999999	0.45635459	0.20918430
0.39099999	0.02965059	0.28005046
0.39199999	-0.38801059	0.33556840
0.39299999	-0.73668182	0.36764887
0.39399999	-0.87998277	0.36749509
0.39499999	-0.79764396	0.33479947
0.39599999	-0.52540600	0.28238803
0.39699999	-0.10110113	0.21816561
0.39799999	0.31253076	0.15987943
0.39899999	0.65391243	0.11626476
0.39999999	0.83399975	0.10442298
0.40099999	0.82492620	0.12561515
0.40199999	0.61912525	0.17541215
0.40299999	0.24932332	0.24689345
0.40399999	-0.17698081	0.30810162
0.40499999	-0.59830219	0.34990159
0.40599999	-0.83799827	0.36731052
0.40699999	-0.86220473	0.35762179
0.40799999	-0.68039495	0.31708291
0.40899999	-0.31720597	0.25224534
0.40999999	0.09661048	0.18485482
0.41099999	0.49969241	0.12429257
0.41199999	0.76710135	0.09808686
0.41299999	0.85789859	0.11020546
0.41399999	0.74821603	0.14828371
0.41499999	0.45650837	0.20703125
0.41599999	0.04798228	0.27103838
0.41699999	-0.41815329	0.33040109
0.41799999	-0.73969609	0.36555734
0.41899999	-0.87100148	0.37161663
0.41999999	-0.79136932	0.34248891
0.42099999	-0.51048845	0.28251109
0.42199999	-0.12275468	0.21512057
0.42299999	0.31486836	0.14969857
0.42399999	0.65240526	0.11189715
0.42499999	0.83882874	0.10768332
0.42599999	0.82757133	0.13112082
0.42699999	0.62121677	0.17898007
0.42799999	0.26288754	0.24003445
0.42899999	-0.19414370	0.30484128
0.42999999	-0.57391119	0.35153174
0.43099999	-0.82206571	0.37333909
0.43199999	-0.85685283	0.36180487
0.43299999	-0.67285925	0.31880537
0.43399999	-0.33409202	0.25744340
0.43499999	0.11078987	0.18654650
0.43599999	0.49809301	0.13398130
0.43699999	0.76983881	0.10734498
0.43799999	0.85719121	0.11334276
0.43899999	0.74704725	0.15151329
0.43999999	0.45635459	0.20684670
0.44099999	0.02965059	0.27106914
0.44199999	-0.38801059	0.32655635
0.44299999	-0.73668182	0.36534202
0.44399999	-0.87998277	0.36826402
0.44499999	-0.79764396	0.33495325
0.44599999	-0.52540600	0.28238803
0.44699999	-0.10110113	0.21816561
0.44799999	0.31253076	0.15987943
0.44899999	0.65391243	0.11626476
0.44999999	0.83384597	0.10457677
0.45099999	0.82415724	0.12638411
0.45199999	0.62143207	0.17292076
0.45299999	0.25827387	0.23711245
0.45399999	-0.16799951	0.30139640
0.45499999	-0.59599531	0.35654527
0.45599999	-0.83892101	0.37706077
0.45699999	-0.86312747	0.36008242
0.45799999	-0.67808807	0.31616017
0.45899999	-0.30822465	0.25132260
0.45999999	0.10571481	0.18719243
0.46099999	0.50276822	0.13327387
0.46199999	0.76402557	0.10706816
0.46299999	0.84876353	0.11251231
0.46399999	0.73908097	0.14751476
0.46499999	0.45343259	0.20687746
0.46599999	0.05105807	0.27103838
0.46699999	-0.40904897	0.33040109
0.46799999	-0.73071480	0.36540353
0.46899999	-0.86869460	0.37084767
0.46999999	-0.79213828	0.34464198
0.47099999	-0.51067299	0.29072341
0.47199999	-0.12275468	0.22659326
0.47299999	0.31486836	0.16175567
0.47399999	0.65240526	0.11783341
0.47499999	0.83882874	0.10085507
0.47599999	0.82772517	0.12137057
0.47699999	0.62198573	0.17651944
0.47799999	0.26054996	0.24080339
0.47899999	-0.20312500	0.30499509
0.47999999	-0.58286172	0.35171628
0.48099999	-0.82437253	0.37410802
0.48199999	-0.85611469	0.35946727
0.48299999	-0.67270547	0.30979329
0.48399999	-0.33409202	0.24858513
0.48499999	0.11078987	0.18500862
0.48599999	0.49809301	0.13259719
0.48699999	0.76983881	0.09925566
0.48799999	0.85719121	0.10187007
0.48899999	0.74704725	0.13942544
0.48999999	0.45635459	0.20094119
0.49099999	0.02965059	0.27789739
0.49199999	-0.38801059	0.33618355
0.49299999	-0.73668182	0.36703372
0.49399999	-0.87982899	0.36980191
0.49499999	-0.79687500	0.34378076
0.49599999	-0.52774358	0.29136935
0.49699999	-0.11008243	0.22047244
0.49799999	0.30358022	0.15911049
0.49899999	0.65157479	0.11611097
0.49999999	0.83461493	0.10457677
0.50099999	0.82431102	0.12638411
0.50199999	0.62127829	0.17292076
0.50299999	0.25750491	0.23711245
0.50399999	-0.16566192	0.30139640
0.50499999	-0.58698326	0.35654527
0.50599999	-0.82978594	0.37706077
0.50699999	-0.86005169	0.36008242
0.50799999	-0.68116385	0.31616017
0.50899999	-0.31735975	0.25132260
0.50999999	0.09676427	0.18719243
0.51099999	0.50046134	0.13327387
0.51199999	0.76479453	0.10706816
0.51299999	0.84891731	0.11251231
0.51399999	0.73908097	0.14751476
0.51499999	0.45343259	0.20687746
0.51599999	0.05105807	0.27103838
0.51699999	-0.40904897	0.33040109
0.51799999	-0.73086858	0.36555734
0.51899999	-0.86946356	0.37161663
0.51999999	-0.78980070	0.34233513
0.52099999	-0.50166094	0.28174213
0.52199999	-0.11374262	0.21758120
0.52299999	0.31720597	0.15944882
0.52399999	0.65163630	0.11860237
0.52499999	0.83867496	0.10100885
0.52599999	0.82757133	0.12137057
0.52699999	0.62121677	0.17651944
0.52799999	0.26288754	0.24080339
0.52899999	-0.19414370	0.30499509
0.52999999	-0.57391119	0.35171628
0.53099999	-0.82206571	0.37410802
0.53199999	-0.85685283	0.35946727
0.53299999	-0.67285925	0.30979329
0.53399999	-0.33424580	0.24843135
0.53499999	0.11002091	0.18423967
0.53599999	0.50039983	0.13475025
0.53699999	0.77882010	0.10749877
0.53799999	0.86601871	0.11318897
0.53899998	0.74858516	0.15074433
0.53999998	0.45789248	0.20918430
0.54099998	0.03847810	0.28005046
0.54199998	-0.37902927	0.33541462
0.54299998	-0.73437500	0.36687991
0.54399998	-0.88075173	0.36980191
0.54499998	-0.79779774	0.34378076
0.54599998	-0.52540600	0.29136935
0.54699998	-0.10110113	0.22047244
0.54799998	0.31268454	0.15911049
0.54899998	0.65468132	0.11611097
0.54999998	0.83153909	0.10457677
0.55099998	0.81517595	0.12638411
0.55199998	0.61226624	0.17307456
0.55299998	0.25519809	0.23788139
0.55399998	-0.16492371	0.29908955
0.55499998	-0.58682948	0.34756398
0.55599998	-0.82993972	0.36807948
0.55699998	-0.86082059	0.35777560
0.55799998	-0.67885703	0.31689838
0.55899998	-0.30837846	0.25147638
0.55999998	0.10556103	0.18719243
0.56099998	0.50199926	0.13327387
0.56199998	0.76636320	0.10706816
0.56299998	0.85774481	0.11251231
0.56399998	0.74806225	0.14751476
0.56499998	0.45577016	0.20687746
0.56599998	0.05028912	0.27103838
0.56699998	-0.40920275	0.33040109
0.56799998	-0.73071480	0.36555734
0.56899998	-0.86869460	0.37161663
0.56999998	-0.79213828	0.34233513
0.57099998	-0.51067299	0.28174213
0.57199998	-0.12275468	0.21758120
0.57299998	0.31486836	0.15944882
0.57399998	0.65240526	0.11860237
0.57499998	0.83882874	0.10100885
0.57599998	0.82772517	0.12137057
0.57699998	0.62198573	0.17651944
0.57799998	0.26070374	0.24080339
0.57899998	-0.20235606	0.30499509
0.57999998	-0.58519930	0.35153174
0.58099998	-0.83335382	0.37333909
0.58199998	-0.86509597	0.36180487
0.58299998	-0.67501229	0.31880537
0.58399998	-0.33332309	0.25744340
0.58499998	0.11094365	0.18654650
0.58599998	0.49809301	0.13398130
0.58699998	0.76983881	0.10734498
0.58799998	0.85719121	0.11318897
0.58899998	0.74704725	0.15074433
0.58999998	0.45635459	0.20903051
0.59099998	0.02965059	0.27928150
0.59199998	-0.38801059	0.33787525
0.59299998	-0.73668182	0.37666091
0.59399998	-0.87998277	0.37650713
0.59499998	-0.79764396	0.33710629
0.59599998	-0.52540600	0.28161910
0.59699998	-0.10110113	0.21801181
0.59799998	0.31253076	0.15987943
0.59899998	0.65391243	0.11626476
0.59999998	0.83399975	0.10442298
0.60099998	0.82492620	0.12561515
0.60199998	0.61912525	0.17525837
0.60299998	0.24932332	0.24612451
0.60399998	-0.17698081	0.31040847
0.60499998	-0.59830219	0.35885212
0.60599998	-0.83815205	0.37629184
0.60699998	-0.86297369	0.35992864
0.60799998	-0.67808807	0.31616017
0.60899998	-0.30822465	0.25132260
0.60999998	0.10556103	0.18719243
0.61099998	0.50199926	0.13327387
0.61199998	0.76636320	0.10706816
0.61299998	0.85774481	0.11251231
0.61399998	0.74806225	0.14751476
0.61499998	0.45577016	0.20687746
0.61599998	0.05028912	0.27103838
0.61699998	-0.40920275	0.33040109
0.61799998	-0.73071480	0.36540353
0.61899998	-0.86869460	0.37084767
0.61999998	-0.79213828	0.34464198
0.62099998	-0.51067299	0.29072341
0.62199998	-0.12275468	0.22643946
0.62299998	0.31486836	0.16101746
0.62399998	0.65240526	0.12014025
0.62499998	0.83882874	0.10983637
0.62599998	0.82757133	0.13035187
0.62699998	0.62121677	0.17882627
0.62799998	0.26304135	0.24003445
0.62899998	-0.19337475	0.30484128
0.62999998	-0.57621801	0.35153174
0.63099998	-0.83104700	0.37333909
0.63199998	-0.86586493	0.36180487
0.63299998	-0.67516607	0.31880537
0.63399998	-0.33332309	0.25744340
0.63499998	0.11094365	0.18654650
0.63599998	0.49824679	0.13398130
0.63699998	0.77060777	0.10734498
0.63799998	0.85473055	0.11334276
0.63899998	0.73732775	0.15151329
0.63999998	0.44952634	0.20684670
0.64099998	0.03555610	0.27106914
0.64199998	-0.37595350	0.32640254
0.64299998	-0.72523993	0.36457309
0.64399998	-0.87173969	0.37057087
0.64499998	-0.79546016	0.34393454
0.64599998	-0.52617496	0.29152313
0.64699998	-0.10125492	0.22124138
0.64799998	0.31253076	0.15680364
0.64899998	0.65391243	0.10712968
0.64999998	0.83384597	0.09556472
0.65099998	0.82415724	0.12404650
0.65199998	0.62143207	0.17368971
0.65299998	0.25827387	0.23726624
0.65399998	-0.16799951	0.30139640
0.65499998	-0.59599531	0.35654527
0.65599998	-0.83876723	0.37706077
0.65699998	-0.86235851	0.36008242
0.65799998	-0.68039495	0.31616017
0.65899998	-0.31720597	0.25132260
0.65999998	0.09661048	0.18719243
0.66099998	0.49969241	0.13327387
0.66199998	0.76710135	0.10706816
0.66299998	0.85789859	0.11251231
0.66399998	0.74806225	0.14751476
0.66499998	0.45577016	0.20687746
0.66599998	0.05044291	0.27103838
0.66699998	-0.40843379	0.33040109
0.66799998	-0.73302168	0.36555734
0.66899998	-0.87767595	0.37161663
0.66999998	-0.80108881	0.34248891
0.67099998	-0.51297981	0.28251109
0.67199998	-0.12183194	0.21527436
0.67299998	0.31579110	0.15043676
0.67399998	0.64994466	0.10959031
0.67499998	0.82904774	0.09870202
0.67599998	0.82105070	0.12213952
0.67699998	0.62862945	0.17667323
0.67799998	0.27030021	0.24080339
0.67899998	-0.20066437	0.30499509
0.67999998	-0.58363068	0.35153174
0.68099998	-0.82452631	0.37333909
0.68199998	-0.85596085	0.36180487
0.68299998	-0.67193651	0.31880537
0.68399998	-0.33639887	0.25744340
0.68499998	0.10183932	0.18654650
0.68599998	0.48911172	0.13413508
0.68699998	0.76753199	0.10811393
0.68799998	0.85796010	0.11103593
0.68899998	0.74720103	0.14250124
0.68999998	0.45620078	0.19786540
0.69099998	0.02888164	0.26873153
0.69199998	-0.38567299	0.32717150
0.69299998	-0.72770053	0.36472687
0.69399998	-0.87097073	0.37057087
0.69499998	-0.79530632	0.34393454
0.69599998	-0.52617496	0.29136935
0.69699998	-0.10125492	0.22047244
0.69799998	0.31253076	0.15911049
0.69899998	0.65391243	0.11611097
0.69999998	0.83399975	0.10457677
0.70099998	0.82492620	0.12638411
0.70199998	0.61912525	0.17292076
0.70299998	0.24932332	0.23711245
0.70399998	-0.17698081	0.30139640
0.70499998	-0.59830219	0.35654527
0.70599998	-0.83799827	0.37706077
0.70699998	-0.86220473	0.36008242
0.70799998	-0.68039495	0.31616017
0.70899998	-0.31720597	0.25132260
0.70999998	0.09661048	0.18719243
0.71099998	0.49969241	0.13327387
0.71199998	0.76710135	0.10706816
0.71299998	0.85789859	0.11251231
0.71399998	0.74806225	0.14751476
0.71499998	0.45577016	0.20687746
0.71599998	0.05028912	0.27103838
0.71699998	-0.40920275	0.33040109
0.71799998	-0.73071480	0.36540353
0.71899998	-0.86869460	0.37084767
0.71999998	-0.79213828	0.34464198
0.72099998	-0.51067299	0.29072341
0.72199998	-0.12275468	0.22659326
0.72299998	0.31486836	0.16175567
0.72399998	0.65240526	0.11783341
0.72499998	0.83882874	0.10085507
0.72599998	0.82772517	0.12137057
0.72699998	0.62198573	0.17651944
0.72799998	0.26054996	0.24080339
0.72899998	-0.20312500	0.30499509
0.72999998	-0.58286172	0.35153174
0.73099998	-0.82437253	0.37333909
0.73199998	-0.85611469	0.36180487
0.73299998	-0.67270547	0.31880537
0.73399998	-0.33409202	0.25744340
0.73499998	0.11078987	0.18654650
0.73599998	0.49809301	0.13398130
0.73699998	0.76983881	0.10734498
0.73799998	0.85719121	0.11318897
0.73899998	0.74704725	0.15074433
0.73999998	0.45635459	0.20918430
0.74099998	0.02965059	0.28005046
0.74199998	-0.38816437	0.33541462
0.74299998	-0.73745078	0.36687991
0.74399998	-0.87764519	0.36980191
0.74499998	-0.78863192	0.34378076
0.74599998	-0.51657850	0.29136935
0.74699998	-0.09953248	0.22047244
0.74799998	0.31425321	0.15911049
0.74899998	0.66347808	0.11611097
0.74999998	0.84048969	0.10457677
0.75099998	0.81748277	0.12638411
0.75199998	0.61168182	0.17292076
0.75299998	0.25581324	0.23711245
0.75399998	-0.16723056	0.30139640
0.75499998	-0.59581077	0.35654527
0.75599998	-0.83892101	0.37706077
0.75699998	-0.86312747	0.36008242
0.75799998	-0.67808807	0.31616017
0.75899998	-0.30822465	0.25132260
0.75999998	0.10571481	0.18719243
0.76099998	0.50276822	0.13327387
0.76199998	0.76402557	0.10706816
0.76299998	0.84876353	0.11251231
0.76399998	0.73908097	0.14751476
0.76499998	0.45343259	0.20687746
0.76599998	0.05105807	0.27103838
0.76699998	-0.40904897	0.33040109
0.76799998	-0.73086858	0.36555734
0.76899998	-0.86946356	0.37161663
0.76999998	-0.78980070	0.34248891
0.77099998	-0.50166094	0.28251109
0.77199998	-0.11374262	0.21527436
0.77299998	0.31720597	0.15043676
0.77399998	0.65163630	0.10959031
0.77499998	0.83867496	0.09870202
0.77599998	0.82757133	0.12198573
0.77699998	0.62121677	0.17590427
0.77799998	0.26304135	0.24311024
0.77899998	-0.19337475	0.31397638
0.77999998	-0.57621801	0.36054379
0.78099998	-0.83104700	0.37567666
0.78199998	-0.86586493	0.36103591
0.78299998	-0.67516607	0.31862080
0.78399998	-0.33332309	0.25744340
0.78499998	0.11094365	0.18654650
0.78599998	0.49809301	0.13398130
0.78699998	0.76983881	0.10734498
0.78799998	0.85719121	0.11318897
0.78899998	0.74704725	0.15074433
0.78999998	0.45635459	0.20918430
0.79099998	0.02965059	0.28005046
0.79199998	-0.38801059	0.33541462
0.79299998	-0.73668182	0.36687991
0.79399998	-0.87982899	0.36980191
0.79499998	-0.79687500	0.34378076
0.79599998	-0.52774358	0.29136935
0.79699998	-0.11008243	0.22047244
0.79799998	0.30358022	0.15911049
0.79899998	0.65157479	0.11611097
0.79999998	0.83461493	0.10457677
0.80099998	0.82431102	0.12638411
0.80199998	0.62143207	0.17292076
0.80299998	0.25827387	0.23711245
0.80399998	-0.16799951	0.30139640
0.80499998	-0.59599531	0.35654527
0.80599998	-0.83876723	0.37706077
0.80699998	-0.86235851	0.36008242
0.80799998	-0.68039495	0.31616017
0.80899998	-0.31720597	0.25132260
0.80999998	0.09661048	0.18719243
0.81099998	0.49969241	0.13327387
0.81199998	0.76710135	0.10706816
0.81299998	0.85789859	0.11251231
0.81399998	0.74806225	0.14751476
0.81499998	0.45577016	0.20687746
0.81599998	0.05028912	0.27103838
0.81699998	-0.40920275	0.33040109
0.81799998	-0.73071480	0.36540353
0.81899998	-0.86869460	0.37084767
0.81999998	-0.79213828	0.34479576
0.82099998	-0.51067299	0.29149237
0.82199998	-0.12275468	0.22428642
0.82299998	0.31486836	0.15277436
0.82399998	0.65240526	0.10882135
0.82499998	0.83882874	0.09854823
0.82599998	0.82772517	0.12213952
0.82699998	0.62198573	0.17667323
0.82799998	0.26054996	0.24080339
0.82899998	-0.20312500	0.30499509
0.82999998	-0.58286172	0.35153174
0.83099998	-0.82437253	0.37333909
0.83199998	-0.85611469	0.36180487
0.83299998	-0.67270547	0.31880537
0.83399998	-0.33409202	0.25744340
0.83499998	0.11078987	0.18654650
0.83599998	0.49824679	0.13398130
0.83699998	0.77060777	0.10734498
0.83799998	0.85488433	0.11318897
0.83899998	0.73806596	0.15074433
0.83999998	0.44737327	0.20918430
0.84099998	0.02734375	0.28005046
0.84199998	-0.38724163	0.33541462
0.84299998	-0.73652804	0.36687991
0.84399998	-0.87998277	0.36980191
0.84499998	-0.79764396	0.34378076
0.84599998	-0.52540600	0.29136935
0.84699998	-0.10110113	0.22047244
0.84799998	0.31253076	0.15895669
0.84899998	0.65391243	0.11537278
0.84999998	0.83384597	0.10688362
0.85099998	0.82415724	0.13536540
0.85199998	0.62127829	0.18193282
0.85299998	0.25750491	0.23945005
0.85399998	-0.16566192	0.30062747
0.85499998	-0.58698326	0.35639149
0.85599998	-0.82993972	0.37706077
0.85699998	-0.86082059	0.36008242
0.85799998	-0.67885703	0.31616017
0.85899998	-0.30837846	0.25132260
0.85999998	0.10556103	0.18719243
0.86099998	0.50199926	0.13327387
0.86199998	0.76636320	0.10706816
0.86299998	0.85774481	0.11251231
0.86399998	0.74806225	0.14751476
0.86499998	0.45577016	0.20687746
0.86599998	0.05028912	0.27103838
0.86699998	-0.40920275	0.33040109
0.86799998	-0.73071480	0.36540353
0.86899998	-0.86869460	0.37084767
0.86999998	-0.79213828	0.34464198
0.87099998	-0.51067299	0.29072341
0.87199998	-0.12275468	0.22659326
0.87299998	0.31486836	0.16175567
0.87399998	0.65225148	0.11783341
0.87499998	0.83805978	0.10085507
0.87599998	0.82990897	0.12137057
0.87699998	0.63019806	0.17651944
0.87799998	0.27183810	0.24080339
0.87899998	-0.19183686	0.30499509
0.87999998	-0.57468009	0.35153174
0.88099998	-0.82221949	0.37333909
0.88199998	-0.85685283	0.36180487
0.88299998	-0.67285925	0.31880537
0.88399998	-0.33409202	0.25744340
0.88499998	0.11078987	0.18654650
0.88599998	0.49809301	0.13398130
0.88699998	0.76983881	0.10734498
0.88799998	0.85719121	0.11334276
0.88899998	0.74704725	0.15151329
0.88999998	0.45635459	0.20684670
0.89099998	0.02965059	0.27106914
0.89199997	-0.38816437	0.32640254
0.89299997	-0.73745078	0.36457309
0.89399997	-0.87764519	0.37057087
0.89499997	-0.78863192	0.34393454
0.89599997	-0.51642472	0.29136935
0.89699997	-0.09879429	0.22047244
0.89799997	0.31176180	0.15911049
0.89899997	0.65375859	0.11611097
0.89999997	0.83384597	0.10442298
0.90099997	0.82415724	0.12561515
0.90199997	0.62143207	0.17525837
0.90299997	0.25827387	0.24612451
0.90399997	-0.16799951	0.31040847
0.90499997	-0.59599531	0.35885212
0.90599997	-0.83876723	0.37629184
0.90699997	-0.86235851	0.35992864
0.90799997	-0.68039495	0.31616017
0.90899997	-0.31720597	0.25132260
0.90999997	0.09661048	0.18719243
0.91099997	0.49969241	0.13327387
0.91199997	0.76710135	0.10706816
0.91299997	0.85789859	0.11251231
0.91399997	0.74806225	0.14751476
0.91499997	0.45577016	0.20687746
0.91599997	0.05028912	0.27103838
0.91699997	-0.40920275	0.33040109
0.91799997	-0.73086858	0.36540353
0.91899997	-0.86946356	0.37084767
0.91999997	-0.78980070	0.34464198
0.92099997	-0.50166094	0.29072341
0.92199997	-0.11374262	0.22659326
0.92299997	0.31720597	0.16175567
0.92399997	0.65163630	0.11783341
0.92499997	0.83867496	0.10085507
0.92599997	0.82772517	0.12137057
0.92699997	0.62198573	0.17651944
0.92799997	0.26054996	0.24080339
0.92899997	-0.20312500	0.30499509
0.92999997	-0.58286172	0.35153174
0.93099997	-0.82437253	0.37333909
0.93199997	-0.85611469	0.36180487
0.93299997	-0.67270547	0.31880537
0.93399997	-0.33409202	0.25744340
0.93499997	0.11078987	0.18654650
0.93599997	0.49809301	0.13398130
0.93699997	0.76983881	0.10734498
0.93799997	0.85719121	0.11334276
0.93899997	0.74704725	0.15151329
0.93999997	0.45635459	0.20684670
0.94099997	0.02965059	0.27106914
0.94199997	-0.38801059	0.32655635
0.94299997	-0.73668182	0.36534202
0.94399997	-0.87998277	0.36826402
0.94499997	-0.79764396	0.33495325
0.94599997	-0.52540600	0.28238803
0.94699997	-0.10110113	0.21816561
0.94799997	0.31253076	0.15987943
0.94899997	0.65391243	0.11626476
0.94999997	0.83384597	0.10442298
0.95099997	0.82415724	0.12561515
0.95199997	0.62127829	0.17525837
0.95299997	0.25750491	0.24612451
0.95399997	-0.16566192	0.31040847
0.95499997	-0.58698326	0.35885212
0.95599997	-0.82993972	0.37629184
0.95699997	-0.86082059	0.35992864
0.95799997	-0.67885703	0.31631398
0.95899997	-0.30837846	0.25209153
0.95999997	0.10571481	0.18485482
0.96099997	0.50276822	0.12429257
0.96199997	0.76402557	0.09808686
0.96299997	0.84876353	0.11020546
0.96399997	0.73923475	0.14828371
0.96499997	0.45420152	0.20703125
0.96599997	0.04872047	0.27103838
0.96699997	-0.41799951	0.33040109
0.96799997	-0.73984993	0.36540353
0.96899997	-0.87177044	0.37084767
0.96999997	-0.78903174	0.34464198
0.97099997	-0.50150716	0.29072341
0.97199997	-0.11374262	0.22659326
0.97299997	0.31720597	0.16175567
0.97399997	0.65163630	0.11783341
0.97499997	0.83867496	0.10085507
0.97599997	0.82772517	0.12137057
0.97699997	0.62198573	0.17651944
0.97799997	0.26054996	0.24080339
0.97899997	-0.20312500	0.30499509
0.97999997	-0.58286172	0.35153174
0.98099997	-0.82437253	0.37333909
0.98199997	-0.85611469	0.36180487
0.98299997	-0.67270547	0.31880537
0.98399997	-0.33409202	0.25744340
0.98499997	0.11078987	0.18654650
0.98599997	0.49809301	0.13413508
0.98699997	0.76983881	0.10811393
0.98799997	0.85719121	0.11103593
0.98899997	0.74704725	0.14250124
0.98999997	0.45635459	0.19786540
0.99099997	0.02965059	0.26873153
0.99199997	-0.38816437	0.32717150
0.99299997	-0.73745078	0.36472687
0.99399997	-0.87764519	0.37057087
0.99499997	-0.78863192	0.34393454
0.99599997	-0.51642472	0.29136935
0.99699997	-0.09879429	0.22047244
0.99799997	0.31176180	0.15911049
0.99899997	0.65375859	0.11611097
0.99999997	0.83384597	0.10457677
1.00099997	0.82415724	0.12638411
1.00199997	0.62143207	0.17292076
1.00299997	0.25827387	0.23711245
1.00399997	-0.16799951	0.30139640
1.00499997	-0.59599531	0.35654527
1.00599997	-0.83892101	0.37706077
1.00699997	-0.86312747	0.36008242
1.00799997	-0.67808807	0.31616017
1.00899997	-0.30822465	0.25132260
1.00999997	0.10556103	0.18719243
1.01099997	0.50199926	0.13327387
1.01199997	0.76636320	0.10706816
1.01299997	0.85774481	0.11251231
1.01399997	0.74806225	0.14751476
1.01499997	0.45577016	0.20687746
1.01599997	0.05028912	0.27103838
1.01699997	-0.40920275	0.33040109
1.01799997	-0.73071480	0.36555734
1.01899997	-0.86869460	0.37161663
1.01999997	-0.79213828	0.34233513
1.02099997	-0.51067299	0.28174213
1.02199997	-0.12275468	0.21758120
1.02299997	0.31486836	0.15944882
1.02399997	0.65240526	0.11860237
1.02499997	0.83882874	0.10100885
1.02599997	0.82772517	0.12137057
1.02699997	0.62198573	0.17651944
1.02799997	0.26054996	0.24080339
1.02899997	-0.20312500	0.30499509
1.02999997	-0.58286172	0.35153174
1.03099997	-0.82437253	0.37333909
1.03199997	-0.85611469	0.36180487
1.03299997	-0.67270547	0.31880537
1.03399997	-0.33409202	0.25744340
1.03499997	0.11078987	0.18654650
1.03599997	0.49809301	0.13398130
1.03699997	0.76983881	0.10734498
1.03799997	0.85719121	0.11318897
1.03899997	0.74704725	0.15074433
1.03999997	0.45635459	0.20903051
1.04099997	0.02965059	0.27928150
1.04199997	-0.38801059	0.33787525
1.04299997	-0.73668182	0.37666091
1.04399997	-0.87998277	0.37650713
1.04499997	-0.79764396	0.33710629
1.04599997	-0.52540600	0.28161910
1.04699997	-0.10110113	0.21801181
1.04799997	0.31253076	0.15987943
1.04899997	0.65391243	0.11626476
1.04999997	0.83384597	0.10457677
1.05099997	0.82415724	0.12638411
1.05199997	0.62143207	0.17292076
1.05299997	0.25827387	0.23711245
1.05399997	-0.16799951	0.30139640
1.05499997	-0.59599531	0.35654527
1.05599997	-0.83892101	0.37706077
1.05699997	-0.86312747	0.36008242
1.05799997	-0.67808807	0.31631398
1.05899997	-0.30822465	0.25209153
1.05999997	0.10571481	0.18485482
1.06099997	0.50276822	0.12429257
1.06199997	0.76402557	0.09808686
1.06299997	0.84876353	0.11020546
1.06399997	0.73908097	0.14828371
1.06499997	0.45343259	0.20703125
1.06599997	0.05105807	0.27103838
1.06699997	-0.40904897	0.33040109
1.06799997	-0.73086858	0.36555734
1.06899997	-0.86946356	0.37161663
1.06999997	-0.78980070	0.34233513
1.07099997	-0.50166094	0.28174213
1.07199997	-0.11374262	0.21758120
1.07299997	0.31720597	0.15944882
1.07399997	0.65163630	0.11860237
1.07499997	0.83867496	0.10100885
1.07599997	0.82772517	0.12137057
1.07699997	0.62198573	0.17651944
1.07799997	0.26070374	0.24080339
1.07899997	-0.20235606	0.30499509
1.07999997	-0.58519930	0.35153174
1.08099997	-0.83335382	0.37333909
1.08199997	-0.86509597	0.36180487
1.08299997	-0.67501229	0.31880537
1.08399997	-0.33332309	0.25744340
1.08499997	0.11094365	0.18654650
1.08599997	0.49809301	0.13398130
1.08699997	0.76983881	0.10734498
1.08799997	0.85719121	0.11334276
1.08899997	0.74704725	0.15151329
1.08999997	0.45635459	0.20684670
1.09099997	0.02965059	0.27106914
1.09199997	-0.38801059	0.32640254
1.09299997	-0.73668182	0.36457309
1.09399997	-0.87998277	0.37057087
1.09499997	-0.79764396	0.34393454
1.09599997	-0.52559054	0.29136935
1.09699997	-0.10187007	0.22047244
1.09799997	0.31486836	0.15911049
1.09899997	0.66286296	0.11611097
1.09999997	0.84298104	0.10442298
1.10099997	0.82726377	0.12561515
1.10199997	0.61820251	0.17541215
1.10299997	0.24840058	0.24689345
1.10399997	-0.17464320	0.30810162
1.10499997	-0.58929008	0.34990159
1.10599997	-0.82901698	0.36731052
1.10699997	-0.85989785	0.35762179
1.10799997	-0.68116385	0.31689838
1.10899997	-0.31735975	0.25147638
1.10999997	0.09661048	0.18719243
1.11099997	0.49969241	0.13327387
1.11199997	0.76710135	0.10706816
1.11299997	0.85789859	0.11251231
1.11399997	0.74806225	0.14751476
1.11499997	0.45577016	0.20687746
1.11599997	0.05028912	0.27103838
1.11699997	-0.40920275	0.33040109
1.11799997	-0.73086858	0.36555734
1.11899997	-0.86946356	0.37161663
1.11999997	-0.78980070	0.34248891
1.12099997	-0.50166094	0.28251109
1.12199997	-0.11374262	0.21527436
1.12299997	0.31720597	0.15043676
1.12399997	0.65163630	0.10959031
1.12499997	0.83867496	0.09870202
1.12599997	0.82757133	0.12213952
1.12699997	0.62121677	0.17667323
1.12799997	0.26304135	0.24080339
1.12899997	-0.19337475	0.30499509
1.12999997	-0.57621801	0.35153174
1.13099997	-0.83104700	0.37333909
1.13199997	-0.86586493	0.36180487
1.13299997	-0.67516607	0.31880537
1.13399997	-0.33332309	0.25744340
1.13499997	0.11094365	0.18654650
1.13599997	0.49824679	0.13398130
1.13699997	0.77060777	0.10734498
1.13799997	0.85488433	0.11318897
1.13899997	0.73806596	0.15074433
1.13999997	0.44721949	0.20903051
1.14099997	0.02657480	0.27928150
1.14199997	-0.38490403	0.33772147
1.14299997	-0.72754675	0.37589198
1.14399997	-0.87097073	0.37881398
1.14499997	-0.79530632	0.34608760
1.14599997	-0.52617496	0.29060039
1.14699997	-0.10125492	0.22031865
1.14799997	0.31268454	0.15911049
1.14899997	0.65468132	0.11611097
1.14999997	0.83153909	0.10457677
1.15099997	0.81517595	0.12638411
1.15199997	0.61242002	0.17292076
1.15299997	0.25596702	0.23711245
1.15399997	-0.16723056	0.30139640
1.15499997	-0.59581077	0.35654527
1.15599997	-0.83892101	0.37706077
1.15699997	-0.86312747	0.36008242
1.15799997	-0.67808807	0.31616017
1.15899997	-0.30822465	0.25132260
1.15999997	0.10556103	0.18719243
1.16099997	0.50199926	0.13327387
1.16199997	0.76620942	0.10706816
1.16299997	0.85697585	0.11251231
1.16399997	0.75052285	0.14751476
1.16499997	0.46548966	0.20687746
1.16599997	0.05693283	0.27103838
1.16699997	-0.41584647	0.33040109
1.16799997	-0.74061882	0.36555734
1.16899997	-0.87192422	0.37161663
1.16999997	-0.78903174	0.34248891
1.17099997	-0.50150716	0.28251109
1.17199997	-0.11374262	0.21527436
1.17299997	0.31720597	0.15043676
1.17399997	0.65163630	0.10959031
1.17499997	0.83867496	0.09870202
1.17599997	0.82772517	0.12213952
1.17699997	0.62198573	0.17667323
1.17799997	0.26070374	0.24080339
1.17899997	-0.20235606	0.30499509
1.17999997	-0.58519930	0.35153174
1.18099997	-0.83335382	0.37333909
1.18199997	-0.86509597	0.36180487
1.18299997	-0.67501229	0.31880537
1.18399997	-0.33332309	0.25744340
1.18499997	0.11094365	0.18654650
1.18599997	0.49809301	0.13398130
1.18699997	0.76983881	0.10734498
1.18799997	0.85719121	0.11334276
1.18899997	0.74704725	0.15151329
1.18999997	0.45635459	0.20684670
1.19099997	0.02965059	0.27106914
1.19199997	-0.38816437	0.32655635
1.19299997	-0.73745078	0.36534202
1.19399997	-0.87749135	0.36826402
1.19499997	-0.78786296	0.33495325
1.19599997	-0.51873153	0.28238803
1.19699997	-0.10774484	0.21816561
1.19799997	0.30281126	0.15987943
1.19899997	0.65142101	0.11626476
1.19999997	0.83461493	0.10442298
1.20099997	0.82431102	0.12561515
1.20199997	0.62143207	0.17525837
1.20299997	0.25827387	0.24612451
1.20399997	-0.16799951	0.31040847
1.20499997	-0.59599531	0.35885212
1.20599997	-0.83876723	0.37629184
1.20699997	-0.86235851	0.35992864
1.20799997	-0.68039495	0.31616017
1.20899997	-0.31720597	0.25132260
1.20999997	0.09661048	0.18719243
1.21099997	0.49969241	0.13327387
1.21199997	0.76710135	0.10706816
1.21299997	0.85789859	0.11251231
1.21399997	0.74806225	0.14751476
1.21499997	0.45577016	0.20687746
1.21599997	0.05028912	0.27103838
1.21699997	-0.40920275	0.33040109
1.21799997	-0.73071480	0.36555734
1.21899997	-0.86869460	0.37161663
1.21999997	-0.79213828	0.34233513
1.22099997	-0.51067299	0.28174213
1.22199997	-0.12275468	0.21758120
1.22299997	0.31486836	0.15944882
1.22399997	0.65240526	0.11860237
1.22499997	0.83882874	0.10100885
1.22599997	0.82772517	0.12137057
1.22699997	0.62198573	0.17651944
1.22799997	0.26070374	0.24080339
1.22899997	-0.20235606	0.30499509
1.22999997	-0.58519930	0.35171628
1.23099997	-0.83335382	0.37410802
1.23199997	-0.86509597	0.35946727
1.23299997	-0.67501229	0.30979329
1.23399997	-0.33332309	0.24843135
1.23499997	0.11094365	0.18423967
1.23599997	0.49809301	0.13475025
1.23699997	0.76983881	0.10749877
1.23799997	0.85719121	0.11334276
1.23899997	0.74704725	0.15151329
1.23999997	0.45620078	0.20684670
1.24099997	0.02888164	0.27106914
1.24199997	-0.38567299	0.32655635
1.24299997	-0.72770053	0.36534202
1.24399997	-0.87097073	0.36826402
1.24499997	-0.79530632	0.33495325
1.24599996	-0.52617496	0.28238803
1.24699996	-0.10125492	0.21816561
1.24799996	0.31253076	0.15987943
1.24899996	0.65391243	0.11626476
1.24999996	0.83384597	0.10457677
1.25099996	0.82415724	0.12638411
1.25199996	0.62143207	0.17292076
1.25299996	0.25827387	0.23711245
1.25399996	-0.16799951	0.30139640
1.25499996	-0.59599531	0.35654527
1.25599996	-0.83892101	0.37706077
1.25699996	-0.86312747	0.36008242
1.25799996	-0.67808807	0.31616017
1.25899996	-0.30822465	0.25132260
1.25999996	0.10571481	0.18719243
1.26099996	0.50276822	0.13327387
1.26199996	0.76402557	0.10706816
1.26299996	0.84876353	0.11251231
1.26399996	0.73908097	0.14751476
1.26499996	0.45343259	0.20687746
1.26599996	0.05105807	0.27103838
1.26699996	-0.40904897	0.33040109
1.26799996	-0.73071480	0.36540353
1.26899996	-0.86869460	0.37084767
1.26999996	-0.79213828	0.34479576
1.27099996	-0.51067299	0.29149237
1.27199996	-0.12275468	0.22428642
1.27299996	0.31486836	0.15277436
1.27399996	0.65240526	0.10882135
1.27499996	0.83882874	0.09854823
1.27599996	0.82772517	0.12213952
1.27699996	0.62198573	0.17667323
1.27799996	0.26070374	0.24080339
1.27899996	-0.20235606	0.30499509
1.27999996	-0.58519930	0.35171628
1.28099996	-0.83335382	0.37410802
1.28199996	-0.86509597	0.35946727
1.28299996	-0.67501229	0.30979329
1.28399996	-0.33332309	0.24843135
1.28499996	0.11094365	0.18423967
1.28599996	0.49809301	0.13475025
1.28699996	0.76983881	0.10749877
1.28799996	0.85719121	0.11334276
1.28899996	0.74704725	0.15151329
1.28999996	0.45635459	0.20684670
1.29099996	0.02965059	0.27106914
1.29199996	-0.38801059	0.32655635
1.29299996	-0.73668182	0.36534202
1.29399996	-0.87982899	0.36826402
1.29499996	-0.79687500	0.33495325
1.29599996	-0.52774358	0.28238803
1.29699996	-0.11008243	0.21816561
1.29799996	0.30358022	0.15987943
1.29899996	0.65157479	0.11626476
1.29999996	0.83476871	0.10442298
1.30099996	0.82507998	0.12561515
1.30199996	0.61912525	0.17525837
1.30299996	0.24932332	0.24612451
1.30399996	-0.17698081	0.31040847
1.30499996	-0.59830219	0.35885212
1.30599996	-0.83799827	0.37629184
1.30699996	-0.86220473	0.35992864
1.30799996	-0.68039495	0.31616017
1.30899996	-0.31720597	0.25132260
1.30999996	0.09661048	0.18719243
1.31099996	0.49969241	0.13327387
1.31199996	0.76710135	0.10706816
1.31299996	0.85789859	0.11251231
1.31399996	0.74821603	0.14751476
1.31499996	0.45650837	0.20687746
1.31599996	0.04798228	0.27103838
1.31699996	-0.41815329	0.33040109
1.31799996	-0.73969609	0.36555734
1.31899996	-0.87100148	0.37161663
1.31999996	-0.79136932	0.34248891
1.32099996	-0.51048845	0.28251109
1.32199996	-0.12275468	0.21527436
1.32299996	0.31486836	0.15043676
1.32399996	0.65240526	0.10959031
1.32499996	0.83882874	0.09870202
1.32599996	0.82772517	0.12213952
1.32699996	0.62198573	0.17667323
1.32799996	0.26054996	0.24080339
1.32899996	-0.20312500	0.30499509
1.32999996	-0.58286172	0.35153174
1.33099996	-0.82437253	0.37333909
1.33199996	-0.85611469	0.36180487
1.33299996	-0.67270547	0.31880537
1.33399996	-0.33409202	0.25744340
1.33499996	0.11078987	0.18654650
1.33599996	0.49809301	0.13398130
1.33699996	0.76983881	0.10734498
1.33799996	0.85719121	0.11318897
1.33899996	0.74704725	0.15074433
1.33999996	0.45620078	0.20918430
1.34099996	0.02888164	0.28005046
1.34199996	-0.38567299	0.33541462
1.34299996	-0.72770053	0.36687991
1.34399996	-0.87097073	0.36980191
1.34499996	-0.79530632	0.34378076
1.34599996	-0.52632874	0.29136935
1.34699996	-0.10202387	0.22047244
1.34799996	0.31486836	0.15895669
1.34899996	0.66286296	0.11537278
1.34999996	0.84282726	0.10672982
1.35099996	0.82649481	0.13459645
1.35199996	0.62050933	0.18423967
1.35299996	0.25735113	0.24843135
1.35399996	-0.16566192	0.30963951
1.35499996	-0.58698326	0.35869834
1.35599996	-0.82993972	0.37629184
1.35699996	-0.86082059	0.35992864
1.35799996	-0.67885703	0.31616017
1.35899996	-0.30837846	0.25132260
1.35999996	0.10571481	0.18719243
1.36099996	0.50276822	0.13327387
1.36199996	0.76402557	0.10706816
1.36299996	0.84876353	0.11251231
1.36399996	0.73908097	0.14751476
1.36499996	0.45343259	0.20687746
1.36599996	0.05105807	0.27103838
1.36699996	-0.40904897	0.33040109
1.36799996	-0.73086858	0.36555734
1.36899996	-0.86946356	0.37161663
1.36999996	-0.78980070	0.34233513
1.37099996	-0.50166094	0.28174213
1.37199996	-0.11374262	0.21758120
1.37299996	0.31720597	0.15944882
1.37399996	0.65163630	0.11860237
1.37499996	0.83867496	0.10100885
1.37599996	0.82772517	0.12137057
1.37699996	0.62198573	0.17651944
1.37799996	0.26070374	0.24080339
1.37899996	-0.20235606	0.30499509
1.37999996	-0.58535308	0.35171628
1.38099996	-0.83412278	0.37410802
1.38199996	-0.86278909	0.35946727
1.38299996	-0.66603100	0.30979329
1.38399996	-0.32434177	0.24843135
1.38499996	0.11328125	0.18423967
1.38599996	0.49732405	0.13475025
1.38699996	0.76968503	0.10749877
1.38799996	0.85719121	0.11318897
1.38899996	0.74704725	0.15074433
1.38999996	0.45635459	0.20918430
1.39099996	0.02965059	0.28005046
1.39199996	-0.38816437	0.33556840
1.39299996	-0.73745078	0.36764887
1.39399996	-0.87749135	0.36749509
1.39499996	-0.78786296	0.33479947
1.39599996	-0.51888531	0.28238803
1.39699996	-0.10851378	0.21816561
1.39799996	0.30511811	0.15987943
1.39899996	0.66040230	0.11626476
1.39999996	0.84359622	0.10442298
1.40099996	0.82664859	0.12561515
1.40199996	0.62066317	0.17541215
1.40299996	0.25812009	0.24689345
1.40399996	-0.16799951	0.30810162
1.40499996	-0.59599531	0.34990159
1.40599996	-0.83876723	0.36731052
1.40699996	-0.86235851	0.35762179
1.40799996	-0.68039495	0.31689838
1.40899996	-0.31720597	0.25147638
1.40999996	0.09661048	0.18719243
1.41099996	0.49969241	0.13327387
1.41199996	0.76710135	0.10706816
1.41299996	0.85789859	0.11251231
1.41399996	0.74821603	0.14751476
1.41499996	0.45650837	0.20687746
1.41599996	0.04798228	0.27103838
1.41699996	-0.41815329	0.33040109
1.41799996	-0.73984993	0.36540353
1.41899996	-0.87177044	0.37084767
1.41999996	-0.78903174	0.34464198
1.42099996	-0.50150716	0.29072341
1.42199996	-0.11374262	0.22659326
1.42299996	0.31720597	0.16175567
1.42399996	0.65163630	0.11783341
1.42499996	0.83867496	0.10085507
1.42599996	0.82757133	0.12137057
1.42699996	0.62121677	0.17651944
1.42799996	0.26304135	0.24080339
1.42899996	-0.19337475	0.30499509
1.42999996	-0.57621801	0.35153174
1.43099996	-0.83104700	0.37333909
1.43199996	-0.86586493	0.36180487
1.43299996	-0.67516607	0.31880537
1.43399996	-0.33332309	0.25744340
1.43499996	0.11094365	0.18654650
1.43599996	0.49809301	0.13398130
1.43699996	0.76983881	0.10734498
1.43799996	0.85719121	0.11334276
1.43899996	0.74704725	0.15151329
1.43999996	0.45635459	0.20684670
1.44099996	0.02965059	0.27106914
1.44199996	-0.38801059	0.32640254
1.44299996	-0.73668182	0.36457309
1.44399996	-0.87998277	0.37057087
1.44499996	-0.79764396	0.34393454
1.44599996	-0.52559054	0.29136935
1.44699996	-0.10187007	0.22047244
1.44799996	0.31486836	0.15911049
1.44899996	0.66286296	0.11611097
1.44999996	0.84282726	0.10457677
1.45099996	0.82649481	0.12638411
1.45199996	0.62066317	0.17292076
1.45299996	0.25812009	0.23711245
1.45399996	-0.16799951	0.30139640
1.45499996	-0.59599531	0.35654527
1.45599996	-0.83892101	0.37706077
1.45699996	-0.86312747	0.36008242
1.45799996	-0.67808807	0.31616017
1.45899996	-0.30822465	0.25132260
1.45999996	0.10571481	0.18719243
1.46099996	0.50276822	0.13327387
1.46199996	0.76402557	0.10706816
1.46299996	0.84876353	0.11251231
1.46399996	0.73908097	0.14751476
1.46499996	0.45343259	0.20687746
1.46599996	0.05121186	0.27103838
1.46699996	-0.40828001	0.33040109
1.46799996	-0.73317546	0.36555734
1.46899996	-0.87844485	0.37161663
1.46999996	-0.79878199	0.34248891
1.47099996	-0.50396776	0.28251109
1.47199996	-0.11297367	0.21527436
1.47299996	0.31735975	0.15043676
1.47399996	0.65148252	0.10959031
1.47499996	0.83790600	0.09870202
1.47599996	0.83006275	0.12198573
1.47699996	0.63093626	0.17590427
1.47799996	0.26968503	0.24311024
1.47899996	-0.20004921	0.31397638
1.47999996	-0.58596826	0.36054379
1.48099996	-0.83350760	0.37567666
1.48199996	-0.86509597	0.36103591
1.48299996	-0.67501229	0.31862080
1.48399996	-0.33332309	0.25744340
1.48499996	0.11094365	0.18654650
1.48599996	0.49809301	0.13398130
1.48699996	0.76983881	0.10734498
1.48799996	0.85719121	0.11318897
1.48899996	0.74704725	0.15074433
1.48999996	0.45635459	0.20918430
1.49099996	0.02965059	0.28005046
1.49199996	-0.38816437	0.33541462
1.49299996	-0.73745078	0.36687991
1.49399996	-0.87764519	0.36980191
1.49499996	-0.78863192	0.34378076
1.49599996	-0.51642472	0.29136935
1.49699996	-0.09879429	0.22047244
1.49799996	0.31176180	0.15911049
1.49899996	0.65375859	0.11611097
1.49999996	0.83384597	0.10442298
1.50099996	0.82415724	0.12561515
1.50199996	0.62143207	0.17525837
1.50299996	0.25827387	0.24612451
1.50399996	-0.16799951	0.31040847
1.50499996	-0.59599531	0.35885212
1.50599996	-0.83876723	0.37629184
1.50699996	-0.86235851	0.35992864
1.50799996	-0.68039495	0.31616017
1.50899996	-0.31720597	0.25132260
1.50999996	0.09661048	0.18719243
1.51099996	0.49969241	0.13327387
1.51199996	0.76710135	0.10706816
1.51299996	0.85789859	0.11251231
1.51399996	0.74806225	0.14736098
1.51499996	0.45577016	0.20610851
1.51599996	0.05028912	0.27334523
1.51699996	-0.40920275	0.33938238
1.51799996	-0.73071480	0.37453863
1.51899996	-0.86869460	0.37395424
1.51999996	-0.79213828	0.34156618
1.52099996	-0.51067299	0.28158835
1.52199996	-0.12275468	0.21758120
1.52299996	0.31486836	0.15944882
1.52399996	0.65240526	0.11860237
1.52499996	0.83882874	0.10100885
1.52599996	0.82772517	0.12137057
1.52699996	0.62198573	0.17651944
1.52799996	0.26054996	0.24080339
1.52899996	-0.20312500	0.30499509
1.52999996	-0.58286172	0.35153174
1.53099996	-0.82437253	0.37333909
1.53199996	-0.85611469	0.36180487
1.53299996	-0.67270547	0.31880537
1.53399996	-0.33409202	0.25744340
1.53499996	0.11078987	0.18654650
1.53599996	0.49824679	0.13398130
1.53699996	0.77060777	0.10734498
1.53799996	0.85488433	0.11334276
1.53899996	0.73806596	0.15151329
1.53999996	0.44721949	0.20669292
1.54099996	0.02657480	0.27030021
1.54199996	-0.38490403	0.32874015
1.54299996	-0.72754675	0.37355438
1.54399996	-0.87097073	0.37958291
1.54499996	-0.79530632	0.34624138
1.54599996	-0.52617496	0.29060039
1.54699996	-0.10125492	0.22031865
1.54799996	0.31253076	0.15911049
1.54899996	0.65391243	0.11611097
1.54999996	0.83384597	0.10442298
1.55099996	0.82415724	0.12561515
1.55199996	0.62127829	0.17525837
1.55299996	0.25750491	0.24612451
1.55399996	-0.16566192	0.31040847
1.55499996	-0.58698326	0.35885212
1.55599996	-0.82978594	0.37629184
1.55699996	-0.86005169	0.35992864
1.55799996	-0.68116385	0.31616017
1.55899996	-0.31735975	0.25132260
1.55999996	0.09661048	0.18719243
1.56099996	0.49969241	0.13327387
1.56199996	0.76710135	0.10706816
1.56299996	0.85789859	0.11251231
1.56399996	0.74821603	0.14751476
1.56499996	0.45650837	0.20687746
1.56599996	0.04798228	0.27103838
1.56699996	-0.41815329	0.33040109
1.56799996	-0.73984993	0.36540353
1.56899996	-0.87177044	0.37084767
1.56999996	-0.78903174	0.34479576
1.57099996	-0.50150716	0.29149237
1.57199996	-0.11374262	0.22428642
1.57299996	0.31720597	0.15277436
1.57399996	0.65163630	0.10882135
1.57499996	0.83867496	0.09854823
1.57599996	0.82772517	0.12213952
1.57699996	0.62198573	0.17667323
1.57799996	0.26070374	0.24080339
1.57899996	-0.20235606	0.30499509
1.57999996	-0.58519930	0.35153174
1.58099996	-0.83335382	0.37333909
1.58199996	-0.86509597	0.36180487
1.58299996	-0.67501229	0.31880537
1.58399996	-0.33332309	0.25744340
1.58499996	0.11094365	0.18654650
1.58599996	0.49809301	0.13398130
1.58699996	0.76983881	0.10734498
1.58799996	0.85719121	0.11318897
1.58899996	0.74704725	0.15074433
1.58999996	0.45635459	0.20918430
1.59099996	0.02965059	0.28005046
1.59199996	-0.38816437	0.33556840
1.59299996	-0.73745078	0.36764887
1.59399996	-0.87749135	0.36749509
1.59499996	-0.78786296	0.33479947
1.59599996	-0.51873153	0.28238803
1.59699996	-0.10774484	0.21816561
1.59799996	0.30281126	0.15987943
1.59899995	0.65142101	0.11626476
1.59999995	0.83461493	0.10457677
1.60099995	0.82431102	0.12638411
1.60199995	0.62143207	0.17292076
1.60299995	0.25827387	0.23711245
1.60399995	-0.16799951	0.30139640
1.60499995	-0.59599531	0.35654527
1.60599995	-0.83892101	0.37706077
1.60699995	-0.86312747	0.36008242
1.60799995	-0.67808807	0.31616017
1.60899995	-0.30822465	0.25132260
1.60999995	0.10556103	0.18719243
1.61099995	0.50199926	0.13327387
1.61199995	0.76636320	0.10706816
1.61299995	0.85774481	0.11251231
1.61399995	0.74806225	0.14751476
1.61499995	0.45577016	0.20687746
1.61599995	0.05028912	0.27103838
1.61699995	-0.40920275	0.33040109
1.61799995	-0.73071480	0.36555734
1.61899995	-0.86869460	0.37161663
1.61999995	-0.79213828	0.34233513
1.62099995	-0.51067299	0.28174213
1.62199995	-0.12275468	0.21742742
1.62299995	0.31486836	0.15867987
1.62399995	0.65255904	0.12090920
1.62499995	0.83959770	0.10999016
1.62599995	0.82541829	0.13035187
1.62699995	0.61297369	0.17882627
1.62799995	0.25172243	0.24003445
1.62899995	-0.20466289	0.30484128
1.62999995	-0.58443034	0.35153174
1.63099995	-0.83320004	0.37333909
1.63199995	-0.86509597	0.36180487
1.63299995	-0.67501229	0.31880537
1.63399995	-0.33332309	0.25744340
1.63499995	0.11094365	0.18654650
1.63599995	0.49824679	0.13398130
1.63699995	0.77060777	0.10734498
1.63799995	0.85488433	0.11334276
1.63899995	0.73806596	0.15151329
1.63999995	0.44721949	0.20684670
1.64099995	0.02657480	0.27106914
1.64199995	-0.38490403	0.32655635
1.64299995	-0.72754675	0.36534202
1.64399995	-0.87097073	0.36826402
1.64499995	-0.79530632	0.33495325
1.64599995	-0.52617496	0.28238803
1.64699995	-0.10125492	0.21816561
1.64799995	0.31253076	0.15987943
1.64899995	0.65391243	0.11626476
1.64999995	0.83384597	0.10457677
1.65099995	0.82415724	0.12638411
1.65199995	0.62143207	0.17292076
1.65299995	0.25827387	0.23711245
1.65399995	-0.16799951	0.30139640
1.65499995	-0.59599531	0.35654527
1.65599995	-0.83892101	0.37706077
1.65699995	-0.86312747	0.36008242
1.65799995	-0.67808807	0.31616017
1.65899995	-0.30822465	0.25132260
1.65999995	0.10571481	0.18719243
1.66099995	0.50276822	0.13327387
1.66199995	0.76402557	0.10706816
1.66299995	0.84876353	0.11251231
1.66399995	0.73908097	0.14736098
1.66499995	0.45343259	0.20610851
1.66599995	0.05121186	0.27334523
1.66699995	-0.40828001	0.33938238
1.66799995	-0.73317546	0.37438485
1.66899995	-0.87844485	0.37318528
1.66999995	-0.79878199	0.34387302
1.67099995	-0.50396776	0.29056963
1.67199995	-0.11281988	0.22643946
1.67299995	0.31812868	0.16101746
1.67399995	0.64932948	0.12014025
1.67499995	0.82966292	0.10983637
1.67599995	0.81874382	0.13035187
1.67699995	0.61964810	0.17882627
1.67799995	0.26147267	0.24003445
1.67899995	-0.20220226	0.30484128
1.67999995	-0.58535308	0.35171628
1.68099995	-0.83412278	0.37410802
1.68199995	-0.86263531	0.35946727
1.68299995	-0.66526204	0.30979329
1.68399995	-0.32664862	0.24843135
1.68499995	0.10429995	0.18423967
1.68599995	0.48834276	0.13475025
1.68699995	0.76737821	0.10749877
1.68799995	0.85796010	0.11334276
1.68899995	0.74720103	0.15151329
1.68999995	0.45635459	0.20669292
1.69099995	0.02965059	0.27030021
1.69199995	-0.38816437	0.32889396
1.69299995	-0.73745078	0.37432334
1.69399995	-0.87764519	0.37727609
1.69499995	-0.78863192	0.33726010
1.69599995	-0.51657850	0.28161910
1.69699995	-0.09953248	0.21801181
1.69799995	0.31409940	0.15987943
1.69899995	0.66270918	0.11626476
1.69999995	0.84282726	0.10442298
1.70099995	0.82649481	0.12561515
1.70199995	0.62066317	0.17525837
1.70299995	0.25812009	0.24612451
1.70399995	-0.16799951	0.31040847
1.70499995	-0.59599531	0.35885212
1.70599995	-0.83876723	0.37629184
1.70699995	-0.86235851	0.35992864
1.70799995	-0.68039495	0.31616017
1.70899995	-0.31720597	0.25132260
1.70999995	0.09661048	0.18719243
1.71099995	0.49969241	0.13327387
1.71199995	0.76710135	0.10691437
1.71299995	0.85789859	0.11174335
1.71399995	0.74806225	0.14985237
1.71499995	0.45577016	0.21588951
1.71599995	0.05028912	0.28001967
1.71699995	-0.40920275	0.33270791
1.71799995	-0.73086858	0.36463460
1.71899995	-0.86946356	0.37069389
1.71999995	-0.78995448	0.34464198
1.72099995	-0.50242984	0.29072341
1.72199995	-0.11143578	0.22659326
1.72299995	0.32615650	0.16175567
1.72399995	0.66061759	0.11783341
1.72499995	0.84098178	0.10085507
1.72599995	0.82698697	0.12152436
1.72699995	0.62183195	0.17728838
1.72799995	0.26054996	0.23846580
1.72899995	-0.20312500	0.29598302
1.72999995	-0.58286172	0.34255046
1.73099995	-0.82437253	0.37103224
1.73199995	-0.85611469	0.36254305
1.73299995	-0.67270547	0.31895915
1.73399995	-0.33409202	0.25744340
1.73499995	0.11078987	0.18654650
1.73599995	0.49809301	0.13398130
1.73699995	0.76983881	0.10734498
1.73799995	0.85719121	0.11318897
1.73899995	0.74704725	0.15074433
1.73999995	0.45635459	0.20918430
1.74099995	0.02965059	0.28005046
1.74199995	-0.38801059	0.33541462
1.74299995	-0.73668182	0.36687991
1.74399995	-0.87998277	0.36980191
1.74499995	-0.79764396	0.34378076
1.74599995	-0.52540600	0.29136935
1.74699995	-0.10110113	0.22047244
1.74799995	0.31268454	0.15911049
1.74899995	0.65468132	0.11611097
1.74999995	0.83153909	0.10442298
1.75099995	0.81517595	0.12561515
1.75199995	0.61226624	0.17525837
1.75299995	0.25519809	0.24612451
1.75399995	-0.16492371	0.31040847
1.75499995	-0.58682948	0.35885212
1.75599995	-0.82993972	0.37629184
1.75699995	-0.86082059	0.35992864
1.75799995	-0.67885703	0.31616017
1.75899995	-0.30837846	0.25132260
1.75999995	0.10556103	0.18719243
1.76099995	0.50199926	0.13327387
1.76199995	0.76636320	0.10706816
1.76299995	0.85774481	0.11251231
1.76399995	0.74806225	0.14736098
1.76499995	0.45577016	0.20610851
1.76599995	0.05028912	0.27334523
1.76699995	-0.40920275	0.33938238
1.76799995	-0.73086858	0.37453863
1.76899995	-0.86946356	0.37395424
1.76999995	-0.78980070	0.34156618
1.77099995	-0.50166094	0.28158835
1.77199995	-0.11374262	0.21758120
1.77299995	0.31720597	0.15944882
1.77399995	0.65163630	0.11860237
1.77499995	0.83867496	0.10100885
1.77599995	0.82772517	0.12137057
1.77699995	0.62198573	0.17651944
1.77799995	0.26070374	0.24080339
1.77899995	-0.20235606	0.30499509
1.77999995	-0.58519930	0.35153174
1.78099995	-0.83335382	0.37333909
1.78199995	-0.86509597	0.36180487
1.78299995	-0.67501229	0.31880537
1.78399995	-0.33332309	0.25744340
1.78499995	0.11094365	0.18654650
1.78599995	0.49809301	0.13398130
1.78699995	0.76983881	0.10734498
1.78799995	0.85719121	0.11318897
1.78899995	0.74704725	0.15074433
1.78999995	0.45635459	0.20918430
1.79099995	0.02965059	0.28005046
1.79199995	-0.38816437	0.33541462
1.79299995	-0.73745078	0.36687991
1.79399995	-0.87764519	0.36980191
1.79499995	-0.78863192	0.34378076
1.79599995	-0.51657850	0.29136935
1.79699995	-0.09953248	0.22047244
1.79799995	0.31409940	0.15911049
1.79899995	0.66270918	0.11611097
1.79999995	0.84282726	0.10442298
1.80099995	0.82649481	0.12561515
1.80199995	0.62050933	0.17541215
1.80299995	0.25735113	0.24689345
1.80399995	-0.16566192	0.30810162
1.80499995	-0.58698326	0.34990159
1.80599995	-0.82993972	0.36731052
1.80699995	-0.86082059	0.35762179
1.80799995	-0.67885703	0.31689838
1.80899995	-0.30837846	0.25147638
1.80999995	0.10556103	0.18719243
1.81099995	0.50199926	0.13327387
1.81199995	0.76636320	0.10706816
1.81299995	0.85774481	0.11251231
1.81399995	0.74806225	0.14751476
1.81499995	0.45577016	0.20687746
1.81599995	0.05028912	0.27103838
1.81699995	-0.40920275	0.33040109
1.81799995	-0.73071480	0.36555734
1.81899995	-0.86869460	0.37161663
1.81999995	-0.79213828	0.34233513
1.82099995	-0.51067299	0.28174213
1.82199995	-0.12275468	0.21758120
1.82299995	0.31486836	0.15944882
1.82399995	0.65240526	0.11860237
1.82499995	0.83882874	0.10100885
1.82599995	0.82772517	0.12137057
1.82699995	0.62198573	0.17651944
1.82799995	0.26070374	0.24080339
1.82899995	-0.20235606	0.30499509
1.82999995	-0.58535308	0.35153174
1.83099995	-0.83412278	0.37333909
1.83199995	-0.86278909	0.36180487
1.83299995	-0.66603100	0.31880537
1.83399995	-0.32434177	0.25744340
1.83499995	0.11328125	0.18654650
1.83599995	0.49732405	0.13398130
1.83699995	0.76968503	0.10734498
1.83799995	0.85719121	0.11334276
1.83899995	0.74704725	0.15151329
1.83999995	0.45635459	0.20684670
1.84099995	0.02965059	0.27106914
1.84199995	-0.38801059	0.32640254
1.84299995	-0.73668182	0.36457309
1.84399995	-0.87998277	0.37057087
1.84499995	-0.79764396	0.34393454
1.84599995	-0.52540600	0.29136935
1.84699995	-0.10110113	0.22047244
1.84799995	0.31253076	0.15911049
1.84899995	0.65391243	0.11611097
1.84999995	0.83384597	0.10442298
1.85099995	0.82415724	0.12561515
1.85199995	0.62143207	0.17525837
1.85299995	0.25827387	0.24612451
1.85399995	-0.16799951	0.31040847
1.85499995	-0.59599531	0.35885212
1.85599995	-0.83892101	0.37629184
1.85699995	-0.86312747	0.35992864
1.85799995	-0.67808807	0.31616017
1.85899995	-0.30822465	0.25132260
1.85999995	0.10556103	0.18719243
1.86099995	0.50199926	0.13327387
1.86199995	0.76636320	0.10706816
1.86299995	0.85774481	0.11251231
1.86399995	0.74806225	0.14751476
1.86499995	0.45577016	0.20687746
1.86599995	0.05044291	0.27103838
1.86699995	-0.40843379	0.33040109
1.86799995	-0.73317546	0.36555734
1.86899995	-0.87844485	0.37161663
1.86999995	-0.79878199	0.34233513
1.87099995	-0.50396776	0.28174213
1.87199995	-0.11281988	0.21758120
1.87299995	0.31812868	0.15944882
1.87399995	0.64932948	0.11860237
1.87499995	0.82966292	0.10100885
1.87599995	0.81874382	0.12137057
1.87699995	0.61964810	0.17651944
1.87799995	0.26147267	0.24080339
1.87899995	-0.20220226	0.30499509
1.87999995	-0.58519930	0.35171628
1.88099995	-0.83335382	0.37410802
1.88199995	-0.86509597	0.35946727
1.88299995	-0.67501229	0.30979329
1.88399995	-0.33332309	0.24843135
1.88499995	0.11094365	0.18423967
1.88599995	0.49809301	0.13475025
1.88699995	0.76983881	0.10749877
1.88799995	0.85719121	0.11318897
1.88899995	0.74704725	0.15074433
1.88999995	0.45635459	0.20918430
1.89099995	0.02965059	0.28005046
1.89199995	-0.38801059	0.33541462
1.89299995	-0.73668182	0.36687991
1.89399995	-0.87998277	0.36980191
1.89499995	-0.79764396	0.34378076
1.89599995	-0.52540600	0.29136935
1.89699995	-0.10110113	0.22047244
1.89799995	0.31253076	0.15911049
1.89899995	0.65391243	0.11611097
1.89999995	0.83384597	0.10457677
1.90099995	0.82415724	0.12638411
1.90199995	0.62143207	0.17292076
1.90299995	0.25827387	0.23711245
1.90399995	-0.16799951	0.30139640
1.90499995	-0.59599531	0.35654527
1.90599995	-0.83892101	0.37706077
1.90699995	-0.86312747	0.36008242
1.90799995	-0.67808807	0.31616017
1.90899995	-0.30822465	0.25132260
1.90999995	0.10556103	0.18719243
1.91099995	0.50199926	0.13327387
1.91199995	0.76636320	0.10706816
1.91299995	0.85774481	0.11251231
1.91399995	0.74806225	0.14736098
1.91499995	0.45577016	0.20610851
1.91599995	0.05028912	0.27334523
1.91699995	-0.40920275	0.33938238
1.91799995	-0.73071480	0.37438485
1.91899995	-0.86869460	0.37318528
1.91999995	-0.79213828	0.34387302
1.92099995	-0.51067299	0.29056963
1.92199995	-0.12275468	0.22659326
1.92299995	0.31486836	0.16175567
1.92399995	0.65240526	0.11783341
1.92499995	0.83882874	0.10085507
1.92599995	0.82772517	0.12137057
1.92699995	0.62198573	0.17651944
1.92799995	0.26070374	0.24080339
1.92899995	-0.20235606	0.30499509
1.92999995	-0.58519930	0.35153174
1.93099995	-0.83335382	0.37333909
1.93199995	-0.86509597	0.36180487
1.93299995	-0.67501229	0.31880537
1.93399995	-0.33332309	0.25744340
1.93499995	0.11094365	0.18654650
1.93599995	0.49809301	0.13398130
1.93699995	0.76983881	0.10734498
1.93799995	0.85719121	0.11318897
1.93899995	0.74704725	0.15074433
1.93999995	0.45635459	0.20918430
1.94099995	0.02965059	0.28005046
1.94199995	-0.38801059	0.33556840
1.94299995	-0.73668182	0.36764887
1.94399995	-0.87998277	0.36749509
1.94499995	-0.79764396	0.33479947
1.94599995	-0.52540600	0.28238803
1.94699995	-0.10110113	0.21816561
1.94799995	0.31268454	0.15987943
1.94899995	0.65468132	0.11626476
1.94999995	0.83153909	0.10442298
1.95099995	0.81517595	0.12561515
1.95199995	0.61242002	0.17525837
1.95299994	0.25596702	0.24612451
1.95399994	-0.16723056	0.31040847
1.95499994	-0.59581077	0.35885212
1.95599994	-0.83892101	0.37629184
1.95699994	-0.86312747	0.35992864
1.95799994	-0.67808807	0.31616017
1.95899994	-0.30822465	0.25132260
1.95999994	0.10571481	0.18719243
1.96099994	0.50276822	0.13327387
1.96199994	0.76402557	0.10706816
1.96299994	0.84876353	0.11251231
1.96399994	0.73923475	0.14751476
1.96499994	0.45420152	0.20687746
1.96599994	0.04872047	0.27103838
1.96699994	-0.41799951	0.33040109
1.96799994	-0.73984993	0.36555734
1.96899994	-0.87177044	0.37161663
1.96999994	-0.78903174	0.34233513
1.97099994	-0.50150716	0.28174213
1.97199994	-0.11374262	0.21758120
1.97299994	0.31720597	0.15944882
1.97399994	0.65163630	0.11860237
1.97499994	0.83867496	0.10100885
1.97599994	0.82772517	0.12137057
1.97699994	0.62198573	0.17651944
1.97799994	0.26070374	0.24080339
1.97899994	-0.20235606	0.30499509
1.97999994	-0.58519930	0.35153174
1.98099994	-0.83335382	0.37333909
1.98199994	-0.86509597	0.36180487
1.98299994	-0.67501229	0.31880537
1.98399994	-0.33332309	0.25744340
1.98499994	0.11094365	0.18654650
1.98599994	0.49809301	0.13398130
1.98699994	0.76983881	0.10734498
1.98799994	0.85719121	0.11318897
1.98899994	0.74704725	0.15074433
1.98999994	0.45635459	0.20918430
1.99099994	0.02965059	0.28005046
1.99199994	-0.38816437	0.33541462
1.99299994	-0.73745078	0.36687991
1.99399994	-0.87764519	0.36980191
1.99499994	-0.78863192	0.34378076
1.99599994	-0.51657850	0.29136935
1.99699994	-0.09953248	0.22047244
1.99799994	0.31409940	0.15911049
1.99899994	0.66270918	0.11611097
1.99999994	0.84282726	0.10442298
2.00099994	0.82649481	0.12561515
2.00199994	0.62066317	0.17525837
2.00299994	0.25812009	0.24612451
