Time	Channel A	Channel B
(us)	(V)	(V)

-0.00400000	0.33224654	0.10882135
-0.00300000	0.66812253	0.09854823
-0.00200000	0.83925933	0.12213952
-0.00100000	0.81871307	0.17667323
0.00000000	0.60719121	0.24080339
0.00100000	0.23861958	0.30499509
0.00200000	-0.18765379	0.35171628
0.00300000	-0.61020547	0.37410802
0.00400000	-0.84421134	0.35946727
0.00500000	-0.85688359	0.30979329
0.00600000	-0.66615403	0.24843135
0.00700000	-0.29752091	0.18423967
0.00800000	0.11626476	0.13475025
0.00900000	0.51393330	0.10749877
0.01000000	0.77257627	0.11318897
0.01100000	0.85245448	0.15074433
0.01200000	0.73400593	0.20918430
0.01300000	0.43682334	0.28005046
0.01400000	0.02842028	0.33541462
0.01500000	-0.43165600	0.36687991
0.01600000	-0.74744707	0.36980191
0.01700000	-0.87453860	0.34378076
0.01800000	-0.78610975	0.29136935
0.01900000	-0.49314100	0.22047244
0.02000000	-0.10245448	0.15911049
0.02100000	0.32849410	0.11611097
0.02200000	0.66000247	0.10457677
0.02300000	0.84159696	0.12638411
0.02400000	0.82495695	0.17307456
0.02500000	0.61435777	0.23788139
0.02600000	0.24707800	0.29908955
0.02700000	-0.22265625	0.34756398
0.02800000	-0.60270053	0.36807948
0.02900000	-0.83938235	0.35777560
0.03000000	-0.85909820	0.31689838
0.03100000	-0.65751106	0.25147638
0.03200000	-0.31302288	0.18719243
0.03300000	0.12456939	0.13327387
0.03400000	0.50572097	0.10706816
0.03500000	0.77263778	0.11251231
0.03600000	0.85442299	0.14751476
0.03700000	0.73945004	0.20687746
0.03800000	0.44275960	0.27103838
0.03900000	0.00935039	0.33040109
0.04000000	-0.40551180	0.36540353
0.04100000	-0.74271035	0.37084767
0.04200000	-0.87395424	0.34464198
0.04300000	-0.78011197	0.29072341
0.04400000	-0.50529033	0.22659326
0.04500000	-0.08824434	0.16175567
0.04600000	0.32246554	0.11783341
0.04700000	0.66566193	0.10085507
0.04800000	0.84002829	0.12137057
0.04900000	0.81886685	0.17651944
0.05000000	0.60719121	0.24080339
0.05100000	0.23861958	0.30499509
0.05200000	-0.18765379	0.35153174
0.05300000	-0.61020547	0.37333909
0.05400000	-0.84421134	0.36180487
0.05500000	-0.85688359	0.31880537
0.05600000	-0.66615403	0.25744340
0.05700000	-0.29752091	0.18654650
0.05800000	0.11626476	0.13398130
0.05900000	0.51393330	0.10734498
0.06000000	0.77257627	0.11318897
0.06100000	0.85245448	0.15074433
0.06200000	0.73400593	0.20918430
0.06300000	0.43682334	0.28005046
0.06400000	0.02842028	0.33556840
0.06500000	-0.43165600	0.36764887
0.06600000	-0.74744707	0.36749509
0.06700000	-0.87453860	0.33479947
0.06800000	-0.78610975	0.28238803
0.06900000	-0.49314100	0.21816561
0.07000000	-0.10245448	0.15987943
0.07100000	0.32849410	0.11626476
0.07200000	0.66000247	0.10457677
0.07300000	0.84159696	0.12638411
0.07400000	0.82480317	0.17292076
0.07500000	0.61358881	0.23711245
0.07600000	0.24923106	0.30139640
0.07700000	-0.21444389	0.35654527
0.07800000	-0.59125859	0.37706077
0.07900000	-0.82729453	0.36008242
0.08000000	-0.85331571	0.31616017
0.08100000	-0.66507751	0.25132260
0.08200000	-0.32046628	0.18719243
0.08300000	0.13109006	0.13327387
0.08400000	0.51559424	0.10706816
0.08500000	0.77586734	0.11251231
0.08600000	0.85134721	0.14751476
0.08700000	0.73031497	0.20687746
0.08800000	0.43374753	0.27103838
0.08900000	0.00704355	0.33040109
0.09000000	-0.40458909	0.36555734
0.09100000	-0.74178767	0.37161663
0.09200000	-0.87629181	0.34233513
0.09300000	-0.78909326	0.28174213
0.09400000	-0.51427168	0.21758120
0.09500000	-0.09055118	0.15944882
0.09600000	0.32323450	0.11860237
0.09700000	0.66581571	0.10100885
0.09800000	0.84002829	0.12137057
0.09900000	0.81886685	0.17651944
0.10000000	0.60703743	0.24080339
0.10100000	0.23785064	0.30499509
0.10200000	-0.18534695	0.35153174
0.10300000	-0.60122418	0.37333909
0.10400000	-0.83523005	0.36180487
0.10500000	-0.85457677	0.31880537
0.10600000	-0.66692299	0.25759721
0.10700000	-0.29767472	0.18731545
0.10800000	0.11626476	0.13167445
0.10900000	0.51393330	0.09833292
0.11000000	0.77257627	0.10436147
0.11100000	0.85245448	0.14917569
0.11200000	0.73400593	0.20761564
0.11300000	0.43682334	0.27122292
0.11400000	0.02842028	0.32640254
0.11500000	-0.43165600	0.36457309
0.11600000	-0.74744707	0.37057087
0.11700000	-0.87453860	0.34393454
0.11800000	-0.78610975	0.29136935
0.11900000	-0.49314100	0.22047244
0.12000000	-0.10230069	0.15895669
0.12100000	0.32926303	0.11537278
0.12200000	0.65769559	0.10688362
0.12300000	0.83258492	0.13536540
0.12400000	0.81582183	0.18193282
0.12500000	0.61128199	0.23945005
0.12600000	0.25015378	0.30062747
0.12700000	-0.21352117	0.35639149
0.12800000	-0.59371924	0.37706077
0.12900000	-0.83707553	0.36008242
0.13000000	-0.85986710	0.31616017
0.13100000	-0.65766484	0.25132260
0.13200000	-0.31302288	0.18719243
0.13300000	0.12456939	0.13327387
0.13400000	0.50572097	0.10706816
0.13500000	0.77263778	0.11251231
0.13600000	0.85442299	0.14751476
0.13700000	0.73945004	0.20687746
0.13800000	0.44275960	0.27103838
0.13900000	0.00935039	0.33040109
0.14000000	-0.40551180	0.36540353
0.14100000	-0.74271035	0.37084767
0.14200000	-0.87395424	0.34464198
0.14300000	-0.78011197	0.29072341
0.14400000	-0.50529033	0.22659326
0.14500000	-0.08824434	0.16175567
0.14600000	0.32246554	0.11783341
0.14700000	0.66566193	0.10085507
0.14800000	0.84018207	0.12121678
0.14900000	0.81963581	0.17575049
0.15000000	0.60488433	0.24311024
0.15100000	0.22963829	0.31397638
0.15200000	-0.19663508	0.36054379
0.15300000	-0.61251229	0.37567666
0.15400000	-0.84344244	0.36103591
0.15500000	-0.85672981	0.31862080
0.15600000	-0.66615403	0.25744340
0.15700000	-0.29752091	0.18654650
0.15800000	0.11626476	0.13398130
0.15900000	0.51393330	0.10734498
0.16000000	0.77257627	0.11334276
0.16100000	0.85245448	0.15151329
0.16200000	0.73385209	0.20684670
0.16300000	0.43605438	0.27106914
0.16400000	0.03072712	0.32640254
0.16500000	-0.42264396	0.36457309
0.16600000	-0.73846579	0.37057087
0.16700000	-0.87223178	0.34393454
0.16800000	-0.78687871	0.29136935
0.16900000	-0.49329478	0.22047244
0.17000000	-0.10245448	0.15929502
0.17100000	0.32849410	0.11687992
0.17200000	0.66015625	0.10223917
0.17300000	0.84236592	0.11737204
0.17400000	0.82249629	0.16393946
0.17500000	0.60460752	0.23480561
0.17600000	0.24028051	0.30216536
0.17700000	-0.21675074	0.35669905
0.17800000	-0.59064347	0.37706077
0.17900000	-0.82790971	0.36008242
0.18000000	-0.85100883	0.31616017
0.18100000	-0.65609622	0.25132260
0.18200000	-0.31163877	0.18719243
0.18300000	0.13262795	0.13327387
0.18400000	0.51716292	0.10706816
0.18499999	0.78466409	0.11251231
0.18599999	0.86032850	0.14751476
0.18699999	0.73262179	0.20687746
0.18799999	0.43297860	0.27103838
0.18899999	0.00688976	0.33040109
0.18999999	-0.40474287	0.36540353
0.19099999	-0.74255657	0.37084767
0.19199999	-0.87395424	0.34464198
0.19299999	-0.78011197	0.29072341
0.19399999	-0.50544417	0.22659326
0.19499999	-0.08901329	0.16175567
0.19599999	0.32480314	0.11783341
0.19699999	0.67464322	0.10085507
0.19799999	0.84904033	0.12137057
0.19899999	0.82117373	0.17651944
0.19999999	0.60642225	0.24080339
0.20099999	0.23843504	0.30499509
0.20199999	-0.18765379	0.35153174
0.20299999	-0.61020547	0.37333909
0.20399999	-0.84421134	0.36180487
0.20499999	-0.85688359	0.31880537
0.20599999	-0.66615403	0.25744340
0.20699999	-0.29752091	0.18654650
0.20799999	0.11626476	0.13398130
0.20899999	0.51393330	0.10734498
0.20999999	0.77242249	0.11318897
0.21099999	0.85171628	0.15074433
0.21199999	0.73631275	0.20918430
0.21299999	0.44583538	0.28005046
0.21399999	0.03740158	0.33556840
0.21499999	-0.42931840	0.36764887
0.21599999	-0.74821603	0.36749509
0.21699999	-0.87469244	0.33479947
0.21799999	-0.78610975	0.28238803
0.21899999	-0.49314100	0.21816561
0.21999999	-0.10245448	0.15987943
0.22099999	0.32849410	0.11626476
0.22199999	0.66000247	0.10457677
0.22299999	0.84159696	0.12638411
0.22399999	0.82480317	0.17292076
0.22499999	0.61358881	0.23711245
0.22599999	0.24938484	0.30139640
0.22699999	-0.21367495	0.35654527
0.22799999	-0.59371924	0.37706077
0.22899999	-0.83707553	0.36008242
0.22999999	-0.85986710	0.31616017
0.23099999	-0.65766484	0.25132260
0.23199999	-0.31302288	0.18719243
0.23299999	0.12456939	0.13327387
0.23399999	0.50572097	0.10706816
0.23499999	0.77263778	0.11251231
0.23599999	0.85442299	0.14751476
0.23699999	0.73945004	0.20687746
0.23799999	0.44275960	0.27103838
0.23899999	0.00935039	0.33040109
0.23999999	-0.40535802	0.36540353
0.24099999	-0.74194145	0.37084767
0.24199999	-0.87629181	0.34479576
0.24299999	-0.78909326	0.29149237
0.24399999	-0.51427168	0.22428642
0.24499999	-0.09055118	0.15277436
0.24599999	0.32323450	0.10882135
0.24699999	0.66581571	0.09854823
0.24799999	0.84002829	0.12213952
0.24899999	0.81886685	0.17667323
0.24999999	0.60719121	0.24080339
0.25099999	0.23861958	0.30499509
0.25199999	-0.18765379	0.35171628
0.25299999	-0.61020547	0.37410802
0.25399999	-0.84421134	0.35946727
0.25499999	-0.85688359	0.30979329
0.25599999	-0.66615403	0.24843135
0.25699999	-0.29752091	0.18423967
0.25799999	0.11626476	0.13475025
0.25899999	0.51393330	0.10749877
0.25999999	0.77257627	0.11318897
0.26099999	0.85245448	0.15074433
0.26199999	0.73400593	0.20918430
0.26299999	0.43682334	0.28005046
0.26399999	0.02842028	0.33556840
0.26499999	-0.43165600	0.36764887
0.26599999	-0.74744707	0.36749509
0.26699999	-0.87453860	0.33479947
0.26799999	-0.78610975	0.28238803
0.26899999	-0.49314100	0.21816561
0.26999999	-0.10245448	0.15987943
0.27099999	0.32849410	0.11626476
0.27199999	0.66015625	0.10457677
0.27299999	0.84236592	0.12638411
0.27399999	0.82249629	0.17292076
0.27499999	0.60460752	0.23711245
0.27599999	0.24028051	0.30139640
0.27699999	-0.21675074	0.35654527
0.27799999	-0.59048969	0.37706077
0.27899999	-0.82714075	0.36008242
0.27999999	-0.85316193	0.31616017
0.28099999	-0.66430855	0.25132260
0.28199999	-0.32292691	0.18734621
0.28299999	0.12133981	0.13404281
0.28399999	0.50895053	0.10473056
0.28499999	0.78251106	0.10353100
0.28599999	0.86109746	0.13853346
0.28699999	0.73277557	0.20457062
0.28799999	0.43297860	0.27180734
0.28899999	0.00688976	0.33055487
0.28999999	-0.40474287	0.36540353
0.29099999	-0.74255657	0.37084767
0.29199999	-0.87395424	0.34464198
0.29299999	-0.78011197	0.29072341
0.29399999	-0.50529033	0.22659326
0.29499999	-0.08824434	0.16175567
0.29599999	0.32261935	0.11783341
0.29699999	0.66640007	0.10085507
0.29799999	0.83772147	0.12137057
0.29899999	0.80988556	0.17651944
0.29999999	0.59805608	0.24080339
0.30099999	0.23551305	0.30499509
0.30199999	-0.18457800	0.35153174
0.30299999	-0.60107034	0.37333909
0.30399999	-0.83538383	0.36180487
0.30499999	-0.85534573	0.31880537
0.30599999	-0.66461617	0.25744340
0.30699999	-0.28869340	0.18654650
0.30799999	0.12524606	0.13398130
0.30899999	0.51624018	0.10734498
0.30999999	0.77165353	0.11318897
0.31099999	0.85156250	0.15074433
0.31199999	0.73631275	0.20918430
0.31299999	0.44583538	0.28005046
0.31399999	0.03740158	0.33556840
0.31499999	-0.42931840	0.36764887
0.31599999	-0.74821603	0.36749509
0.31699999	-0.87469244	0.33479947
0.31799999	-0.78610975	0.28238803
0.31899999	-0.49314100	0.21816561
0.31999999	-0.10230069	0.15987943
0.32099999	0.32926303	0.11626476
0.32199999	0.65769559	0.10457677
0.32299999	0.83258492	0.12638411
0.32399999	0.81597567	0.17292076
0.32499999	0.61205095	0.23711245
0.32599999	0.24784695	0.30139640
0.32699999	-0.22250246	0.35654527
0.32799999	-0.60270053	0.37706077
0.32899999	-0.83938235	0.36008242
0.32999999	-0.85925198	0.31616017
0.33099999	-0.65828001	0.25132260
0.33199999	-0.31071603	0.18719243
0.33299999	0.13355069	0.13327387
0.33399999	0.51470226	0.10706816
0.33499999	0.77494460	0.11251231
0.33599999	0.85365403	0.14751476
0.33699999	0.73929626	0.20687746
0.33799999	0.44275960	0.27103838
0.33899999	0.00935039	0.33040109
0.33999999	-0.40551180	0.36540353
0.34099999	-0.74271035	0.37084767
0.34199999	-0.87395424	0.34464198
0.34299999	-0.78011197	0.29072341
0.34399999	-0.50529033	0.22659326
0.34499999	-0.08824434	0.16175567
0.34599999	0.32246554	0.11783341
0.34699999	0.66566193	0.10085507
0.34799999	0.84002829	0.12121678
0.34899999	0.81886685	0.17575049
0.34999999	0.60719121	0.24311024
0.35099999	0.23861958	0.31397638
0.35199999	-0.18765379	0.36054379
0.35299999	-0.61020547	0.37567666
0.35399999	-0.84421134	0.36103591
0.35499999	-0.85688359	0.31862080
0.35599999	-0.66615403	0.25744340
0.35699999	-0.29752091	0.18654650
0.35799999	0.11626476	0.13413508
0.35899999	0.51393330	0.10811393
0.35999999	0.77257627	0.11103593
0.36099999	0.85245448	0.14250124
0.36199999	0.73400593	0.19786540
0.36299999	0.43682334	0.26873153
0.36399999	0.02842028	0.32732528
0.36499999	-0.43165600	0.36549580
0.36599999	-0.74744707	0.36826402
0.36699999	-0.87453860	0.33495325
0.36799999	-0.78610975	0.28238803
0.36899999	-0.49314100	0.21816561
0.36999999	-0.10245448	0.15987943
0.37099999	0.32849410	0.11626476
0.37199999	0.66015625	0.10457677
0.37299999	0.84236592	0.12638411
0.37399999	0.82249629	0.17292076
0.37499999	0.60460752	0.23711245
0.37599999	0.24028051	0.30139640
0.37699999	-0.21675074	0.35654527
0.37799999	-0.59064347	0.37706077
0.37899999	-0.82790971	0.36008242
0.37999999	-0.85085505	0.31616017
0.38099999	-0.65535802	0.25132260
0.38199999	-0.31394562	0.18719243
0.38299999	0.12367741	0.13327387
0.38399999	0.50818157	0.10706816
0.38499999	0.78235728	0.11251231
0.38599999	0.86109746	0.14736098
0.38699999	0.73277557	0.20610851
0.38799999	0.43297860	0.27334523
0.38899999	0.00688976	0.33938238
0.38999999	-0.40458909	0.37438485
0.39099999	-0.74178767	0.37318528
0.39199999	-0.87644559	0.34387302
0.39299999	-0.78986222	0.29056963
0.39399999	-0.51193404	0.22659326
0.39499999	-0.08153912	0.16175567
0.39599999	0.33224654	0.11783341
0.39699999	0.66812253	0.10085507
0.39799999	0.83925933	0.12121678
0.39899999	0.81871307	0.17575049
0.39999999	0.60719121	0.24311024
0.40099999	0.23861958	0.31397638
0.40199999	-0.18765379	0.36054379
0.40299999	-0.61020547	0.37567666
0.40399999	-0.84421134	0.36103591
0.40499999	-0.85688359	0.31862080
0.40599999	-0.66615403	0.25744340
0.40699999	-0.29752091	0.18654650
0.40799999	0.11626476	0.13398130
0.40899999	0.51393330	0.10734498
0.40999999	0.77257627	0.11318897
0.41099999	0.85245448	0.15074433
0.41199999	0.73385209	0.20918430
0.41299999	0.43605438	0.28005046
0.41399999	0.03072712	0.33541462
0.41499999	-0.42264396	0.36687991
0.41599999	-0.73846579	0.36980191
0.41699999	-0.87223178	0.34378076
0.41799999	-0.78687871	0.29136935
0.41899999	-0.49329478	0.22047244
0.41999999	-0.10245448	0.15911049
0.42099999	0.32849410	0.11611097
0.42199999	0.66000247	0.10457677
0.42299999	0.84159696	0.12638411
0.42399999	0.82480317	0.17292076
0.42499999	0.61358881	0.23711245
0.42599999	0.24938484	0.30139640
0.42699999	-0.21367495	0.35654527
0.42799999	-0.59371924	0.37706077
0.42899999	-0.83707553	0.36008242
0.42999999	-0.85986710	0.31616017
0.43099999	-0.65766484	0.25132260
0.43199999	-0.31302288	0.18719243
0.43299999	0.12456939	0.13327387
0.43399999	0.50572097	0.10706816
0.43499999	0.77263778	0.11251231
0.43599999	0.85442299	0.14751476
0.43699999	0.73945004	0.20687746
0.43799999	0.44275960	0.27103838
0.43899999	0.00935039	0.33040109
0.43999999	-0.40535802	0.36540353
0.44099999	-0.74194145	0.37084767
0.44199999	-0.87644559	0.34464198
0.44299999	-0.78986222	0.29072341
0.44399999	-0.51193404	0.22659326
0.44499999	-0.08153912	0.16175567
0.44599999	0.33224654	0.11783341
0.44699999	0.66812253	0.10085507
0.44799999	0.83941317	0.12137057
0.44899999	0.81948203	0.17651944
0.44999999	0.60473055	0.24080339
0.45099999	0.22886933	0.30499509
0.45199999	-0.19432825	0.35171628
0.45299999	-0.60353100	0.37410802
0.45399999	-0.83446109	0.35946727
0.45499999	-0.85442299	0.30979329
0.45599999	-0.66692299	0.24843135
0.45699999	-0.29767472	0.18423967
0.45799999	0.11626476	0.13475025
0.45899999	0.51393330	0.10749877
0.45999999	0.77257627	0.11318897
0.46099999	0.85245448	0.15074433
0.46199999	0.73400593	0.20918430
0.46299999	0.43682334	0.28005046
0.46399999	0.02842028	0.33556840
0.46499999	-0.43165600	0.36764887
0.46599999	-0.74744707	0.36749509
0.46699999	-0.87453860	0.33479947
0.46799999	-0.78610975	0.28238803
0.46899999	-0.49314100	0.21816561
0.46999999	-0.10245448	0.15987943
0.47099999	0.32849410	0.11626476
0.47199999	0.66015625	0.10442298
0.47299999	0.84236592	0.12561515
0.47399999	0.82249629	0.17525837
0.47499999	0.60460752	0.24612451
0.47599999	0.24028051	0.31040847
0.47699999	-0.21675074	0.35885212
0.47799999	-0.59064347	0.37629184
0.47899999	-0.82790971	0.35992864
0.47999999	-0.85085505	0.31616017
0.48099999	-0.65535802	0.25132260
0.48199999	-0.31379184	0.18734621
0.48299999	0.12441560	0.13404281
0.48399999	0.50587475	0.10457677
0.48499999	0.77340674	0.10276206
0.48599999	0.85211617	0.14084031
0.48699999	0.73046875	0.21355192
0.48799999	0.43374753	0.28078863
0.48899999	0.00704355	0.33286172
0.48999999	-0.40458909	0.36478838
0.49099999	-0.74178767	0.37146285
0.49199999	-0.87629181	0.34233513
0.49299999	-0.78909326	0.28174213
0.49399999	-0.51427168	0.21758120
0.49499999	-0.09055118	0.15944882
0.49599999	0.32323450	0.11860237
0.49699999	0.66581571	0.10100885
0.49799999	0.84002829	0.12137057
0.49899999	0.81886685	0.17651944
0.49999999	0.60703743	0.24080339
0.50099999	0.23785064	0.30499509
0.50199999	-0.18519317	0.35153174
0.50299999	-0.60045522	0.37333909
0.50399999	-0.83772147	0.36180487
0.50499999	-0.86435777	0.31880537
0.50599999	-0.67362821	0.25744340
0.50699999	-0.29103100	0.18654650
0.50799999	0.12601501	0.13413508
0.50899999	0.51639396	0.10811393
0.50999999	0.77165353	0.11088213
0.51099999	0.85156250	0.14173228
0.51199999	0.73631275	0.20017225
0.51299999	0.44583538	0.27774361
0.51399999	0.03740158	0.33618355
0.51499999	-0.42931840	0.36703372
0.51599999	-0.74821603	0.36980191
0.51699999	-0.87469244	0.34378076
0.51799999	-0.78610975	0.29136935
0.51899999	-0.49314100	0.22047244
0.51999999	-0.10245448	0.15911049
0.52099999	0.32849410	0.11611097
0.52199999	0.66000247	0.10457677
0.52299999	0.84159696	0.12638411
0.52399999	0.82480317	0.17292076
0.52499999	0.61358881	0.23711245
0.52599999	0.24938484	0.30139640
0.52699999	-0.21367495	0.35654527
0.52799999	-0.59371924	0.37706077
0.52899999	-0.83707553	0.36008242
0.52999999	-0.86002094	0.31616017
0.53099999	-0.65843379	0.25132260
0.53199999	-0.31086984	0.18719243
0.53299999	0.13278174	0.13327387
0.53399999	0.51700908	0.10706816
0.53499999	0.78389519	0.11251231
0.53599999	0.86263531	0.14751476
0.53699999	0.74160308	0.20687746
0.53799999	0.44199064	0.27103838
0.53899998	0.00919660	0.33040109
0.53999998	-0.40535802	0.36555734
0.54099998	-0.74194145	0.37161663
0.54199998	-0.87629181	0.34233513
0.54299998	-0.78909326	0.28174213
0.54399998	-0.51427168	0.21758120
0.54499998	-0.09055118	0.15944882
0.54599998	0.32323450	0.11860237
0.54699998	0.66581571	0.10100885
0.54799998	0.84002829	0.12137057
0.54899998	0.81886685	0.17651944
0.54999998	0.60719121	0.24080339
0.55099998	0.23861958	0.30499509
0.55199998	-0.18765379	0.35153174
0.55299998	-0.61020547	0.37333909
0.55399998	-0.84421134	0.36180487
0.55499998	-0.85688359	0.31880537
0.55599998	-0.66615403	0.25744340
0.55699998	-0.29752091	0.18654650
0.55799998	0.11626476	0.13398130
0.55899998	0.51393330	0.10734498
0.55999998	0.77257627	0.11318897
0.56099998	0.85245448	0.15074433
0.56199998	0.73400593	0.20918430
0.56299998	0.43682334	0.28005046
0.56399998	0.02842028	0.33541462
0.56499998	-0.43165600	0.36687991
0.56599998	-0.74744707	0.36980191
0.56699998	-0.87453860	0.34378076
0.56799998	-0.78610975	0.29136935
0.56899998	-0.49314100	0.22047244
0.56999998	-0.10245448	0.15911049
0.57099998	0.32849410	0.11611097
0.57199998	0.66015625	0.10442298
0.57299998	0.84236592	0.12561515
0.57399998	0.82249629	0.17525837
0.57499998	0.60460752	0.24612451
0.57599998	0.24043430	0.31040847
0.57699998	-0.21598180	0.35885212
0.57799998	-0.59298104	0.37613803
0.57899998	-0.83692175	0.35915971
0.57999998	-0.85986710	0.31846702
0.58099998	-0.65766484	0.26033464
0.58199998	-0.31317666	0.19617371
0.58299998	0.12383120	0.13558070
0.58399998	0.50818157	0.10629921
0.58499998	0.78235728	0.11235851
0.58599998	0.86109746	0.14751476
0.58699998	0.73277557	0.20687746
0.58799998	0.43297860	0.27103838
0.58899998	0.00688976	0.33040109
0.58999998	-0.40458909	0.36540353
0.59099998	-0.74178767	0.37084767
0.59199998	-0.87644559	0.34464198
0.59299998	-0.78986222	0.29072341
0.59399998	-0.51193404	0.22659326
0.59499998	-0.08153912	0.16175567
0.59599998	0.33224654	0.11783341
0.59699998	0.66812253	0.10085507
0.59799998	0.83925933	0.12137057
0.59899998	0.81871307	0.17651944
0.59999998	0.60719121	0.24080339
0.60099998	0.23861958	0.30499509
0.60199998	-0.18765379	0.35153174
0.60299998	-0.61020547	0.37333909
0.60399998	-0.84436518	0.36180487
0.60499998	-0.85765254	0.31880537
0.60599998	-0.66384721	0.25744340
0.60699998	-0.28853962	0.18654650
0.60799998	0.12524606	0.13398130
0.60899998	0.51624018	0.10734498
0.60999998	0.77165353	0.11334276
0.61099998	0.85156250	0.15151329
0.61199998	0.73631275	0.20684670
0.61299998	0.44583538	0.27106914
0.61399998	0.03740158	0.32640254
0.61499998	-0.42931840	0.36457309
0.61599998	-0.74821603	0.37057087
0.61699998	-0.87469244	0.34393454
0.61799998	-0.78610975	0.29136935
0.61899998	-0.49314100	0.22047244
0.61999998	-0.10230069	0.15911049
0.62099998	0.32926303	0.11611097
0.62199998	0.65769559	0.10457677
0.62299998	0.83258492	0.12638411
0.62399998	0.81582183	0.17292076
0.62499998	0.61128199	0.23711245
0.62599998	0.25015378	0.30139640
0.62699998	-0.21352117	0.35654527
0.62799998	-0.59371924	0.37706077
0.62899998	-0.83707553	0.36008242
0.62999998	-0.85986710	0.31616017
0.63099998	-0.65766484	0.25132260
0.63199998	-0.31302288	0.18719243
0.63299998	0.12456939	0.13327387
0.63399998	0.50572097	0.10706816
0.63499998	0.77263778	0.11251231
0.63599998	0.85442299	0.14751476
0.63699998	0.73945004	0.20687746
0.63799998	0.44291338	0.27103838
0.63899998	0.01011934	0.33040109
0.63999998	-0.40766487	0.36540353
0.64099998	-0.75089198	0.37084767
0.64199998	-0.88524234	0.34479576
0.64299998	-0.79140007	0.29149237
0.64399998	-0.51350272	0.22428642
0.64499998	-0.09039739	0.15277436
0.64599998	0.32323450	0.10882135
0.64699998	0.66581571	0.09854823
0.64799998	0.84002829	0.12213952
0.64899998	0.81886685	0.17667323
0.64999998	0.60703743	0.24080339
0.65099998	0.23785064	0.30499509
0.65199998	-0.18534695	0.35153174
0.65299998	-0.60122418	0.37333909
0.65399998	-0.83523005	0.36180487
0.65499998	-0.85457677	0.31880537
0.65599998	-0.66692299	0.25744340
0.65699998	-0.29767472	0.18654650
0.65799998	0.11626476	0.13398130
0.65899998	0.51393330	0.10734498
0.65999998	0.77257627	0.11334276
0.66099998	0.85245448	0.15151329
0.66199998	0.73400593	0.20669292
0.66299998	0.43682334	0.27030021
0.66399998	0.02842028	0.32874015
0.66499998	-0.43165600	0.37355438
0.66599998	-0.74744707	0.37958291
0.66699998	-0.87453860	0.34624138
0.66799998	-0.78610975	0.29060039
0.66899998	-0.49314100	0.22031865
0.66999998	-0.10245448	0.15911049
0.67099998	0.32849410	0.11611097
0.67199998	0.66015625	0.10457677
0.67299998	0.84236592	0.12638411
0.67399998	0.82249629	0.17292076
0.67499998	0.60460752	0.23711245
0.67599998	0.24028051	0.30139640
0.67699998	-0.21675074	0.35654527
0.67799998	-0.59048969	0.37706077
0.67899998	-0.82714075	0.36008242
0.67999998	-0.85331571	0.31616017
0.68099998	-0.66507751	0.25132260
0.68199998	-0.32046628	0.18719243
0.68299998	0.13109006	0.13327387
0.68399998	0.51544046	0.10706816
0.68499998	0.77509844	0.11251231
0.68599998	0.85365403	0.14736098
0.68699998	0.73929626	0.20610851
0.68799998	0.44275960	0.27334523
0.68899998	0.00935039	0.33938238
0.68999998	-0.40535802	0.37453863
0.69099998	-0.74194145	0.37395424
0.69199998	-0.87629181	0.34156618
0.69299998	-0.78909326	0.28158835
0.69399998	-0.51427168	0.21758120
0.69499998	-0.09055118	0.15944882
0.69599998	0.32323450	0.11875615
0.69699998	0.66581571	0.10177781
0.69799998	0.84002829	0.11906373
0.69899998	0.81886685	0.16750738
0.69999998	0.60703743	0.23179133
0.70099998	0.23785064	0.30265749
0.70199998	-0.18534695	0.35230067
0.70299998	-0.60122418	0.37349287
0.70399998	-0.83523005	0.36180487
0.70499998	-0.85457677	0.31880537
0.70599998	-0.66692299	0.25744340
0.70699998	-0.29767472	0.18654650
0.70799998	0.11626476	0.13398130
0.70899998	0.51393330	0.10734498
0.70999998	0.77242249	0.11334276
0.71099998	0.85171628	0.15151329
0.71199998	0.73631275	0.20669292
0.71299998	0.44583538	0.27030021
0.71399998	0.03740158	0.32889396
0.71499998	-0.42931840	0.37432334
0.71599998	-0.74821603	0.37727609
0.71699998	-0.87469244	0.33726010
0.71799998	-0.78610975	0.28161910
0.71899998	-0.49314100	0.21801181
0.71999998	-0.10230069	0.15987943
0.72099998	0.32926303	0.11626476
0.72199998	0.65769559	0.10457677
0.72299998	0.83258492	0.12638411
0.72399998	0.81582183	0.17292076
0.72499998	0.61128199	0.23711245
0.72599998	0.25015378	0.30139640
0.72699998	-0.21352117	0.35654527
0.72799998	-0.59371924	0.37706077
0.72899998	-0.83707553	0.36008242
0.72999998	-0.85986710	0.31616017
0.73099998	-0.65766484	0.25132260
0.73199998	-0.31302288	0.18719243
0.73299998	0.12456939	0.13327387
0.73399998	0.50572097	0.10706816
0.73499998	0.77263778	0.11251231
0.73599998	0.85442299	0.14751476
0.73699998	0.73945004	0.20687746
0.73799998	0.44275960	0.27103838
0.73899998	0.00935039	0.33040109
0.73999998	-0.40551180	0.36540353
0.74099998	-0.74271035	0.37084767
0.74199998	-0.87410802	0.34464198
0.74299998	-0.78088093	0.29072341
0.74399998	-0.50295275	0.22643946
0.74499998	-0.07923228	0.16101746
0.74599998	0.33147761	0.12029404
0.74699998	0.66796875	0.11060531
0.74799998	0.83925933	0.12801427
0.74899998	0.81871307	0.16981423
0.74999998	0.60703743	0.23102239
0.75099998	0.23785064	0.30250368
0.75199998	-0.18534695	0.35230067
0.75299998	-0.60122418	0.37349287
0.75399998	-0.83523005	0.36180487
0.75499998	-0.85457677	0.31880537
0.75599998	-0.66692299	0.25744340
0.75699998	-0.29767472	0.18654650
0.75799998	0.11626476	0.13398130
0.75899998	0.51393330	0.10734498
0.75999998	0.77257627	0.11318897
0.76099998	0.85245448	0.15074433
0.76199998	0.73400593	0.20918430
0.76299998	0.43682334	0.28005046
0.76399998	0.02842028	0.33541462
0.76499998	-0.43165600	0.36687991
0.76599998	-0.74744707	0.36980191
0.76699998	-0.87453860	0.34378076
0.76799998	-0.78610975	0.29136935
0.76899998	-0.49314100	0.22047244
0.76999998	-0.10245448	0.15911049
0.77099998	0.32849410	0.11611097
0.77199998	0.66000247	0.10457677
0.77299998	0.84159696	0.12638411
0.77399998	0.82480317	0.17292076
0.77499998	0.61358881	0.23711245
0.77599998	0.24923106	0.30139640
0.77699998	-0.21444389	0.35654527
0.77799998	-0.59125859	0.37706077
0.77899998	-0.82729453	0.36008242
0.77999998	-0.85331571	0.31616017
0.78099998	-0.66507751	0.25132260
0.78199998	-0.32062009	0.18719243
0.78299998	0.13032112	0.13327387
0.78399998	0.51793182	0.10706816
0.78499998	0.78481793	0.11251231
0.78599998	0.86032850	0.14751476
0.78699998	0.73262179	0.20687746
0.78799998	0.43297860	0.27103838
0.78899998	0.00688976	0.33040109
0.78999998	-0.40474287	0.36540353
0.79099998	-0.74255657	0.37084767
0.79199998	-0.87395424	0.34464198
0.79299998	-0.78011197	0.29072341
0.79399998	-0.50529033	0.22659326
0.79499998	-0.08824434	0.16175567
0.79599998	0.32261935	0.11783341
0.79699998	0.66640007	0.10085507
0.79799998	0.83772147	0.12137057
0.79899998	0.80988556	0.17651944
0.79999998	0.59805608	0.24080339
0.80099998	0.23551305	0.30499509
0.80199998	-0.18442421	0.35171628
0.80299998	-0.60030144	0.37410802
0.80399998	-0.83756769	0.35946727
0.80499998	-0.86358881	0.30979329
0.80599998	-0.67593503	0.24843135
0.80699998	-0.29998153	0.18423967
0.80799998	0.11703371	0.13475025
0.80899998	0.51408708	0.10749877
0.80999998	0.77257627	0.11334276
0.81099998	0.85245448	0.15151329
0.81199998	0.73400593	0.20684670
0.81299998	0.43682334	0.27106914
0.81399998	0.02842028	0.32640254
0.81499998	-0.43165600	0.36457309
0.81599998	-0.74744707	0.37057087
0.81699998	-0.87453860	0.34393454
0.81799998	-0.78610975	0.29136935
0.81899998	-0.49314100	0.22047244
0.81999998	-0.10230069	0.15911049
0.82099998	0.32926303	0.11611097
0.82199998	0.65769559	0.10457677
0.82299998	0.83258492	0.12638411
0.82399998	0.81597567	0.17292076
0.82499998	0.61205095	0.23711245
0.82599998	0.24784695	0.30139640
0.82699998	-0.22250246	0.35654527
0.82799998	-0.60270053	0.37690699
0.82899998	-0.83938235	0.35931349
0.82999998	-0.85909820	0.31846702
0.83099998	-0.65751106	0.26033464
0.83199998	-0.31302288	0.19617371
0.83299998	0.12456939	0.13558070
0.83399998	0.50572097	0.10629921
0.83499998	0.77263778	0.11235851
0.83599998	0.85442299	0.14751476
0.83699998	0.73945004	0.20687746
0.83799998	0.44275960	0.27103838
0.83899998	0.00935039	0.33040109
0.83999998	-0.40535802	0.36555734
0.84099998	-0.74194145	0.37161663
0.84199998	-0.87629181	0.34233513
0.84299998	-0.78909326	0.28174213
0.84399998	-0.51427168	0.21742742
0.84499998	-0.09055118	0.15867987
0.84599998	0.32323450	0.12090920
0.84699998	0.66581571	0.10999016
0.84799998	0.84002829	0.13035187
0.84899998	0.81886685	0.17882627
0.84999998	0.60703743	0.24003445
0.85099998	0.23785064	0.30484128
0.85199998	-0.18534695	0.35171628
0.85299998	-0.60122418	0.37410802
0.85399998	-0.83523005	0.35931349
0.85499998	-0.85457677	0.30902436
0.85599998	-0.66692299	0.25089198
0.85699998	-0.29767472	0.19398992
0.85799998	0.11626476	0.14157850
0.85899998	0.51393330	0.10156250
0.85999998	0.77257627	0.10110113
0.86099998	0.85245448	0.13927165
0.86199998	0.73400593	0.20094119
0.86299998	0.43682334	0.27789739
0.86399998	0.02842028	0.33618355
0.86499998	-0.43165600	0.36703372
0.86599998	-0.74744707	0.36980191
0.86699998	-0.87453860	0.34378076
0.86799998	-0.78610975	0.29136935
0.86899998	-0.49314100	0.22047244
0.86999998	-0.10245448	0.15911049
0.87099998	0.32849410	0.11611097
0.87199998	0.66015625	0.10442298
0.87299998	0.84236592	0.12561515
0.87399998	0.82249629	0.17541215
0.87499998	0.60460752	0.24689345
0.87599998	0.24043430	0.30794784
0.87699998	-0.21598180	0.34913263
0.87799998	-0.59298104	0.36961737
0.87899998	-0.83692175	0.36663386
0.87999998	-0.85986710	0.32591042
0.88099998	-0.65766484	0.25378323
0.88199998	-0.31317666	0.18642348
0.88299998	0.12383120	0.13312007
0.88399998	0.50818157	0.10706816
0.88499998	0.78235728	0.11251231
0.88599998	0.86094368	0.14751476
0.88699998	0.73200667	0.20687746
0.88799998	0.43528542	0.27103838
0.88899998	0.01587106	0.33040109
0.88999998	-0.39579234	0.36555734
0.89099998	-0.74021900	0.37161663
0.89199997	-0.87487698	0.34248891
0.89299997	-0.78103471	0.28251109
0.89399997	-0.50295275	0.21527436
0.89499997	-0.07923228	0.15043676
0.89599997	0.33147761	0.10959031
0.89699997	0.66796875	0.09870202
0.89799997	0.83925933	0.12213952
0.89899997	0.81871307	0.17667323
0.89999997	0.60719121	0.24080339
0.90099997	0.23861958	0.30499509
0.90199997	-0.18765379	0.35153174
0.90299997	-0.61020547	0.37333909
0.90399997	-0.84421134	0.36180487
0.90499997	-0.85688359	0.31880537
0.90599997	-0.66615403	0.25759721
0.90699997	-0.29752091	0.18731545
0.90799997	0.11626476	0.13167445
0.90899997	0.51393330	0.09833292
0.90999997	0.77242249	0.10420768
0.91099997	0.85171628	0.14840674
0.91199997	0.73631275	0.20992249
0.91299997	0.44583538	0.28020424
0.91399997	0.03740158	0.33541462
0.91499997	-0.42931840	0.36687991
0.91599997	-0.74821603	0.36980191
0.91699997	-0.87469244	0.34378076
0.91799997	-0.78610975	0.29136935
0.91899997	-0.49314100	0.22047244
0.91999997	-0.10245448	0.15911049
0.92099997	0.32849410	0.11611097
0.92199997	0.66000247	0.10457677
0.92299997	0.84159696	0.12638411
0.92399997	0.82480317	0.17292076
0.92499997	0.61358881	0.23711245
0.92599997	0.24938484	0.30139640
0.92699997	-0.21367495	0.35654527
0.92799997	-0.59371924	0.37706077
0.92899997	-0.83707553	0.36008242
0.92999997	-0.86002094	0.31616017
0.93099997	-0.65843379	0.25132260
0.93199997	-0.31071603	0.18719243
0.93299997	0.13355069	0.13327387
0.93399997	0.51470226	0.10706816
0.93499997	0.77494460	0.11251231
0.93599997	0.85365403	0.14736098
0.93699997	0.73929626	0.20610851
0.93799997	0.44275960	0.27334523
0.93899997	0.00935039	0.33938238
0.93999997	-0.40551180	0.37453863
0.94099997	-0.74271035	0.37395424
0.94199997	-0.87395424	0.34156618
0.94299997	-0.78011197	0.28158835
0.94399997	-0.50529033	0.21758120
0.94499997	-0.08824434	0.15944882
0.94599997	0.32246554	0.11860237
0.94699997	0.66566193	0.10100885
0.94799997	0.84002829	0.12137057
0.94899997	0.81886685	0.17651944
0.94999997	0.60719121	0.24080339
0.95099997	0.23861958	0.30499509
0.95199997	-0.18765379	0.35171628
0.95299997	-0.61020547	0.37410802
0.95399997	-0.84421134	0.35946727
0.95499997	-0.85688359	0.30979329
0.95599997	-0.66630781	0.24843135
0.95699997	-0.29828987	0.18423967
0.95799997	0.11860237	0.13475025
0.95899997	0.52288383	0.10749877
0.95999997	0.78155756	0.11334276
0.96099997	0.85479206	0.15151329
0.96199997	0.73323697	0.20684670
0.96299997	0.43666953	0.27106914
0.96399997	0.02842028	0.32640254
0.96499997	-0.43165600	0.36457309
0.96599997	-0.74744707	0.37057087
0.96699997	-0.87453860	0.34393454
0.96799997	-0.78610975	0.29136935
0.96899997	-0.49314100	0.22047244
0.96999997	-0.10245448	0.15911049
0.97099997	0.32849410	0.11611097
0.97199997	0.66015625	0.10442298
0.97299997	0.84236592	0.12561515
0.97399997	0.82249629	0.17541215
0.97499997	0.60460752	0.24689345
0.97599997	0.24043430	0.30810162
0.97699997	-0.21598180	0.34990159
0.97799997	-0.59298104	0.36731052
0.97899997	-0.83692175	0.35762179
0.97999997	-0.86002094	0.31689838
0.98099997	-0.65843379	0.25147638
0.98199997	-0.31086984	0.18719243
0.98299997	0.13278174	0.13327387
0.98399997	0.51716292	0.10706816
0.98499997	0.78466409	0.11251231
0.98599997	0.86032850	0.14751476
0.98699997	0.73262179	0.20687746
0.98799997	0.43297860	0.27103838
0.98899997	0.00688976	0.33040109
0.98999997	-0.40458909	0.36540353
0.99099997	-0.74178767	0.37084767
0.99199997	-0.87629181	0.34464198
0.99299997	-0.78909326	0.29072341
0.99399997	-0.51427168	0.22659326
0.99499997	-0.09055118	0.16175567
0.99599997	0.32323450	0.11783341
0.99699997	0.66581571	0.10085507
0.99799997	0.84002829	0.12137057
0.99899997	0.81886685	0.17651944
0.99999997	0.60719121	0.24080339
1.00099997	0.23861958	0.30499509
1.00199997	-0.18765379	0.35153174
1.00299997	-0.61020547	0.37333909
1.00399997	-0.84421134	0.36180487
1.00499997	-0.85688359	0.31880537
1.00599997	-0.66615403	0.25744340
1.00699997	-0.29752091	0.18654650
1.00799997	0.11626476	0.13398130
1.00899997	0.51393330	0.10734498
1.00999997	0.77242249	0.11334276
1.01099997	0.85171628	0.15151329
1.01199997	0.73631275	0.20684670
1.01299997	0.44583538	0.27106914
1.01399997	0.03740158	0.32655635
1.01499997	-0.42931840	0.36534202
1.01599997	-0.74836981	0.36826402
1.01699997	-0.87546134	0.33495325
1.01799997	-0.78380293	0.28238803
1.01899997	-0.48412892	0.21816561
1.01999997	-0.09331939	0.15987943
1.02099997	0.33156988	0.11626476
1.02199997	0.65692669	0.10457677
1.02299997	0.83243108	0.12638411
1.02399997	0.81582183	0.17292076
1.02499997	0.61128199	0.23711245
1.02599997	0.25000000	0.30139640
1.02699997	-0.21429011	0.35654527
1.02799997	-0.59141243	0.37706077
1.02899997	-0.82806349	0.36008242
1.02999997	-0.85085505	0.31616017
1.03099997	-0.65535802	0.25132260
1.03199997	-0.31394562	0.18719243
1.03299997	0.12367741	0.13327387
1.03399997	0.50818157	0.10706816
1.03499997	0.78235728	0.11251231
1.03599997	0.86109746	0.14751476
1.03699997	0.73277557	0.20687746
1.03799997	0.43297860	0.27103838
1.03899997	0.00688976	0.33040109
1.03999997	-0.40474287	0.36555734
1.04099997	-0.74255657	0.37161663
1.04199997	-0.87395424	0.34233513
1.04299997	-0.78011197	0.28174213
1.04399997	-0.50529033	0.21758120
1.04499997	-0.08824434	0.15944882
1.04599997	0.32246554	0.11875615
1.04699997	0.66566193	0.10177781
1.04799997	0.84002829	0.11906373
1.04899997	0.81886685	0.16750738
1.04999997	0.60719121	0.23179133
1.05099997	0.23861958	0.30265749
1.05199997	-0.18765379	0.35230067
1.05299997	-0.61020547	0.37349287
1.05399997	-0.84421134	0.36180487
1.05499997	-0.85688359	0.31880537
1.05599997	-0.66615403	0.25744340
1.05699997	-0.29752091	0.18654650
1.05799997	0.11626476	0.13398130
1.05899997	0.51393330	0.10734498
1.05999997	0.77257627	0.11318897
1.06099997	0.85245448	0.15074433
1.06199997	0.73400593	0.20918430
1.06299997	0.43682334	0.28005046
1.06399997	0.02842028	0.33556840
1.06499997	-0.43165600	0.36764887
1.06599997	-0.74744707	0.36749509
1.06699997	-0.87453860	0.33479947
1.06799997	-0.78610975	0.28238803
1.06899997	-0.49314100	0.21816561
1.06999997	-0.10245448	0.15987943
1.07099997	0.32849410	0.11626476
1.07199997	0.66015625	0.10457677
1.07299997	0.84236592	0.12638411
1.07399997	0.82249629	0.17307456
1.07499997	0.60460752	0.23788139
1.07599997	0.24028051	0.29908955
1.07699997	-0.21675074	0.34756398
1.07799997	-0.59064347	0.36807948
1.07899997	-0.82790971	0.35777560
1.07999997	-0.85100883	0.31689838
1.08099997	-0.65609622	0.25147638
1.08199997	-0.31148499	0.18734621
1.08299997	0.13339689	0.13404281
1.08399997	0.51485604	0.10473056
1.08499997	0.77571356	0.10353100
1.08599997	0.85134721	0.13853346
1.08699997	0.73031497	0.20457062
1.08799997	0.43374753	0.27180734
1.08899997	0.00704355	0.33055487
1.08999997	-0.40458909	0.36540353
1.09099997	-0.74178767	0.37084767
1.09199997	-0.87644559	0.34464198
1.09299997	-0.78986222	0.29072341
1.09399997	-0.51193404	0.22659326
1.09499997	-0.08153912	0.16175567
1.09599997	0.33224654	0.11783341
1.09699997	0.66812253	0.10085507
1.09799997	0.83925933	0.12137057
1.09899997	0.81871307	0.17651944
1.09999997	0.60703743	0.24080339
1.10099997	0.23785064	0.30499509
1.10199997	-0.18534695	0.35153174
1.10299997	-0.60122418	0.37333909
1.10399997	-0.83538383	0.36180487
1.10499997	-0.85534573	0.31880537
1.10599997	-0.66461617	0.25744340
1.10699997	-0.28869340	0.18654650
1.10799997	0.12524606	0.13398130
1.10899997	0.51624018	0.10734498
1.10999997	0.77165353	0.11334276
1.11099997	0.85156250	0.15151329
1.11199997	0.73631275	0.20684670
1.11299997	0.44583538	0.27106914
1.11399997	0.03740158	0.32640254
1.11499997	-0.42931840	0.36457309
1.11599997	-0.74821603	0.37057087
1.11699997	-0.87469244	0.34393454
1.11799997	-0.78610975	0.29136935
1.11899997	-0.49314100	0.22047244
1.11999997	-0.10230069	0.15911049
1.12099997	0.32926303	0.11611097
1.12199997	0.65769559	0.10442298
1.12299997	0.83258492	0.12561515
1.12399997	0.81597567	0.17525837
1.12499997	0.61205095	0.24612451
1.12599997	0.24784695	0.31040847
1.12699997	-0.22250246	0.35885212
1.12799997	-0.60270053	0.37629184
1.12899997	-0.83938235	0.35992864
1.12999997	-0.85925198	0.31616017
1.13099997	-0.65828001	0.25132260
1.13199997	-0.31086984	0.18719243
1.13299997	0.13278174	0.13327387
1.13399997	0.51700908	0.10706816
1.13499997	0.78389519	0.11251231
1.13599997	0.86263531	0.14751476
1.13699997	0.74160308	0.20687746
1.13799997	0.44199064	0.27103838
1.13899997	0.00919660	0.33040109
1.13999997	-0.40551180	0.36555734
1.14099997	-0.74271035	0.37161663
1.14199997	-0.87395424	0.34233513
1.14299997	-0.78011197	0.28174213
1.14399997	-0.50529033	0.21742742
1.14499997	-0.08824434	0.15867987
1.14599997	0.32246554	0.12090920
1.14699997	0.66566193	0.10999016
1.14799997	0.84002829	0.13035187
1.14899997	0.81886685	0.17882627
1.14999997	0.60719121	0.24003445
1.15099997	0.23861958	0.30484128
1.15199997	-0.18765379	0.35153174
1.15299997	-0.61020547	0.37333909
1.15399997	-0.84421134	0.36180487
1.15499997	-0.85688359	0.31880537
1.15599997	-0.66615403	0.25744340
1.15699997	-0.29752091	0.18654650
1.15799997	0.11626476	0.13398130
1.15899997	0.51393330	0.10734498
1.15999997	0.77257627	0.11334276
1.16099997	0.85245448	0.15151329
1.16199997	0.73400593	0.20684670
1.16299997	0.43682334	0.27106914
1.16399997	0.02842028	0.32655635
1.16499997	-0.43165600	0.36534202
1.16599997	-0.74744707	0.36826402
1.16699997	-0.87453860	0.33495325
1.16799997	-0.78610975	0.28238803
1.16899997	-0.49314100	0.21816561
1.16999997	-0.10230069	0.15987943
1.17099997	0.32926303	0.11626476
1.17199997	0.65769559	0.10457677
1.17299997	0.83258492	0.12638411
1.17399997	0.81582183	0.17307456
1.17499997	0.61128199	0.23788139
1.17599997	0.25015378	0.29908955
1.17699997	-0.21352117	0.34756398
1.17799997	-0.59371924	0.36792567
1.17899997	-0.83707553	0.35700664
1.17999997	-0.86002094	0.31923598
1.18099997	-0.65843379	0.26048842
1.18199997	-0.31071603	0.19617371
1.18299997	0.13355069	0.13558070
1.18399997	0.51470226	0.10629921
1.18499997	0.77494460	0.11235851
1.18599997	0.85365403	0.14751476
1.18699997	0.73929626	0.20687746
1.18799997	0.44275960	0.27103838
1.18899997	0.00935039	0.33040109
1.18999997	-0.40551180	0.36555734
1.19099997	-0.74271035	0.37161663
1.19199997	-0.87410802	0.34233513
1.19299997	-0.78088093	0.28174213
1.19399997	-0.50295275	0.21742742
1.19499997	-0.07923228	0.15867987
1.19599997	0.33147761	0.12090920
1.19699997	0.66796875	0.10999016
1.19799997	0.83925933	0.13035187
1.19899997	0.81871307	0.17882627
1.19999997	0.60703743	0.24003445
1.20099997	0.23785064	0.30484128
1.20199997	-0.18534695	0.35153174
1.20299997	-0.60122418	0.37333909
1.20399997	-0.83538383	0.36180487
1.20499997	-0.85534573	0.31880537
1.20599997	-0.66461617	0.25759721
1.20699997	-0.28869340	0.18731545
1.20799997	0.12524606	0.13167445
1.20899997	0.51624018	0.09833292
1.20999997	0.77180731	0.10436147
1.21099997	0.85230070	0.14917569
1.21199997	0.73400593	0.20761564
1.21299997	0.43682334	0.27122292
1.21399997	0.02842028	0.32640254
1.21499997	-0.43165600	0.36457309
1.21599997	-0.74760085	0.37057087
1.21699997	-0.87530756	0.34393454
1.21799997	-0.78380293	0.29136935
1.21899997	-0.48412892	0.22047244
1.21999997	-0.09347318	0.15911049
1.22099997	0.33080092	0.11611097
1.22199997	0.65923351	0.10457677
1.22299997	0.84144318	0.12638411
1.22399997	0.82480317	0.17292076
1.22499997	0.61358881	0.23711245
1.22599997	0.24938484	0.30139640
1.22699997	-0.21367495	0.35654527
1.22799997	-0.59371924	0.37706077
1.22899997	-0.83707553	0.36008242
1.22999997	-0.86002094	0.31616017
1.23099997	-0.65843379	0.25132260
1.23199997	-0.31071603	0.18719243
1.23299997	0.13355069	0.13327387
1.23399997	0.51470226	0.10706816
1.23499997	0.77494460	0.11251231
1.23599997	0.85365403	0.14751476
1.23699997	0.73929626	0.20687746
1.23799997	0.44275960	0.27103838
1.23899997	0.00935039	0.33040109
1.23999997	-0.40535802	0.36540353
1.24099997	-0.74194145	0.37084767
1.24199997	-0.87644559	0.34464198
1.24299997	-0.78986222	0.29072341
1.24399997	-0.51193404	0.22659326
1.24499997	-0.08153912	0.16175567
1.24599996	0.33224654	0.11783341
1.24699996	0.66812253	0.10085507
1.24799996	0.83941317	0.12137057
1.24899996	0.81948203	0.17651944
1.24999996	0.60473055	0.24080339
1.25099996	0.22886933	0.30499509
1.25199996	-0.19432825	0.35153174
1.25299996	-0.60353100	0.37333909
1.25399996	-0.83446109	0.36180487
1.25499996	-0.85442299	0.31880537
1.25599996	-0.66692299	0.25744340
1.25699996	-0.29767472	0.18654650
1.25799996	0.11626476	0.13398130
1.25899996	0.51393330	0.10734498
1.25999996	0.77257627	0.11334276
1.26099996	0.85245448	0.15151329
1.26199996	0.73400593	0.20684670
1.26299996	0.43682334	0.27106914
1.26399996	0.02842028	0.32640254
1.26499996	-0.43165600	0.36457309
1.26599996	-0.74744707	0.37057087
1.26699996	-0.87453860	0.34393454
1.26799996	-0.78610975	0.29136935
1.26899996	-0.49314100	0.22047244
1.26999996	-0.10245448	0.15911049
1.27099996	0.32849410	0.11611097
1.27199996	0.66015625	0.10457677
1.27299996	0.84236592	0.12638411
1.27399996	0.82249629	0.17307456
1.27499996	0.60460752	0.23788139
1.27599996	0.24028051	0.29908955
1.27699996	-0.21675074	0.34756398
1.27799996	-0.59064347	0.36807948
1.27899996	-0.82790971	0.35777560
1.27999996	-0.85085505	0.31689838
1.28099996	-0.65535802	0.25147638
1.28199996	-0.31379184	0.18719243
1.28299996	0.12441560	0.13327387
1.28399996	0.50587475	0.10706816
1.28499996	0.77340674	0.11251231
1.28599996	0.85196233	0.14751476
1.28699996	0.72969979	0.20687746
1.28799996	0.43605438	0.27103838
1.28899996	0.01602485	0.33040109
1.28999996	-0.39563853	0.36540353
1.29099996	-0.73948079	0.37084767
1.29199996	-0.87718379	0.34464198
1.29299996	-0.79001600	0.29072341
1.29399996	-0.51193404	0.22659326
1.29499996	-0.08153912	0.16175567
1.29599996	0.33224654	0.11783341
1.29699996	0.66812253	0.10085507
1.29799996	0.83925933	0.12137057
1.29899996	0.81871307	0.17651944
1.29999996	0.60703743	0.24064961
1.30099996	0.23785064	0.30422613
1.30199996	-0.18534695	0.35386935
1.30299996	-0.60122418	0.38235113
1.30399996	-0.83523005	0.37078616
1.30499996	-0.85457677	0.32111222
1.30599996	-0.66692299	0.25667447
1.30699996	-0.29767472	0.18639271
1.30799996	0.11626476	0.13398130
1.30899996	0.51393330	0.10734498
1.30999996	0.77257627	0.11318897
1.31099996	0.85245448	0.15074433
1.31199996	0.73400593	0.20918430
1.31299996	0.43682334	0.28005046
1.31399996	0.02842028	0.33541462
1.31499996	-0.43165600	0.36687991
1.31599996	-0.74760085	0.36980191
1.31699996	-0.87530756	0.34378076
1.31799996	-0.78380293	0.29136935
1.31899996	-0.48412892	0.22047244
1.31999996	-0.09347318	0.15911049
1.32099996	0.33080092	0.11611097
1.32199996	0.65923351	0.10442298
1.32299996	0.84144318	0.12561515
1.32399996	0.82480317	0.17525837
1.32499996	0.61358881	0.24612451
1.32599996	0.24938484	0.31040847
1.32699996	-0.21367495	0.35885212
1.32799996	-0.59371924	0.37629184
1.32899996	-0.83707553	0.35992864
1.32999996	-0.86002094	0.31616017
1.33099996	-0.65843379	0.25132260
1.33199996	-0.31071603	0.18719243
1.33299996	0.13355069	0.13327387
1.33399996	0.51470226	0.10706816
1.33499996	0.77494460	0.11251231
1.33599996	0.85365403	0.14751476
1.33699996	0.73929626	0.20687746
1.33799996	0.44275960	0.27103838
1.33899996	0.00935039	0.33040109
1.33999996	-0.40551180	0.36540353
1.34099996	-0.74271035	0.37084767
1.34199996	-0.87395424	0.34464198
1.34299996	-0.78011197	0.29072341
1.34399996	-0.50529033	0.22659326
1.34499996	-0.08824434	0.16175567
1.34599996	0.32246554	0.11783341
1.34699996	0.66566193	0.10085507
1.34799996	0.84002829	0.12137057
1.34899996	0.81886685	0.17651944
1.34999996	0.60719121	0.24080339
1.35099996	0.23861958	0.30499509
1.35199996	-0.18765379	0.35171628
1.35299996	-0.61020547	0.37410802
1.35399996	-0.84421134	0.35946727
1.35499996	-0.85688359	0.30979329
1.35599996	-0.66615403	0.24843135
1.35699996	-0.29752091	0.18423967
1.35799996	0.11626476	0.13475025
1.35899996	0.51393330	0.10749877
1.35999996	0.77257627	0.11334276
1.36099996	0.85245448	0.15151329
1.36199996	0.73400593	0.20684670
1.36299996	0.43682334	0.27106914
1.36399996	0.02826649	0.32640254
1.36499996	-0.43242496	0.36457309
1.36599996	-0.74514025	0.37057087
1.36699996	-0.86555731	0.34393454
1.36799996	-0.77712846	0.29136935
1.36899996	-0.49083415	0.22047244
1.36999996	-0.10322343	0.15911049
1.37099996	0.32834029	0.11611097
1.37199996	0.66015625	0.10457677
1.37299996	0.84236592	0.12638411
1.37399996	0.82249629	0.17292076
1.37499996	0.60460752	0.23711245
1.37599996	0.24043430	0.30139640
1.37699996	-0.21598180	0.35654527
1.37799996	-0.59298104	0.37706077
1.37899996	-0.83692175	0.36008242
1.37999996	-0.86002094	0.31616017
1.38099996	-0.65843379	0.25132260
1.38199996	-0.31071603	0.18734621
1.38299996	0.13355069	0.13404281
1.38399996	0.51485604	0.10473056
1.38499996	0.77571356	0.10353100
1.38599996	0.85119343	0.13853346
1.38699996	0.72954601	0.20457062
1.38799996	0.43605438	0.27180734
1.38899996	0.01602485	0.33055487
1.38999996	-0.39579234	0.36540353
1.39099996	-0.74021900	0.37084767
1.39199996	-0.87472320	0.34464198
1.39299996	-0.78029650	0.29072341
1.39399996	-0.50529033	0.22659326
1.39499996	-0.08824434	0.16175567
1.39599996	0.32261935	0.11783341
1.39699996	0.66640007	0.10085507
1.39799996	0.83772147	0.12137057
1.39899996	0.80988556	0.17651944
1.39999996	0.59820992	0.24080339
1.40099996	0.23628199	0.30499509
1.40199996	-0.18691561	0.35153174
1.40299996	-0.61005169	0.37333909
1.40399996	-0.84436518	0.36180487
1.40499996	-0.85765254	0.31880537
1.40599996	-0.66384721	0.25744340
1.40699996	-0.28853962	0.18654650
1.40799996	0.12524606	0.13398130
1.40899996	0.51624018	0.10734498
1.40999996	0.77180731	0.11334276
1.41099996	0.85230070	0.15151329
1.41199996	0.73400593	0.20684670
1.41299996	0.43682334	0.27106914
1.41399996	0.02842028	0.32640254
1.41499996	-0.43165600	0.36457309
1.41599996	-0.74760085	0.37057087
1.41699996	-0.87530756	0.34393454
1.41799996	-0.78380293	0.29136935
1.41899996	-0.48412892	0.22047244
1.41999996	-0.09331939	0.15911049
1.42099996	0.33156988	0.11611097
1.42199996	0.65692669	0.10457677
1.42299996	0.83243108	0.12638411
1.42399996	0.81582183	0.17292076
1.42499996	0.61128199	0.23711245
1.42599996	0.25015378	0.30139640
1.42699996	-0.21352117	0.35654527
1.42799996	-0.59371924	0.37706077
1.42899996	-0.83707553	0.36008242
1.42999996	-0.85986710	0.31616017
1.43099996	-0.65766484	0.25132260
1.43199996	-0.31302288	0.18719243
1.43299996	0.12456939	0.13327387
1.43399996	0.50572097	0.10706816
1.43499996	0.77263778	0.11251231
1.43599996	0.85442299	0.14751476
1.43699996	0.73945004	0.20687746
1.43799996	0.44275960	0.27103838
1.43899996	0.00935039	0.33040109
1.43999996	-0.40535802	0.36555734
1.44099996	-0.74194145	0.37161663
1.44199996	-0.87644559	0.34233513
1.44299996	-0.78986222	0.28174213
1.44399996	-0.51193404	0.21758120
1.44499996	-0.08153912	0.15944882
1.44599996	0.33224654	0.11860237
1.44699996	0.66812253	0.10100885
1.44799996	0.83925933	0.12137057
1.44899996	0.81871307	0.17651944
1.44999996	0.60703743	0.24080339
1.45099996	0.23785064	0.30499509
1.45199996	-0.18534695	0.35153174
1.45299996	-0.60122418	0.37333909
1.45399996	-0.83523005	0.36180487
1.45499996	-0.85457677	0.31880537
1.45599996	-0.66692299	0.25744340
1.45699996	-0.29767472	0.18654650
1.45799996	0.11626476	0.13398130
1.45899996	0.51393330	0.10734498
1.45999996	0.77257627	0.11334276
1.46099996	0.85245448	0.15151329
1.46199996	0.73400593	0.20684670
1.46299996	0.43682334	0.27106914
1.46399996	0.02842028	0.32655635
1.46499996	-0.43165600	0.36534202
1.46599996	-0.74744707	0.36826402
1.46699996	-0.87453860	0.33495325
1.46799996	-0.78626353	0.28238803
1.46899996	-0.49390993	0.21816561
1.46999996	-0.10014763	0.15987943
1.47099996	0.33747539	0.11626476
1.47199996	0.66916829	0.10457677
1.47299996	0.84467274	0.12638411
1.47399996	0.82172734	0.17292076
1.47499996	0.60445374	0.23711245
1.47599996	0.24043430	0.30139640
1.47699996	-0.21598180	0.35654527
1.47799996	-0.59298104	0.37706077
1.47899996	-0.83692175	0.36008242
1.47999996	-0.86002094	0.31616017
1.48099996	-0.65843379	0.25132260
1.48199996	-0.31086984	0.18719243
1.48299996	0.13278174	0.13327387
1.48399996	0.51716292	0.10706816
1.48499996	0.78466409	0.11251231
1.48599996	0.86032850	0.14751476
1.48699996	0.73262179	0.20687746
1.48799996	0.43297860	0.27103838
1.48899996	0.00688976	0.33040109
1.48999996	-0.40474287	0.36540353
1.49099996	-0.74255657	0.37084767
1.49199996	-0.87410802	0.34479576
1.49299996	-0.78088093	0.29149237
1.49399996	-0.50295275	0.22428642
1.49499996	-0.07923228	0.15277436
1.49599996	0.33147761	0.10897515
1.49699996	0.66796875	0.09931718
1.49799996	0.83925933	0.11983268
1.49899996	0.81871307	0.16766118
1.49999996	0.60719121	0.23179133
1.50099996	0.23861958	0.30265749
1.50199996	-0.18765379	0.35230067
1.50299996	-0.61020547	0.37349287
1.50399996	-0.84421134	0.36180487
1.50499996	-0.85688359	0.31880537
1.50599996	-0.66615403	0.25759721
1.50699996	-0.29752091	0.18731545
1.50799996	0.11626476	0.13167445
1.50899996	0.51393330	0.09833292
1.50999996	0.77257627	0.10436147
1.51099996	0.85245448	0.14917569
1.51199996	0.73400593	0.20761564
1.51299996	0.43682334	0.27122292
1.51399996	0.02842028	0.32640254
1.51499996	-0.43165600	0.36457309
1.51599996	-0.74760085	0.37057087
1.51699996	-0.87530756	0.34393454
1.51799996	-0.78380293	0.29136935
1.51899996	-0.48412892	0.22047244
1.51999996	-0.09331939	0.15911049
1.52099996	0.33156988	0.11611097
1.52199996	0.65692669	0.10457677
1.52299996	0.83243108	0.12638411
1.52399996	0.81597567	0.17307456
1.52499996	0.61205095	0.23788139
1.52599996	0.24784695	0.29908955
1.52699996	-0.22250246	0.34756398
1.52799996	-0.60270053	0.36807948
1.52899996	-0.83938235	0.35777560
1.52999996	-0.85925198	0.31689838
1.53099996	-0.65828001	0.25147638
1.53199996	-0.31071603	0.18719243
1.53299996	0.13355069	0.13327387
1.53399996	0.51470226	0.10706816
1.53499996	0.77494460	0.11251231
1.53599996	0.85365403	0.14751476
1.53699996	0.73929626	0.20687746
1.53799996	0.44275960	0.27103838
1.53899996	0.00935039	0.33040109
1.53999996	-0.40551180	0.36540353
1.54099996	-0.74271035	0.37084767
1.54199996	-0.87410802	0.34479576
1.54299996	-0.78088093	0.29149237
1.54399996	-0.50295275	0.22428642
1.54499996	-0.07923228	0.15277436
1.54599996	0.33147761	0.10882135
1.54699996	0.66796875	0.09854823
1.54799996	0.83925933	0.12213952
1.54899996	0.81871307	0.17667323
1.54999996	0.60719121	0.24080339
1.55099996	0.23861958	0.30499509
1.55199996	-0.18765379	0.35153174
1.55299996	-0.61020547	0.37333909
1.55399996	-0.84421134	0.36180487
1.55499996	-0.85688359	0.31880537
1.55599996	-0.66615403	0.25744340
1.55699996	-0.29752091	0.18654650
1.55799996	0.11626476	0.13398130
1.55899996	0.51393330	0.10734498
1.55999996	0.77257627	0.11318897
1.56099996	0.85245448	0.15074433
1.56199996	0.73400593	0.20918430
1.56299996	0.43682334	0.28005046
1.56399996	0.02842028	0.33541462
1.56499996	-0.43165600	0.36687991
1.56599996	-0.74744707	0.36980191
1.56699996	-0.87453860	0.34378076
1.56799996	-0.78610975	0.29136935
1.56899996	-0.49314100	0.22047244
1.56999996	-0.10245448	0.15911049
1.57099996	0.32849410	0.11611097
1.57199996	0.66015625	0.10457677
1.57299996	0.84236592	0.12638411
1.57399996	0.82249629	0.17307456
1.57499996	0.60460752	0.23788139
1.57599996	0.24043430	0.29908955
1.57699996	-0.21598180	0.34756398
1.57799996	-0.59298104	0.36807948
1.57899996	-0.83692175	0.35777560
1.57999996	-0.86002094	0.31689838
1.58099996	-0.65843379	0.25147638
1.58199996	-0.31086984	0.18719243
1.58299996	0.13278174	0.13327387
1.58399996	0.51716292	0.10706816
1.58499996	0.78466409	0.11251231
1.58599996	0.86032850	0.14751476
1.58699996	0.73262179	0.20687746
1.58799996	0.43297860	0.27103838
1.58899996	0.00688976	0.33040109
1.58999996	-0.40458909	0.36540353
1.59099996	-0.74178767	0.37084767
1.59199996	-0.87644559	0.34464198
1.59299996	-0.78986222	0.29072341
1.59399996	-0.51193404	0.22659326
1.59499996	-0.08153912	0.16175567
1.59599996	0.33224654	0.11783341
1.59699996	0.66812253	0.10085507
1.59799996	0.83925933	0.12137057
1.59899995	0.81871307	0.17651944
1.59999995	0.60719121	0.24080339
1.60099995	0.23861958	0.30499509
1.60199995	-0.18765379	0.35153174
1.60299995	-0.61020547	0.37333909
1.60399995	-0.84436518	0.36180487
1.60499995	-0.85765254	0.31880537
1.60599995	-0.66384721	0.25744340
1.60699995	-0.28853962	0.18654650
1.60799995	0.12524606	0.13413508
1.60899995	0.51624018	0.10811393
1.60999995	0.77180731	0.11103593
1.61099995	0.85230070	0.14250124
1.61199995	0.73400593	0.19786540
1.61299995	0.43682334	0.26873153
1.61399995	0.02842028	0.32717150
1.61499995	-0.43165600	0.36472687
1.61599995	-0.74744707	0.37057087
1.61699995	-0.87453860	0.34393454
1.61799995	-0.78626353	0.29136935
1.61899995	-0.49390993	0.22047244
1.61999995	-0.10014763	0.15911049
1.62099995	0.33747539	0.11611097
1.62199995	0.66901451	0.10457677
1.62299995	0.84390378	0.12638411
1.62399995	0.82403421	0.17307456
1.62499995	0.61343503	0.23788139
1.62599995	0.24938484	0.29908955
1.62699995	-0.21367495	0.34756398
1.62799995	-0.59371924	0.36807948
1.62899995	-0.83707553	0.35777560
1.62999995	-0.86002094	0.31689838
1.63099995	-0.65843379	0.25147638
1.63199995	-0.31071603	0.18719243
1.63299995	0.13355069	0.13327387
1.63399995	0.51470226	0.10706816
1.63499995	0.77494460	0.11251231
1.63599995	0.85365403	0.14751476
1.63699995	0.73929626	0.20687746
1.63799995	0.44275960	0.27103838
1.63899995	0.00935039	0.33040109
1.63999995	-0.40551180	0.36555734
1.64099995	-0.74271035	0.37161663
1.64199995	-0.87410802	0.34233513
1.64299995	-0.78088093	0.28174213
1.64399995	-0.50295275	0.21758120
1.64499995	-0.07923228	0.15944882
1.64599995	0.33147761	0.11860237
1.64699995	0.66796875	0.10100885
1.64799995	0.83925933	0.12137057
1.64899995	0.81871307	0.17651944
1.64999995	0.60719121	0.24080339
1.65099995	0.23861958	0.30499509
1.65199995	-0.18765379	0.35153174
1.65299995	-0.61020547	0.37333909
1.65399995	-0.84421134	0.36180487
1.65499995	-0.85688359	0.31880537
1.65599995	-0.66615403	0.25744340
1.65699995	-0.29752091	0.18654650
1.65799995	0.11626476	0.13413508
1.65899995	0.51393330	0.10811393
1.65999995	0.77257627	0.11088213
1.66099995	0.85245448	0.14173228
1.66199995	0.73400593	0.20017225
1.66299995	0.43682334	0.27774361
1.66399995	0.02842028	0.33633736
1.66499995	-0.43165600	0.36780265
1.66599995	-0.74744707	0.36734128
1.66699995	-0.87453860	0.33403051
1.66799995	-0.78610975	0.28469488
1.66899995	-0.49314100	0.22717765
1.66999995	-0.10245448	0.16889149
1.67099995	0.32849410	0.11860237
1.67199995	0.66015625	0.10380782
1.67299995	0.84236592	0.12619956
1.67399995	0.82249629	0.17292076
1.67499995	0.60460752	0.23711245
1.67599995	0.24028051	0.30139640
1.67699995	-0.21675074	0.35654527
1.67799995	-0.59048969	0.37706077
1.67899995	-0.82714075	0.36008242
1.67999995	-0.85331571	0.31616017
1.68099995	-0.66507751	0.25132260
1.68199995	-0.32062009	0.18719243
1.68299995	0.13032112	0.13327387
1.68399995	0.51793182	0.10706816
1.68499995	0.78481793	0.11251231
1.68599995	0.86017472	0.14751476
1.68699995	0.73185283	0.20687746
1.68799995	0.43528542	0.27103838
1.68899995	0.01587106	0.33040109
1.68999995	-0.39579234	0.36555734
1.69099995	-0.74021900	0.37161663
1.69199995	-0.87487698	0.34233513
1.69299995	-0.78103471	0.28174213
1.69399995	-0.50295275	0.21758120
1.69499995	-0.07923228	0.15944882
1.69599995	0.33147761	0.11860237
1.69699995	0.66796875	0.10100885
1.69799995	0.83925933	0.12137057
1.69899995	0.81871307	0.17651944
1.69999995	0.60703743	0.24080339
1.70099995	0.23785064	0.30499509
1.70199995	-0.18534695	0.35153174
1.70299995	-0.60122418	0.37333909
1.70399995	-0.83538383	0.36180487
1.70499995	-0.85534573	0.31880537
1.70599995	-0.66461617	0.25744340
1.70699995	-0.28869340	0.18654650
1.70799995	0.12524606	0.13398130
1.70899995	0.51624018	0.10734498
1.70999995	0.77165353	0.11318897
1.71099995	0.85156250	0.15074433
1.71199995	0.73631275	0.20903051
1.71299995	0.44583538	0.27928150
1.71399995	0.03740158	0.33772147
1.71499995	-0.42931840	0.37589198
1.71599995	-0.74836981	0.37881398
1.71699995	-0.87546134	0.34608760
1.71799995	-0.78380293	0.29060039
1.71899995	-0.48412892	0.22031865
1.71999995	-0.09347318	0.15911049
1.72099995	0.33080092	0.11611097
1.72199995	0.65923351	0.10457677
1.72299995	0.84144318	0.12638411
1.72399995	0.82480317	0.17292076
1.72499995	0.61358881	0.23711245
1.72599995	0.24938484	0.30139640
1.72699995	-0.21367495	0.35654527
1.72799995	-0.59371924	0.37706077
1.72899995	-0.83707553	0.36008242
1.72999995	-0.85986710	0.31616017
1.73099995	-0.65766484	0.25132260
1.73199995	-0.31317666	0.18719243
1.73299995	0.12383120	0.13327387
1.73399995	0.50802779	0.10706816
1.73499995	0.78158832	0.11251231
1.73599995	0.86340427	0.14751476
1.73699995	0.74175692	0.20687746
1.73799995	0.44199064	0.27103838
1.73899995	0.00919660	0.33040109
1.73999995	-0.40551180	0.36555734
1.74099995	-0.74271035	0.37161663
1.74199995	-0.87410802	0.34233513
1.74299995	-0.78088093	0.28174213
1.74399995	-0.50295275	0.21758120
1.74499995	-0.07923228	0.15944882
1.74599995	0.33147761	0.11860237
1.74699995	0.66796875	0.10100885
1.74799995	0.83925933	0.12137057
1.74899995	0.81871307	0.17651944
1.74999995	0.60719121	0.24080339
1.75099995	0.23861958	0.30499509
1.75199995	-0.18765379	0.35171628
1.75299995	-0.61020547	0.37410802
1.75399995	-0.84436518	0.35946727
1.75499995	-0.85765254	0.30979329
1.75599995	-0.66384721	0.24843135
1.75699995	-0.28853962	0.18423967
1.75799995	0.12509227	0.13475025
1.75899995	0.51547122	0.10749877
1.75999995	0.77411419	0.11334276
1.76099995	0.86128199	0.15151329
1.76199995	0.74295646	0.20684670
1.76299995	0.43913016	0.27106914
1.76399995	0.02765133	0.32640254
1.76499995	-0.43180978	0.36457309
1.76599995	-0.74744707	0.37057087
1.76699995	-0.87453860	0.34393454
1.76799995	-0.78610975	0.29136935
1.76899995	-0.49314100	0.22047244
1.76999995	-0.10245448	0.15911049
1.77099995	0.32849410	0.11611097
1.77199995	0.66015625	0.10442298
1.77299995	0.84236592	0.12561515
1.77399995	0.82265007	0.17525837
1.77499995	0.60537648	0.24612451
1.77599995	0.23797368	0.31040847
1.77699995	-0.22573204	0.35885212
1.77799995	-0.59962475	0.37629184
1.77899995	-0.83021653	0.35992864
1.77999995	-0.85023993	0.31616017
1.78099995	-0.65594244	0.25132260
1.78199995	-0.31163877	0.18719243
1.78299995	0.13262795	0.13327387
1.78399995	0.51716292	0.10706816
1.78499995	0.78466409	0.11251231
1.78599995	0.86032850	0.14751476
1.78699995	0.73262179	0.20687746
1.78799995	0.43297860	0.27103838
1.78899995	0.00688976	0.33040109
1.78999995	-0.40458909	0.36540353
1.79099995	-0.74178767	0.37084767
1.79199995	-0.87629181	0.34464198
1.79299995	-0.78909326	0.29072341
1.79399995	-0.51427168	0.22659326
1.79499995	-0.09055118	0.16175567
1.79599995	0.32323450	0.11783341
1.79699995	0.66581571	0.10085507
1.79799995	0.84002829	0.12137057
1.79899995	0.81886685	0.17651944
1.79999995	0.60703743	0.24080339
1.80099995	0.23785064	0.30499509
1.80199995	-0.18534695	0.35153174
1.80299995	-0.60122418	0.37333909
1.80399995	-0.83538383	0.36180487
1.80499995	-0.85534573	0.31880537
1.80599995	-0.66461617	0.25744340
1.80699995	-0.28869340	0.18654650
1.80799995	0.12524606	0.13413508
1.80899995	0.51624018	0.10811393
1.80999995	0.77180731	0.11088213
1.81099995	0.85230070	0.14173228
1.81199995	0.73385209	0.20017225
1.81299995	0.43605438	0.27774361
1.81399995	0.03072712	0.33618355
1.81499995	-0.42264396	0.36703372
1.81599995	-0.73846579	0.36980191
1.81699995	-0.87223178	0.34378076
1.81799995	-0.78703249	0.29136935
1.81899995	-0.49406374	0.22047244
1.81999995	-0.09999385	0.15911049
1.82099995	0.33824435	0.11611097
1.82199995	0.66667694	0.10457677
1.82299995	0.83492249	0.12638411
1.82399995	0.81505293	0.17292076
1.82499995	0.61112821	0.23711245
1.82599995	0.25015378	0.30139640
1.82699995	-0.21352117	0.35654527
1.82799995	-0.59371924	0.37706077
1.82899995	-0.83707553	0.36008242
1.82999995	-0.86002094	0.31616017
1.83099995	-0.65843379	0.25132260
1.83199995	-0.31071603	0.18719243
1.83299995	0.13355069	0.13327387
1.83399995	0.51470226	0.10706816
1.83499995	0.77494460	0.11251231
1.83599995	0.85365403	0.14751476
1.83699995	0.73929626	0.20687746
1.83799995	0.44275960	0.27103838
1.83899995	0.00935039	0.33040109
1.83999995	-0.40551180	0.36555734
1.84099995	-0.74271035	0.37161663
1.84199995	-0.87410802	0.34233513
1.84299995	-0.78088093	0.28174213
1.84399995	-0.50295275	0.21758120
1.84499995	-0.07923228	0.15944882
1.84599995	0.33147761	0.11860237
1.84699995	0.66796875	0.10100885
1.84799995	0.83941317	0.12137057
1.84899995	0.81948203	0.17651944
1.84999995	0.60488433	0.24095719
1.85099995	0.22963829	0.30576402
1.85199995	-0.19663508	0.34922490
1.85299995	-0.61251229	0.36438853
1.85399995	-0.84359622	0.35282359
1.85499995	-0.85749876	0.31646776
1.85599995	-0.66384721	0.25821236
1.85699995	-0.28853962	0.18670030
1.85799995	0.12524606	0.13413508
1.85899995	0.51624018	0.10811393
1.85999995	0.77180731	0.11088213
1.86099995	0.85230070	0.14173228
1.86199995	0.73400593	0.20017225
1.86299995	0.43682334	0.27774361
1.86399995	0.02842028	0.33618355
1.86499995	-0.43165600	0.36703372
1.86599995	-0.74744707	0.36980191
1.86699995	-0.87453860	0.34378076
1.86799995	-0.78626353	0.29136935
1.86899995	-0.49390993	0.22047244
1.86999995	-0.10014763	0.15911049
1.87099995	0.33747539	0.11611097
1.87199995	0.66916829	0.10457677
1.87299995	0.84467274	0.12638411
1.87399995	0.82172734	0.17292076
1.87499995	0.60445374	0.23711245
1.87599995	0.24043430	0.30139640
1.87699995	-0.21598180	0.35654527
1.87799995	-0.59298104	0.37706077
1.87899995	-0.83692175	0.36008242
1.87999995	-0.85986710	0.31616017
1.88099995	-0.65766484	0.25132260
1.88199995	-0.31302288	0.18719243
1.88299995	0.12456939	0.13327387
1.88399995	0.50587475	0.10706816
1.88499995	0.77340674	0.11251231
1.88599995	0.85196233	0.14751476
1.88699995	0.72969979	0.20687746
1.88799995	0.43605438	0.27103838
1.88899995	0.01602485	0.33040109
1.88999995	-0.39579234	0.36540353
1.89099995	-0.74021900	0.37084767
1.89199995	-0.87487698	0.34479576
1.89299995	-0.78103471	0.29149237
1.89399995	-0.50295275	0.22428642
1.89499995	-0.07923228	0.15277436
1.89599995	0.33147761	0.10882135
1.89699995	0.66796875	0.09854823
1.89799995	0.83941317	0.12213952
1.89899995	0.81948203	0.17667323
1.89999995	0.60488433	0.24080339
1.90099995	0.22963829	0.30499509
1.90199995	-0.19663508	0.35153174
1.90299995	-0.61251229	0.37333909
1.90399995	-0.84359622	0.36180487
1.90499995	-0.85749876	0.31880537
1.90599995	-0.66384721	0.25744340
1.90699995	-0.28853962	0.18654650
1.90799995	0.12524606	0.13398130
1.90899995	0.51624018	0.10734498
1.90999995	0.77180731	0.11334276
1.91099995	0.85230070	0.15151329
1.91199995	0.73400593	0.20684670
1.91299995	0.43682334	0.27106914
1.91399995	0.02842028	0.32640254
1.91499995	-0.43165600	0.36457309
1.91599995	-0.74760085	0.37057087
1.91699995	-0.87530756	0.34393454
1.91799995	-0.78380293	0.29136935
1.91899995	-0.48412892	0.22047244
1.91999995	-0.09347318	0.15911049
1.92099995	0.33080092	0.11611097
1.92199995	0.65938729	0.10457677
1.92299995	0.84221208	0.12638411
1.92399995	0.82265007	0.17292076
1.92499995	0.60537648	0.23711245
1.92599995	0.23812746	0.30139640
1.92699995	-0.22496308	0.35654527
1.92799995	-0.60193157	0.37706077
1.92899995	-0.83922857	0.36008242
1.92999995	-0.85925198	0.31616017
1.93099995	-0.65828001	0.25132260
1.93199995	-0.31071603	0.18719243
1.93299995	0.13355069	0.13327387
1.93399995	0.51470226	0.10706816
1.93499995	0.77494460	0.11251231
1.93599995	0.85365403	0.14751476
1.93699995	0.73929626	0.20687746
1.93799995	0.44275960	0.27103838
1.93899995	0.00935039	0.33040109
1.93999995	-0.40551180	0.36555734
1.94099995	-0.74271035	0.37161663
1.94199995	-0.87395424	0.34233513
1.94299995	-0.78011197	0.28174213
1.94399995	-0.50529033	0.21758120
1.94499995	-0.08824434	0.15944882
1.94599995	0.32246554	0.11860237
1.94699995	0.66566193	0.10100885
1.94799995	0.84002829	0.12137057
1.94899995	0.81886685	0.17651944
1.94999995	0.60703743	0.24080339
1.95099995	0.23785064	0.30499509
1.95199995	-0.18519317	0.35153174
1.95299994	-0.60045522	0.37333909
1.95399994	-0.83756769	0.36180487
1.95499994	-0.86358881	0.31880537
1.95599994	-0.67593503	0.25744340
1.95699994	-0.29998153	0.18654650
1.95799994	0.11703371	0.13398130
1.95899994	0.51408708	0.10734498
1.95999994	0.77257627	0.11334276
1.96099994	0.85245448	0.15151329
1.96199994	0.73400593	0.20684670
1.96299994	0.43682334	0.27106914
1.96399994	0.02842028	0.32655635
1.96499994	-0.43165600	0.36534202
1.96599994	-0.74744707	0.36826402
1.96699994	-0.87453860	0.33495325
1.96799994	-0.78610975	0.28238803
1.96899994	-0.49314100	0.21816561
1.96999994	-0.10245448	0.15987943
1.97099994	0.32849410	0.11626476
1.97199994	0.66015625	0.10442298
1.97299994	0.84236592	0.12561515
1.97399994	0.82249629	0.17525837
1.97499994	0.60460752	0.24612451
1.97599994	0.24043430	0.31040847
1.97699994	-0.21598180	0.35885212
1.97799994	-0.59298104	0.37629184
1.97899994	-0.83692175	0.35992864
1.97999994	-0.86002094	0.31616017
1.98099994	-0.65843379	0.25132260
1.98199994	-0.31071603	0.18719243
1.98299994	0.13355069	0.13327387
1.98399994	0.51485604	0.10706816
1.98499994	0.77571356	0.11251231
1.98599994	0.85134721	0.14751476
1.98699994	0.73031497	0.20687746
1.98799994	0.43374753	0.27103838
1.98899994	0.00704355	0.33040109
1.98999994	-0.40458909	0.36555734
1.99099994	-0.74178767	0.37161663
1.99199994	-0.87644559	0.34233513
1.99299994	-0.78986222	0.28174213
1.99399994	-0.51193404	0.21758120
1.99499994	-0.08153912	0.15944882
1.99599994	0.33224654	0.11860237
1.99699994	0.66812253	0.10100885
1.99799994	0.83925933	0.12137057
1.99899994	0.81871307	0.17651944
1.99999994	0.60719121	0.24080339
2.00099994	0.23861958	0.30499509
2.00199994	-0.18765379	0.35153174
2.00299994	-0.61020547	0.37333909
