Time	Channel A	Channel B
(us)	(V)	(V)

-0.00400000	0.38973302	0.11042077
-0.00300000	0.71050692	0.14311638
-0.00200000	0.85577631	0.19552781
-0.00100000	0.80314958	0.25975025
0.00000000	0.56222320	0.31803641
0.00100000	0.17061393	0.36165109
0.00200000	-0.25581324	0.37349287
0.00300000	-0.65597320	0.35230067
0.00400000	-0.85765254	0.30265749
0.00500000	-0.83218503	0.23179133
0.00600000	-0.61232775	0.16750738
0.00700000	-0.22797737	0.11906373
0.00800000	0.18568529	0.10162401
0.00900000	0.56699067	0.11798720
0.01000000	0.79945868	0.16175567
0.01100000	0.84728718	0.22659326
0.01200000	0.69968009	0.29072341
0.01300000	0.38072097	0.34464198
0.01400000	-0.03352608	0.37084767
0.01500000	-0.48271409	0.36540353
0.01600000	-0.77525222	0.33040109
0.01700000	-0.87026328	0.27103838
0.01800000	-0.74978471	0.20687746
0.01900000	-0.42956448	0.14751476
0.02000000	-0.02703617	0.11251231
0.02100000	0.39908341	0.10706816
0.02200000	0.70718503	0.13312007
0.02300000	0.85002458	0.18642348
0.02400000	0.79825908	0.25378323
0.02500000	0.56102359	0.32591042
0.02600000	0.18220964	0.36678764
0.02700000	-0.28208047	0.37038633
0.02800000	-0.64151698	0.34679502
0.02900000	-0.84485728	0.29893577
0.03000000	-0.83559918	0.23788139
0.03100000	-0.61408097	0.17307456
0.03200000	-0.25529036	0.12619956
0.03300000	0.18839198	0.10380782
0.03400000	0.56136197	0.11844857
0.03500000	0.80831695	0.16812254
0.03600000	0.85500735	0.22948450
0.03700000	0.69460505	0.29367617
0.03800000	0.37140134	0.34316561
0.03900000	-0.06622170	0.37041709
0.04000000	-0.46908835	0.36472687
0.04100000	-0.77903545	0.32717150
0.04200000	-0.87838334	0.26873153
0.04300000	-0.75307578	0.19786540
0.04400000	-0.45189467	0.14250124
0.04500000	-0.01728592	0.11103593
0.04600000	0.38757998	0.10811393
0.04700000	0.70229453	0.13413508
0.04800000	0.84448820	0.18654650
0.04900000	0.79183072	0.25744340
0.05000000	0.55398005	0.31880537
0.05100000	0.16846088	0.36180487
0.05200000	-0.25489050	0.37349287
0.05300000	-0.65505046	0.35230067
0.05400000	-0.86011320	0.30265749
0.05500000	-0.84193528	0.23179133
0.05600000	-0.61900222	0.16750738
0.05700000	-0.22127214	0.11906373
0.05800000	0.19543552	0.10162401
0.05900000	0.56945127	0.11798720
0.06000000	0.79868972	0.16175567
0.06100000	0.84710258	0.22659326
0.06200000	0.69968009	0.29072341
0.06300000	0.38072097	0.34464198
0.06400000	-0.03337229	0.37100148
0.06500000	-0.48194513	0.36617249
0.06600000	-0.77755904	0.32806349
0.06700000	-0.87924457	0.26202634
0.06800000	-0.75876600	0.19789617
0.06900000	-0.43190205	0.14520793
0.07000000	-0.02626722	0.11312746
0.07100000	0.39923722	0.10645300
0.07200000	0.70718503	0.13542692
0.07300000	0.85002458	0.19540477
0.07400000	0.79841292	0.26279527
0.07500000	0.56179255	0.32821727
0.07600000	0.18005659	0.36601871
0.07700000	-0.29029280	0.37023252
0.07800000	-0.65295893	0.34694883
0.07900000	-0.85694510	0.29970473
0.08000000	-0.84153545	0.23557456
0.08100000	-0.60725272	0.16409326
0.08200000	-0.24538632	0.11737204
0.08300000	0.19162156	0.10223917
0.08400000	0.55813235	0.11687992
0.08500000	0.79838210	0.15929502
0.08600000	0.84830219	0.22031865
0.08700000	0.70124876	0.29060039
0.08800000	0.38115159	0.34624138
0.08900000	-0.06376107	0.37958291
0.09000000	-0.47001109	0.37370816
0.09100000	-0.77992743	0.32950911
0.09200000	-0.87607652	0.26799336
0.09300000	-0.74409449	0.19771162
0.09400000	-0.44306716	0.14234744
0.09500000	-0.01571727	0.11026698
0.09600000	0.38911787	0.11042077
0.09700000	0.71112204	0.14311638
0.09800000	0.85362327	0.19552781
0.09900000	0.79490650	0.25975025
0.10000000	0.55090427	0.31803641
0.10100000	0.15932579	0.36165109
0.10200000	-0.26387179	0.37349287
0.10300000	-0.65735728	0.35230067
0.10400000	-0.85919046	0.30265749
0.10500000	-0.84101254	0.23179133
0.10600000	-0.62130904	0.16750738
0.10700000	-0.23028420	0.11906373
0.10800000	0.18626969	0.10162401
0.10900000	0.56637549	0.11798720
0.11000000	0.80176550	0.16175567
0.11100000	0.85623771	0.22659326
0.11200000	0.70881522	0.29072341
0.11300000	0.38379675	0.34464198
0.11400000	-0.03663263	0.37084767
0.11500000	-0.49184915	0.36540353
0.11600000	-0.78426427	0.33040109
0.11700000	-0.87260085	0.27103838
0.11800000	-0.74904650	0.20687746
0.11900000	-0.42941067	0.14751476
0.12000000	-0.02703617	0.11235851
0.12100000	0.39908341	0.10629921
0.12200000	0.70718503	0.13542692
0.12300000	0.85002458	0.19540477
0.12400000	0.79825908	0.26279527
0.12500000	0.56102359	0.32821727
0.12600000	0.18220964	0.36601871
0.12700000	-0.28208047	0.37023252
0.12800000	-0.64167076	0.34679502
0.12900000	-0.84562624	0.29893577
0.13000000	-0.83329231	0.23788139
0.13100000	-0.60509968	0.17307456
0.13200000	-0.24630906	0.12638411
0.13300000	0.19069882	0.10457677
0.13400000	0.56043923	0.11611097
0.13500000	0.80739421	0.15911049
0.13600000	0.85731423	0.22047244
0.13700000	0.70358634	0.29136935
0.13800000	0.38038263	0.34393454
0.13900000	-0.06391487	0.37057087
0.14000000	-0.46985728	0.36472687
0.14100000	-0.77918923	0.32717150
0.14200000	-0.87838334	0.26873153
0.14300000	-0.75307578	0.19786540
0.14400000	-0.45204848	0.14250124
0.14500000	-0.01805487	0.11103593
0.14600000	0.38988680	0.10811393
0.14700000	0.71127582	0.13413508
0.14800000	0.85346949	0.18654650
0.14900000	0.79413754	0.25744340
0.15000000	0.55321109	0.31880537
0.15100000	0.16827632	0.36180487
0.15200000	-0.25489050	0.37349287
0.15300000	-0.65505046	0.35230067
0.15400000	-0.85995942	0.30265749
0.15500000	-0.84116632	0.23179133
0.15600000	-0.62130904	0.16750738
0.15700000	-0.23028420	0.11906373
0.15800000	0.18642348	0.10162401
0.15900000	0.56714445	0.11798720
0.16000000	0.79945868	0.16175567
0.16100000	0.84728718	0.22659326
0.16200000	0.69968009	0.29072341
0.16300000	0.38072097	0.34464198
0.16400000	-0.03352608	0.37100148
0.16500000	-0.48271409	0.36617249
0.16600000	-0.77525222	0.32821727
0.16700000	-0.87026328	0.26279527
0.16800000	-0.74978471	0.19555856
0.16900000	-0.42956448	0.13619587
0.17000000	-0.02703617	0.10414616
0.17100000	0.39908341	0.10414616
0.17200000	0.70718503	0.13634965
0.17300000	0.85002458	0.19632751
0.17400000	0.79841292	0.26033464
0.17500000	0.56179255	0.31846702
0.17600000	0.18005659	0.35931349
0.17700000	-0.29029280	0.37690699
0.17800000	-0.65295893	0.35669905
0.17900000	-0.85694510	0.30216536
0.18000000	-0.84153545	0.23480561
0.18100000	-0.60725272	0.16393946
0.18200000	-0.24538632	0.11737204
0.18300000	0.19162156	0.10223917
0.18400000	0.55813235	0.11687992
0.18499999	0.79838210	0.15929502
0.18599999	0.84830219	0.22047244
0.18699999	0.70124876	0.29136935
0.18799999	0.38115159	0.34393454
0.18899999	-0.06376107	0.37057087
0.18999999	-0.47001109	0.36472687
0.19099999	-0.77992743	0.32717150
0.19199999	-0.87607652	0.26888534
0.19299999	-0.74409449	0.19863436
0.19399999	-0.44306716	0.14019439
0.19499999	-0.01571727	0.10202387
0.19599999	0.38896409	0.09910187
0.19699999	0.71035308	0.13182825
0.19799999	0.85577631	0.18731545
0.19899999	0.80314958	0.25759721
0.19999999	0.56222320	0.31880537
0.20099999	0.17061393	0.36180487
0.20199999	-0.25565946	0.37349287
0.20299999	-0.65520424	0.35230067
0.20399999	-0.85995942	0.30265749
0.20499999	-0.84116632	0.23179133
0.20599999	-0.62130904	0.16750738
0.20699999	-0.23028420	0.11906373
0.20799999	0.18642348	0.10162401
0.20899999	0.56714445	0.11798720
0.20999999	0.79945868	0.16175567
0.21099999	0.84728718	0.22659326
0.21199999	0.69968009	0.29072341
0.21299999	0.38072097	0.34464198
0.21399999	-0.03352608	0.37100148
0.21499999	-0.48271409	0.36617249
0.21599999	-0.77525222	0.32821727
0.21699999	-0.87026328	0.26279527
0.21799999	-0.74963093	0.19555856
0.21899999	-0.42882627	0.13619587
0.21999999	-0.02934301	0.10414616
0.22099999	0.39010212	0.10414616
0.22199999	0.69820374	0.13634965
0.22299999	0.84768701	0.19632751
0.22399999	0.79902804	0.26033464
0.22499999	0.56117743	0.31846702
0.22599999	0.18220964	0.35946727
0.22699999	-0.28208047	0.37764516
0.22799999	-0.64167076	0.35423842
0.22899999	-0.84562624	0.29244587
0.22999999	-0.83344609	0.22813115
0.23099999	-0.60586858	0.17061393
0.23199999	-0.24397145	0.12696850
0.23299999	0.19971088	0.10396162
0.23399999	0.56945127	0.11844857
0.23499999	0.80970103	0.16812254
0.23599999	0.85639149	0.22948450
0.23699999	0.70266360	0.29367617
0.23799999	0.38268948	0.34316561
0.23899999	-0.05493356	0.37041709
0.23999999	-0.46087599	0.36472687
0.24099999	-0.77685159	0.32717150
0.24199999	-0.87915230	0.26888534
0.24299999	-0.75322956	0.19863436
0.24399999	-0.45204848	0.14004061
0.24499999	-0.01805487	0.10125492
0.24599999	0.38988680	0.10140871
0.24699999	0.71127582	0.14080955
0.24799999	0.85346949	0.19629675
0.24899999	0.79413754	0.25990403
0.24999999	0.55321109	0.31819022
0.25099999	0.16827632	0.36238927
0.25199999	-0.25489050	0.37103224
0.25299999	-0.65505046	0.34255046
0.25399999	-0.85995942	0.29598302
0.25499999	-0.84116632	0.23846580
0.25599999	-0.62130904	0.17728838
0.25699999	-0.23028420	0.12152436
0.25799999	0.18642348	0.10085507
0.25899999	0.56714445	0.11783341
0.25999999	0.79945868	0.16175567
0.26099999	0.84728718	0.22659326
0.26199999	0.69968009	0.29072341
0.26299999	0.38072097	0.34464198
0.26399999	-0.03337229	0.37100148
0.26499999	-0.48194513	0.36617249
0.26599999	-0.77755904	0.32821727
0.26699999	-0.87924457	0.26279527
0.26799999	-0.75861222	0.19555856
0.26899999	-0.43113312	0.13619587
0.26999999	-0.02872785	0.10414616
0.27099999	0.38948697	0.10414616
0.27199999	0.70051056	0.13619587
0.27299999	0.85669905	0.19555856
0.27399999	0.80816317	0.26279527
0.27499999	0.56425321	0.32821727
0.27599999	0.17928764	0.36601871
0.27699999	-0.29044661	0.37023252
0.27799999	-0.65295893	0.34679502
0.27899999	-0.85694510	0.29893577
0.27999999	-0.84153545	0.23788139
0.28099999	-0.60725272	0.17307456
0.28199999	-0.24554011	0.12619956
0.28299999	0.19085261	0.10380782
0.28399999	0.56043923	0.11844857
0.28499999	0.80739421	0.16812254
0.28599999	0.85731423	0.22948450
0.28699999	0.70358634	0.29367617
0.28799999	0.38038263	0.34316561
0.28899999	-0.06391487	0.37041709
0.28999999	-0.47001109	0.36472687
0.29099999	-0.77992743	0.32717150
0.29199999	-0.87607652	0.26873153
0.29299999	-0.74409449	0.19786540
0.29399999	-0.44306716	0.14250124
0.29499999	-0.01571727	0.11103593
0.29599999	0.38896409	0.10811393
0.29699999	0.71035308	0.13413508
0.29799999	0.85577631	0.18654650
0.29899999	0.80314958	0.25744340
0.29999999	0.56203860	0.31880537
0.30099999	0.16984499	0.36180487
0.30199999	-0.25335261	0.37349287
0.30299999	-0.64622295	0.35230067
0.30399999	-0.85094732	0.30265749
0.30499999	-0.83882874	0.23179133
0.30599999	-0.62207800	0.16750738
0.30699999	-0.23043799	0.11906373
0.30799999	0.18626969	0.10162401
0.30899999	0.56637549	0.11798720
0.30999999	0.80176550	0.16175567
0.31099999	0.85623771	0.22659326
0.31199999	0.70866144	0.29072341
0.31299999	0.38302779	0.34464198
0.31399999	-0.03429503	0.37084767
0.31499999	-0.48286787	0.36540353
0.31599999	-0.77525222	0.33055487
0.31699999	-0.87026328	0.27180734
0.31799999	-0.74963093	0.20457062
0.31899999	-0.42882627	0.13853346
0.31999999	-0.02934301	0.10353100
0.32099999	0.39010212	0.10473056
0.32199999	0.69820374	0.13404281
0.32299999	0.84768701	0.18734621
0.32399999	0.79902804	0.25132260
0.32499999	0.56117743	0.31616017
0.32599999	0.18220964	0.36008242
0.32699999	-0.28208047	0.37706077
0.32799999	-0.64167076	0.35654527
0.32899999	-0.84562624	0.30139640
0.32999999	-0.83344609	0.23711245
0.33099999	-0.60586858	0.17292076
0.33199999	-0.24381767	0.12638411
0.33299999	0.20047982	0.10457677
0.33399999	0.56711370	0.11611097
0.33499999	0.80071974	0.15911049
0.33599999	0.84753323	0.22047244
0.33699999	0.70109499	0.29136935
0.33799999	0.38115159	0.34393454
0.33899999	-0.06376107	0.37057087
0.33999999	-0.46985728	0.36457309
0.34099999	-0.77918923	0.32640254
0.34199999	-0.87838334	0.27106914
0.34299999	-0.75307578	0.20684670
0.34399999	-0.45204848	0.15151329
0.34499999	-0.01805487	0.11334276
0.34599999	0.38988680	0.10734498
0.34699999	0.71127582	0.13398130
0.34799999	0.85346949	0.18654650
0.34899999	0.79413754	0.25744340
0.34999999	0.55321109	0.31880537
0.35099999	0.16827632	0.36180487
0.35199999	-0.25489050	0.37349287
0.35299999	-0.65505046	0.35230067
0.35399999	-0.85995942	0.30250368
0.35499999	-0.84116632	0.23102239
0.35599999	-0.62130904	0.16981423
0.35699999	-0.23028420	0.12801427
0.35799999	0.18642348	0.11060531
0.35899999	0.56714445	0.12029404
0.35999999	0.79945868	0.16101746
0.36099999	0.84728718	0.22643946
0.36199999	0.69968009	0.29072341
0.36299999	0.38072097	0.34464198
0.36399999	-0.03352608	0.37100148
0.36499999	-0.48271409	0.36617249
0.36599999	-0.77525222	0.32806349
0.36699999	-0.87026328	0.26202634
0.36799999	-0.74978471	0.19789617
0.36899999	-0.42956448	0.14520793
0.36999999	-0.02703617	0.11312746
0.37099999	0.39908341	0.10645300
0.37199999	0.70718503	0.13542692
0.37299999	0.85002458	0.19540477
0.37399999	0.79825908	0.26279527
0.37499999	0.56102359	0.32821727
0.37599999	0.18236344	0.36601871
0.37699999	-0.28131151	0.37023252
0.37799999	-0.64397758	0.34694883
0.37899999	-0.85463828	0.29970473
0.37999999	-0.84245819	0.23557456
0.38099999	-0.60817546	0.16409326
0.38199999	-0.24307948	0.11737204
0.38299999	0.20063362	0.10223917
0.38399999	0.56711370	0.11687992
0.38499999	0.80071974	0.15929502
0.38599999	0.84753323	0.22047244
0.38699999	0.70109499	0.29136935
0.38799999	0.38115159	0.34393454
0.38899999	-0.06376107	0.37057087
0.38999999	-0.46985728	0.36472687
0.39099999	-0.77918923	0.32717150
0.39199999	-0.87838334	0.26888534
0.39299999	-0.75307578	0.19863436
0.39399999	-0.45189467	0.14019439
0.39499999	-0.01728592	0.10202387
0.39599999	0.38742617	0.09910187
0.39699999	0.70152557	0.13182825
0.39799999	0.84682578	0.18731545
0.39899999	0.80084276	0.25759721
0.39999999	0.56280756	0.31880537
0.40099999	0.16999876	0.36180487
0.40199999	-0.25350639	0.37349287
0.40299999	-0.64696109	0.35230067
0.40399999	-0.84864050	0.30265749
0.40499999	-0.82987821	0.23179133
0.40599999	-0.61309671	0.16750738
0.40699999	-0.22813115	0.11906373
0.40799999	0.18568529	0.10162401
0.40899999	0.56699067	0.11798720
0.40999999	0.79945868	0.16175567
0.41099999	0.84728718	0.22659326
0.41199999	0.69968009	0.29072341
0.41299999	0.38072097	0.34464198
0.41399999	-0.03352608	0.37084767
0.41499999	-0.48271409	0.36540353
0.41599999	-0.77525222	0.33055487
0.41699999	-0.87026328	0.27180734
0.41799999	-0.74963093	0.20457062
0.41899999	-0.42882627	0.13853346
0.41999999	-0.02949680	0.10353100
0.42099999	0.38933316	0.10473056
0.42199999	0.70051056	0.13404281
0.42299999	0.85669905	0.18734621
0.42399999	0.80800933	0.25132260
0.42499999	0.56351501	0.31616017
0.42599999	0.18159449	0.36008242
0.42699999	-0.28146529	0.37706077
0.42799999	-0.64397758	0.35654527
0.42899999	-0.85463828	0.30139640
0.42999999	-0.84245819	0.23711245
0.43099999	-0.60817546	0.17292076
0.43199999	-0.24307948	0.12638411
0.43299999	0.20063362	0.10457677
0.43399999	0.56711370	0.11611097
0.43499999	0.80071974	0.15911049
0.43599999	0.84753323	0.22047244
0.43699999	0.70109499	0.29136935
0.43799999	0.38099778	0.34378076
0.43899999	-0.06453002	0.36980191
0.43999999	-0.46751967	0.36703372
0.44099999	-0.77017719	0.33618355
0.44199999	-0.86940205	0.27774361
0.44299999	-0.75073820	0.20017225
0.44399999	-0.45281741	0.14173228
0.44499999	-0.01820866	0.11088213
0.44599999	0.38988680	0.10811393
0.44699999	0.71127582	0.13413508
0.44799999	0.85346949	0.18654650
0.44899999	0.79413754	0.25744340
0.44999999	0.55305731	0.31880537
0.45099999	0.16753814	0.36180487
0.45199999	-0.25258365	0.37349287
0.45299999	-0.64606917	0.35230067
0.45399999	-0.85094732	0.30265749
0.45499999	-0.83882874	0.23179133
0.45599999	-0.62223178	0.16750738
0.45699999	-0.23120694	0.11906373
0.45799999	0.18876107	0.10162401
0.45899999	0.57612574	0.11798720
0.45999999	0.80843997	0.16175567
0.46099999	0.84959400	0.22659326
0.46199999	0.69906497	0.29072341
0.46299999	0.38133612	0.34464198
0.46399999	-0.03586368	0.37084767
0.46499999	-0.49169537	0.36540353
0.46599999	-0.78426427	0.33055487
0.46699999	-0.87260085	0.27180734
0.46799999	-0.74886197	0.20457062
0.46899999	-0.42864174	0.13853346
0.46999999	-0.02934301	0.10337722
0.47099999	0.39010212	0.10396162
0.47199999	0.69820374	0.13634965
0.47299999	0.84768701	0.19632751
0.47399999	0.79902804	0.26033464
0.47499999	0.56117743	0.31846702
0.47599999	0.18220964	0.35931349
0.47699999	-0.28208047	0.37690699
0.47799999	-0.64167076	0.35654527
0.47899999	-0.84562624	0.30139640
0.47999999	-0.83329231	0.23711245
0.48099999	-0.60509968	0.17292076
0.48199999	-0.24615526	0.12638411
0.48299999	0.19146776	0.10457677
0.48399999	0.55813235	0.11611097
0.48499999	0.79838210	0.15911049
0.48599999	0.84830219	0.22047244
0.48699999	0.70124876	0.29136935
0.48799999	0.38115159	0.34393454
0.48899999	-0.06376107	0.37057087
0.48999999	-0.47001109	0.36472687
0.49099999	-0.77992743	0.32717150
0.49199999	-0.87607652	0.26873153
0.49299999	-0.74409449	0.19786540
0.49399999	-0.44306716	0.14250124
0.49499999	-0.01571727	0.11103593
0.49599999	0.38911787	0.10811393
0.49699999	0.71112204	0.13413508
0.49799999	0.85346949	0.18654650
0.49899999	0.79413754	0.25744340
0.49999999	0.55321109	0.31880537
0.50099999	0.16827632	0.36180487
0.50199999	-0.25489050	0.37349287
0.50299999	-0.65505046	0.35230067
0.50399999	-0.85995942	0.30265749
0.50499999	-0.84116632	0.23179133
0.50599999	-0.62130904	0.16750738
0.50699999	-0.23028420	0.11906373
0.50799999	0.18642348	0.10162401
0.50899999	0.56714445	0.11798720
0.50999999	0.79945868	0.16175567
0.51099999	0.84728718	0.22659326
0.51199999	0.69968009	0.29072341
0.51299999	0.38072097	0.34464198
0.51399999	-0.03352608	0.37100148
0.51499999	-0.48271409	0.36617249
0.51599999	-0.77525222	0.32806349
0.51699999	-0.87026328	0.26202634
0.51799999	-0.74963093	0.19789617
0.51899999	-0.42882627	0.14520793
0.51999999	-0.02934301	0.11312746
0.52099999	0.39010212	0.10645300
0.52199999	0.69820374	0.13558070
0.52299999	0.84768701	0.19617371
0.52399999	0.79902804	0.26048842
0.52499999	0.56117743	0.31923598
0.52599999	0.18220964	0.35700664
0.52699999	-0.28208047	0.36792567
0.52799999	-0.64167076	0.34756398
0.52899999	-0.84562624	0.29908955
0.52999999	-0.83329231	0.23788139
0.53099999	-0.60509968	0.17307456
0.53199999	-0.24630906	0.12638411
0.53299999	0.19069882	0.10457677
0.53399999	0.56043923	0.11611097
0.53499999	0.80739421	0.15911049
0.53599999	0.85716045	0.22047244
0.53699999	0.70281744	0.29136935
0.53799999	0.38253567	0.34393454
0.53899998	-0.05570251	0.37057087
0.53999998	-0.45856914	0.36472687
0.54099998	-0.76787031	0.32717150
0.54199998	-0.87014025	0.26888534
0.54299998	-0.75089198	0.19863436
0.54399998	-0.45281741	0.14019439
0.54499998	-0.01820866	0.10202387
0.54599998	0.38988680	0.09910187
0.54699998	0.71127582	0.13182825
0.54799998	0.85346949	0.18731545
0.54899998	0.79413754	0.25759721
0.54999998	0.55321109	0.31880537
0.55099998	0.16827632	0.36180487
0.55199998	-0.25489050	0.37349287
0.55299998	-0.65505046	0.35230067
0.55399998	-0.85995942	0.30265749
0.55499998	-0.84116632	0.23179133
0.55599998	-0.62130904	0.16750738
0.55699998	-0.23028420	0.11906373
0.55799998	0.18642348	0.10162401
0.55899998	0.56714445	0.11798720
0.55999998	0.79945868	0.16175567
0.56099998	0.84728718	0.22659326
0.56199998	0.69983393	0.29072341
0.56299998	0.38148990	0.34464198
0.56399998	-0.03586368	0.37084767
0.56499998	-0.49169537	0.36540353
0.56599998	-0.78426427	0.33040109
0.56699998	-0.87260085	0.27103838
0.56799998	-0.74886197	0.20687746
0.56899998	-0.42864174	0.14751476
0.56999998	-0.02934301	0.11235851
0.57099998	0.39010212	0.10629921
0.57199998	0.69820374	0.13542692
0.57299998	0.84768701	0.19540477
0.57399998	0.79918182	0.26279527
0.57499998	0.56194633	0.32821727
0.57599998	0.17990281	0.36601871
0.57699998	-0.29106176	0.37023252
0.57799998	-0.65062129	0.34679502
0.57899998	-0.84793305	0.29893577
0.57999998	-0.83252335	0.23788139
0.58099998	-0.60494584	0.17307456
0.58199998	-0.24615526	0.12619956
0.58299998	0.19146776	0.10380782
0.58399998	0.55813235	0.11844857
0.58499998	0.79838210	0.16812254
0.58599998	0.84830219	0.22948450
0.58699998	0.70124876	0.29367617
0.58799998	0.38115159	0.34316561
0.58899998	-0.06376107	0.37041709
0.58999998	-0.47001109	0.36472687
0.59099998	-0.77992743	0.32717150
0.59199998	-0.87607652	0.26888534
0.59299998	-0.74409449	0.19863436
0.59399998	-0.44306716	0.14004061
0.59499998	-0.01571727	0.10125492
0.59599998	0.38896409	0.10140871
0.59699998	0.71035308	0.14080955
0.59799998	0.85593009	0.19629675
0.59899998	0.80391854	0.25990403
0.59999998	0.55973178	0.31803641
0.60099998	0.16086368	0.36165109
0.60199998	-0.26233390	0.37333909
0.60299998	-0.64852977	0.35153174
0.60399998	-0.85017842	0.30499509
0.60499998	-0.83867496	0.24080339
0.60599998	-0.62207800	0.17651944
0.60699998	-0.23043799	0.12137057
0.60799998	0.18642348	0.10085507
0.60899998	0.56714445	0.11783341
0.60999998	0.79945868	0.16175567
0.61099998	0.84728718	0.22659326
0.61199998	0.69968009	0.29072341
0.61299998	0.38072097	0.34464198
0.61399998	-0.03352608	0.37100148
0.61499998	-0.48271409	0.36617249
0.61599998	-0.77525222	0.32806349
0.61699998	-0.87026328	0.26202634
0.61799998	-0.74963093	0.19789617
0.61899998	-0.42882627	0.14520793
0.61999998	-0.02934301	0.11312746
0.62099998	0.39010212	0.10645300
0.62199998	0.69820374	0.13558070
0.62299998	0.84768701	0.19617371
0.62399998	0.79902804	0.26033464
0.62499998	0.56117743	0.31846702
0.62599998	0.18220964	0.35931349
0.62699998	-0.28208047	0.37690699
0.62799998	-0.64167076	0.35654527
0.62899998	-0.84562624	0.30139640
0.62999998	-0.83329231	0.23711245
0.63099998	-0.60509968	0.17292076
0.63199998	-0.24630906	0.12638411
0.63299998	0.19069882	0.10457677
0.63399998	0.56043923	0.11611097
0.63499998	0.80739421	0.15911049
0.63599998	0.85731423	0.22047244
0.63699998	0.70358634	0.29136935
0.63799998	0.38038263	0.34393454
0.63899998	-0.06391487	0.37057087
0.63999998	-0.46985728	0.36472687
0.64099998	-0.77918923	0.32717150
0.64199998	-0.87838334	0.26873153
0.64299998	-0.75307578	0.19786540
0.64399998	-0.45204848	0.14250124
0.64499998	-0.01805487	0.11103593
0.64599998	0.38988680	0.10811393
0.64699998	0.71127582	0.13413508
0.64799998	0.85346949	0.18654650
0.64899998	0.79413754	0.25744340
0.64999998	0.55321109	0.31880537
0.65099998	0.16827632	0.36180487
0.65199998	-0.25489050	0.37349287
0.65299998	-0.65505046	0.35230067
0.65399998	-0.85995942	0.30265749
0.65499998	-0.84116632	0.23179133
0.65599998	-0.62130904	0.16750738
0.65699998	-0.23028420	0.11906373
0.65799998	0.18642348	0.10162401
0.65899998	0.56714445	0.11798720
0.65999998	0.79945868	0.16175567
0.66099998	0.84728718	0.22659326
0.66199998	0.69968009	0.29072341
0.66299998	0.38072097	0.34464198
0.66399998	-0.03352608	0.37100148
0.66499998	-0.48271409	0.36617249
0.66599998	-0.77525222	0.32806349
0.66699998	-0.87026328	0.26202634
0.66799998	-0.74963093	0.19789617
0.66899998	-0.42882627	0.14520793
0.66999998	-0.02934301	0.11312746
0.67099998	0.39010212	0.10645300
0.67199998	0.69820374	0.13558070
0.67299998	0.84768701	0.19617371
0.67399998	0.79902804	0.26048842
0.67499998	0.56117743	0.31923598
0.67599998	0.18236344	0.35700664
0.67699998	-0.28131151	0.36792567
0.67799998	-0.64397758	0.34756398
0.67899998	-0.85463828	0.29908955
0.67999998	-0.84245819	0.23788139
0.68099998	-0.60817546	0.17307456
0.68199998	-0.24307948	0.12619956
0.68299998	0.20063362	0.10380782
0.68399998	0.56695992	0.11844857
0.68499998	0.79995078	0.16812254
0.68599998	0.84987080	0.22948450
0.68699998	0.71010703	0.29367617
0.68799998	0.39013287	0.34316561
0.68899998	-0.06142347	0.37041709
0.68999998	-0.47078001	0.36472687
0.69099998	-0.78008121	0.32717150
0.69199998	-0.87607652	0.26873153
0.69299998	-0.74409449	0.19786540
0.69399998	-0.44306716	0.14234744
0.69499998	-0.01571727	0.11026698
0.69599998	0.38896409	0.11042077
0.69699998	0.71035308	0.14311638
0.69799998	0.85577631	0.19552781
0.69899998	0.80314958	0.25975025
0.69999998	0.56222320	0.31803641
0.70099998	0.17061393	0.36165109
0.70199998	-0.25565946	0.37349287
0.70299998	-0.65520424	0.35230067
0.70399998	-0.85995942	0.30265749
0.70499998	-0.84116632	0.23179133
0.70599998	-0.62130904	0.16750738
0.70699998	-0.23028420	0.11906373
0.70799998	0.18642348	0.10162401
0.70899998	0.56714445	0.11798720
0.70999998	0.79961246	0.16175567
0.71099998	0.84802532	0.22659326
0.71199998	0.69752705	0.29072341
0.71299998	0.37250862	0.34464198
0.71399998	-0.04481422	0.37084767
0.71499998	-0.49400222	0.36540353
0.71599998	-0.78334153	0.33040109
0.71699998	-0.87167817	0.27103838
0.71799998	-0.75135332	0.20687746
0.71899998	-0.43839198	0.14751476
0.71999998	-0.03598671	0.11235851
0.72099998	0.39677659	0.10629921
0.72199998	0.70795399	0.13558070
0.72299998	0.85017842	0.19617371
0.72399998	0.79825908	0.26048842
0.72499998	0.56102359	0.31923598
0.72599998	0.18220964	0.35700664
0.72699998	-0.28208047	0.36792567
0.72799998	-0.64167076	0.34771776
0.72899998	-0.84562624	0.29985851
0.72999998	-0.83329231	0.23557456
0.73099998	-0.60509968	0.16409326
0.73199998	-0.24630906	0.11721826
0.73299998	0.19069882	0.10147022
0.73399998	0.56043923	0.11921752
0.73499998	0.80739421	0.16827632
0.73599998	0.85716045	0.22948450
0.73699998	0.70281744	0.29367617
0.73799998	0.38253567	0.34316561
0.73899998	-0.05570251	0.37041709
0.73999998	-0.45856914	0.36472687
0.74099998	-0.76787031	0.32717150
0.74199998	-0.87014025	0.26873153
0.74299998	-0.75089198	0.19786540
0.74399998	-0.45281741	0.14250124
0.74499998	-0.01820866	0.11103593
0.74599998	0.38988680	0.10811393
0.74699998	0.71127582	0.13413508
0.74799998	0.85346949	0.18654650
0.74899998	0.79413754	0.25744340
0.74999998	0.55305731	0.31880537
0.75099998	0.16753814	0.36180487
0.75199998	-0.25258365	0.37333909
0.75299998	-0.64606917	0.35153174
0.75399998	-0.85094732	0.30499509
0.75499998	-0.83882874	0.24080339
0.75599998	-0.62207800	0.17651944
0.75699998	-0.23043799	0.12137057
0.75799998	0.18642348	0.10085507
0.75899998	0.56714445	0.11783341
0.75999998	0.79945868	0.16175567
0.76099998	0.84728718	0.22659326
0.76199998	0.69968009	0.29072341
0.76299998	0.38072097	0.34464198
0.76399998	-0.03352608	0.37084767
0.76499998	-0.48271409	0.36540353
0.76599998	-0.77525222	0.33055487
0.76699998	-0.87026328	0.27180734
0.76799998	-0.74978471	0.20457062
0.76899998	-0.42956448	0.13853346
0.76999998	-0.02703617	0.10337722
0.77099998	0.39908341	0.10396162
0.77199998	0.70718503	0.13634965
0.77299998	0.85002458	0.19632751
0.77399998	0.79825908	0.26033464
0.77499998	0.56102359	0.31846702
0.77599998	0.18236344	0.35931349
0.77699998	-0.28131151	0.37690699
0.77799998	-0.64397758	0.35669905
0.77899998	-0.85463828	0.30216536
0.77999998	-0.84230435	0.23480561
0.78099998	-0.60740650	0.16393946
0.78199998	-0.24538632	0.11737204
0.78299998	0.19162156	0.10223917
0.78399998	0.55813235	0.11687992
0.78499998	0.79838210	0.15929502
0.78599998	0.84830219	0.22047244
0.78699998	0.70124876	0.29136935
0.78799998	0.38115159	0.34393454
0.78899998	-0.06376107	0.37057087
0.78999998	-0.47001109	0.36472687
0.79099998	-0.77992743	0.32717150
0.79199998	-0.87607652	0.26873153
0.79299998	-0.74409449	0.19786540
0.79399998	-0.44306716	0.14234744
0.79499998	-0.01571727	0.11026698
0.79599998	0.38896409	0.11042077
0.79699998	0.71035308	0.14311638
0.79799998	0.85577631	0.19552781
0.79899998	0.80314958	0.25975025
0.79999998	0.56222320	0.31803641
0.80099998	0.17061393	0.36165109
0.80199998	-0.25565946	0.37349287
0.80299998	-0.65520424	0.35230067
0.80399998	-0.85995942	0.30265749
0.80499998	-0.84116632	0.23179133
0.80599998	-0.62146282	0.16750738
0.80699998	-0.23105314	0.11906373
0.80799998	0.18876107	0.10162401
0.80899998	0.57612574	0.11798720
0.80999998	0.80843997	0.16175567
0.81099998	0.84959400	0.22659326
0.81199998	0.69891119	0.29072341
0.81299998	0.38056716	0.34464198
0.81399998	-0.03352608	0.37084767
0.81499998	-0.48271409	0.36540353
0.81599998	-0.77525222	0.33055487
0.81699998	-0.87026328	0.27180734
0.81799998	-0.74978471	0.20457062
0.81899998	-0.42956448	0.13853346
0.81999998	-0.02718996	0.10353100
0.82099998	0.39831448	0.10473056
0.82199998	0.70952266	0.13388902
0.82299998	0.85900593	0.18657726
0.82399998	0.80739421	0.25362942
0.82499998	0.56409943	0.32514149
0.82599998	0.17913386	0.36909449
0.82699998	-0.29121554	0.37936762
0.82799998	-0.65062129	0.35577634
0.82899998	-0.84793305	0.30124262
0.82999998	-0.83252335	0.23711245
0.83099998	-0.60494584	0.17292076
0.83199998	-0.24630906	0.12638411
0.83299998	0.19069882	0.10457677
0.83399998	0.56043923	0.11611097
0.83499998	0.80739421	0.15911049
0.83599998	0.85716045	0.22047244
0.83699998	0.70281744	0.29136935
0.83799998	0.38268948	0.34393454
0.83899998	-0.05493356	0.37057087
0.83999998	-0.46102977	0.36472687
0.84099998	-0.77762055	0.32717150
0.84199998	-0.87684548	0.26873153
0.84299998	-0.74424827	0.19786540
0.84399998	-0.44306716	0.14250124
0.84499998	-0.01571727	0.11103593
0.84599998	0.38911787	0.10811393
0.84699998	0.71112204	0.13413508
0.84799998	0.85346949	0.18654650
0.84899998	0.79413754	0.25744340
0.84999998	0.55305731	0.31880537
0.85099998	0.16753814	0.36180487
0.85199998	-0.25258365	0.37333909
0.85299998	-0.64606917	0.35153174
0.85399998	-0.85110110	0.30499509
0.85499998	-0.83959770	0.24080339
0.85599998	-0.61977118	0.17651944
0.85699998	-0.22142594	0.12137057
0.85799998	0.19543552	0.10085507
0.85899998	0.56945127	0.11783341
0.85999998	0.79868972	0.16175567
0.86099998	0.84710258	0.22659326
0.86199998	0.69968009	0.29072341
0.86299998	0.38072097	0.34464198
0.86399998	-0.03352608	0.37084767
0.86499998	-0.48271409	0.36540353
0.86599998	-0.77525222	0.33055487
0.86699998	-0.87026328	0.27180734
0.86799998	-0.74963093	0.20457062
0.86899998	-0.42882627	0.13853346
0.86999998	-0.02934301	0.10337722
0.87099998	0.39010212	0.10396162
0.87199998	0.69820374	0.13634965
0.87299998	0.84768701	0.19632751
0.87399998	0.79918182	0.26048842
0.87499998	0.56194633	0.31923598
0.87599998	0.17990281	0.35700664
0.87699998	-0.29106176	0.36792567
0.87799998	-0.65062129	0.34771776
0.87899998	-0.84793305	0.29985851
0.87999998	-0.83252335	0.23557456
0.88099998	-0.60494584	0.16409326
0.88199998	-0.24615526	0.11721826
0.88299998	0.19146776	0.10147022
0.88399998	0.55813235	0.11921752
0.88499998	0.79838210	0.16827632
0.88599998	0.84830219	0.22948450
0.88699998	0.70124876	0.29367617
0.88799998	0.38115159	0.34316561
0.88899998	-0.06376107	0.37041709
0.88999998	-0.47001109	0.36457309
0.89099998	-0.77992743	0.32640254
0.89199997	-0.87607652	0.27122292
0.89299997	-0.74409449	0.20761564
0.89399997	-0.44291338	0.14917569
0.89499997	-0.01497908	0.10436147
0.89599997	0.38665724	0.09817913
0.89699997	0.70137179	0.13090551
0.89799997	0.84682578	0.18965305
0.89899997	0.80084276	0.26657850
0.89999997	0.56296134	0.32778665
0.90099997	0.17076771	0.36411172
0.90199997	-0.25565946	0.37275466
0.90299997	-0.65520424	0.35214689
0.90399997	-0.85995942	0.30265749
0.90499997	-0.84116632	0.23179133
0.90599997	-0.62130904	0.16750738
0.90699997	-0.23028420	0.11906373
0.90799997	0.18642348	0.10162401
0.90899997	0.56714445	0.11798720
0.90999997	0.79945868	0.16175567
0.91099997	0.84728718	0.22659326
0.91199997	0.69968009	0.29072341
0.91299997	0.38072097	0.34464198
0.91399997	-0.03352608	0.37084767
0.91499997	-0.48271409	0.36540353
0.91599997	-0.77525222	0.33040109
0.91699997	-0.87026328	0.27103838
0.91799997	-0.74978471	0.20687746
0.91899997	-0.42956448	0.14751476
0.91999997	-0.02703617	0.11235851
0.92099997	0.39908341	0.10629921
0.92199997	0.70718503	0.13542692
0.92299997	0.85002458	0.19540477
0.92399997	0.79825908	0.26279527
0.92499997	0.56102359	0.32821727
0.92599997	0.18236344	0.36601871
0.92699997	-0.28131151	0.37023252
0.92799997	-0.64397758	0.34694883
0.92899997	-0.85463828	0.29970473
0.92999997	-0.84245819	0.23557456
0.93099997	-0.60817546	0.16409326
0.93199997	-0.24307948	0.11737204
0.93299997	0.20063362	0.10223917
0.93399997	0.56711370	0.11687992
0.93499997	0.80071974	0.15929502
0.93599997	0.84753323	0.22047244
0.93699997	0.70109499	0.29136935
0.93799997	0.38115159	0.34393454
0.93899997	-0.06376107	0.37057087
0.93999997	-0.46985728	0.36472687
0.94099997	-0.77918923	0.32717150
0.94199997	-0.87838334	0.26873153
0.94299997	-0.75307578	0.19786540
0.94399997	-0.45204848	0.14250124
0.94499997	-0.01805487	0.11103593
0.94599997	0.38988680	0.10811393
0.94699997	0.71127582	0.13413508
0.94799997	0.85346949	0.18654650
0.94899997	0.79413754	0.25744340
0.94999997	0.55321109	0.31880537
0.95099997	0.16827632	0.36180487
0.95199997	-0.25489050	0.37349287
0.95299997	-0.65505046	0.35230067
0.95399997	-0.86011320	0.30265749
0.95499997	-0.84193528	0.23179133
0.95599997	-0.61900222	0.16750738
0.95699997	-0.22127214	0.11906373
0.95799997	0.19543552	0.10162401
0.95899997	0.56945127	0.11798720
0.95999997	0.79868972	0.16175567
0.96099997	0.84710258	0.22659326
0.96199997	0.69983393	0.29072341
0.96299997	0.38148990	0.34464198
0.96399997	-0.03586368	0.37100148
0.96499997	-0.49169537	0.36617249
0.96599997	-0.78426427	0.32821727
0.96699997	-0.87260085	0.26279527
0.96799997	-0.74886197	0.19555856
0.96899997	-0.42864174	0.13619587
0.96999997	-0.02934301	0.10414616
0.97099997	0.39010212	0.10414616
0.97199997	0.69820374	0.13634965
0.97299997	0.84768701	0.19632751
0.97399997	0.79918182	0.26048842
0.97499997	0.56194633	0.31923598
0.97599997	0.17990281	0.35700664
0.97699997	-0.29106176	0.36792567
0.97799997	-0.65062129	0.34771776
0.97899997	-0.84793305	0.29985851
0.97999997	-0.83267719	0.23557456
0.98099997	-0.60571480	0.16409326
0.98199997	-0.24381767	0.11737204
0.98299997	0.20047982	0.10223917
0.98399997	0.56711370	0.11687992
0.98499997	0.80071974	0.15929502
0.98599997	0.84753323	0.22047244
0.98699997	0.70109499	0.29136935
0.98799997	0.38115159	0.34393454
0.98899997	-0.06376107	0.37057087
0.98999997	-0.47001109	0.36472687
0.99099997	-0.77992743	0.32717150
0.99199997	-0.87623030	0.26888534
0.99299997	-0.74486345	0.19863436
0.99399997	-0.44076034	0.14004061
0.99499997	-0.00676673	0.10125492
0.99599997	0.39794537	0.10140871
0.99699997	0.71265996	0.14080955
0.99799997	0.85503817	0.19629675
0.99899997	0.80299580	0.25990403
0.99999997	0.56203860	0.31803641
1.00099997	0.16984499	0.36165109
1.00199997	-0.25335261	0.37349287
1.00299997	-0.64622295	0.35230067
1.00399997	-0.85094732	0.30265749
1.00499997	-0.83882874	0.23179133
1.00599997	-0.62207800	0.16750738
1.00699997	-0.23043799	0.11906373
1.00799997	0.18642348	0.10162401
1.00899997	0.56714445	0.11798720
1.00999997	0.79945868	0.16175567
1.01099997	0.84728718	0.22659326
1.01199997	0.69968009	0.29072341
1.01299997	0.38072097	0.34464198
1.01399997	-0.03352608	0.37084767
1.01499997	-0.48271409	0.36540353
1.01599997	-0.77525222	0.33040109
1.01699997	-0.87026328	0.27103838
1.01799997	-0.74963093	0.20687746
1.01899997	-0.42882627	0.14751476
1.01999997	-0.02949680	0.11251231
1.02099997	0.38933316	0.10706816
1.02199997	0.70066434	0.13327387
1.02299997	0.85746801	0.18719243
1.02399997	0.80570251	0.25132260
1.02499997	0.55450296	0.31616017
1.02599997	0.17242864	0.36008242
1.02699997	-0.28457186	0.37706077
1.02799997	-0.64090180	0.35669905
1.02899997	-0.84547246	0.30216536
1.02999997	-0.83344609	0.23480561
1.03099997	-0.60586858	0.16393946
1.03199997	-0.24397145	0.11721826
1.03299997	0.19971088	0.10147022
1.03399997	0.56945127	0.11921752
1.03499997	0.80970103	0.16827632
1.03599997	0.85654527	0.22948450
1.03699997	0.70343256	0.29367617
1.03799997	0.38022885	0.34316561
1.03899997	-0.06468381	0.37041709
1.03999997	-0.46767348	0.36472687
1.04099997	-0.77094609	0.32717150
1.04199997	-0.86706448	0.26873153
1.04299997	-0.74178767	0.19786540
1.04399997	-0.44383612	0.14234744
1.04499997	-0.01587106	0.11026698
1.04599997	0.38911787	0.11042077
1.04699997	0.71112204	0.14311638
1.04799997	0.85346949	0.19552781
1.04899997	0.79413754	0.25975025
1.04999997	0.55305731	0.31803641
1.05099997	0.16753814	0.36165109
1.05199997	-0.25258365	0.37349287
1.05299997	-0.64606917	0.35230067
1.05399997	-0.85094732	0.30265749
1.05499997	-0.83882874	0.23179133
1.05599997	-0.62207800	0.16750738
1.05699997	-0.23043799	0.11906373
1.05799997	0.18642348	0.10162401
1.05899997	0.56714445	0.11798720
1.05999997	0.79945868	0.16175567
1.06099997	0.84728718	0.22659326
1.06199997	0.69983393	0.29072341
1.06299997	0.38148990	0.34464198
1.06399997	-0.03586368	0.37100148
1.06499997	-0.49169537	0.36617249
1.06599997	-0.78426427	0.32806349
1.06699997	-0.87260085	0.26202634
1.06799997	-0.74886197	0.19789617
1.06899997	-0.42864174	0.14520793
1.06999997	-0.02934301	0.11312746
1.07099997	0.39010212	0.10645300
1.07199997	0.69820374	0.13542692
1.07299997	0.84768701	0.19540477
1.07399997	0.79902804	0.26279527
1.07499997	0.56117743	0.32821727
1.07599997	0.18236344	0.36601871
1.07699997	-0.28131151	0.37023252
1.07799997	-0.64397758	0.34694883
1.07899997	-0.85463828	0.29970473
1.07999997	-0.84245819	0.23557456
1.08099997	-0.60817546	0.16409326
1.08199997	-0.24323326	0.11737204
1.08299997	0.19986467	0.10223917
1.08399997	0.56945127	0.11687992
1.08499997	0.80970103	0.15929502
1.08599997	0.85654527	0.22047244
1.08699997	0.70343256	0.29136935
1.08799997	0.38038263	0.34393454
1.08899997	-0.06391487	0.37057087
1.08999997	-0.47001109	0.36472687
1.09099997	-0.77992743	0.32717150
1.09199997	-0.87607652	0.26888534
1.09299997	-0.74409449	0.19863436
1.09399997	-0.44291338	0.14004061
1.09499997	-0.01497908	0.10125492
1.09599997	0.38665724	0.10140871
1.09699997	0.70137179	0.14080955
1.09799997	0.84682578	0.19629675
1.09899997	0.80084276	0.25990403
1.09999997	0.56296134	0.31803641
1.10099997	0.17076771	0.36165109
1.10199997	-0.25565946	0.37349287
1.10299997	-0.65520424	0.35230067
1.10399997	-0.85995942	0.30265749
1.10499997	-0.84116632	0.23179133
1.10599997	-0.62130904	0.16750738
1.10699997	-0.23028420	0.11906373
1.10799997	0.18642348	0.10162401
1.10899997	0.56714445	0.11798720
1.10999997	0.79945868	0.16175567
1.11099997	0.84728718	0.22659326
1.11199997	0.69968009	0.29072341
1.11299997	0.38072097	0.34464198
1.11399997	-0.03352608	0.37084767
1.11499997	-0.48271409	0.36540353
1.11599997	-0.77525222	0.33055487
1.11699997	-0.87026328	0.27180734
1.11799997	-0.74978471	0.20457062
1.11899997	-0.42956448	0.13853346
1.11999997	-0.02718996	0.10337722
1.12099997	0.39831448	0.10396162
1.12199997	0.70952266	0.13634965
1.12299997	0.85900593	0.19632751
1.12399997	0.80739421	0.26048842
1.12499997	0.56409943	0.31923598
1.12599997	0.17913386	0.35700664
1.12699997	-0.29121554	0.36792567
1.12799997	-0.65062129	0.34756398
1.12899997	-0.84793305	0.29908955
1.12999997	-0.83267719	0.23788139
1.13099997	-0.60571480	0.17307456
1.13199997	-0.24397145	0.12638411
1.13299997	0.19971088	0.10457677
1.13399997	0.56945127	0.11611097
1.13499997	0.80970103	0.15911049
1.13599997	0.85654527	0.22047244
1.13699997	0.70343256	0.29136935
1.13799997	0.38038263	0.34393454
1.13899997	-0.06391487	0.37057087
1.13999997	-0.46985728	0.36472687
1.14099997	-0.77918923	0.32717150
1.14199997	-0.87838334	0.26873153
1.14299997	-0.75307578	0.19786540
1.14399997	-0.45204848	0.14250124
1.14499997	-0.01805487	0.11103593
1.14599997	0.38973302	0.10811393
1.14699997	0.71050692	0.13413508
1.14799997	0.85577631	0.18654650
1.14899997	0.80314958	0.25744340
1.14999997	0.56222320	0.31880537
1.15099997	0.17061393	0.36180487
1.15199997	-0.25565946	0.37349287
1.15299997	-0.65520424	0.35230067
1.15399997	-0.86011320	0.30265749
1.15499997	-0.84193528	0.23179133
1.15599997	-0.61900222	0.16750738
1.15699997	-0.22127214	0.11906373
1.15799997	0.19543552	0.10162401
1.15899997	0.56945127	0.11798720
1.15999997	0.79868972	0.16175567
1.16099997	0.84710258	0.22659326
1.16199997	0.69968009	0.29072341
1.16299997	0.38072097	0.34464198
1.16399997	-0.03337229	0.37084767
1.16499997	-0.48194513	0.36540353
1.16599997	-0.77755904	0.33055487
1.16699997	-0.87924457	0.27180734
1.16799997	-0.75876600	0.20457062
1.16899997	-0.43190205	0.13853346
1.16999997	-0.02626722	0.10337722
1.17099997	0.39923722	0.10396162
1.17199997	0.70718503	0.13634965
1.17299997	0.85002458	0.19632751
1.17399997	0.79825908	0.26048842
1.17499997	0.56102359	0.31923598
1.17599997	0.18236344	0.35700664
1.17699997	-0.28131151	0.36792567
1.17799997	-0.64397758	0.34771776
1.17899997	-0.85463828	0.29985851
1.17999997	-0.84230435	0.23557456
1.18099997	-0.60740650	0.16409326
1.18199997	-0.24538632	0.11721826
1.18299997	0.19162156	0.10147022
1.18399997	0.55813235	0.11921752
1.18499997	0.79838210	0.16827632
1.18599997	0.84830219	0.22948450
1.18699997	0.70124876	0.29367617
1.18799997	0.38115159	0.34316561
1.18899997	-0.06376107	0.37041709
1.18999997	-0.47001109	0.36472687
1.19099997	-0.77992743	0.32717150
1.19199997	-0.87623030	0.26873153
1.19299997	-0.74486345	0.19786540
1.19399997	-0.44076034	0.14234744
1.19499997	-0.00676673	0.11026698
1.19599997	0.39794537	0.11042077
1.19699997	0.71265996	0.14311638
1.19799997	0.85503817	0.19552781
1.19899997	0.80299580	0.25975025
1.19999997	0.56222320	0.31803641
1.20099997	0.17061393	0.36165109
1.20199997	-0.25581324	0.37349287
1.20299997	-0.65597320	0.35230067
1.20399997	-0.85765254	0.30265749
1.20499997	-0.83218503	0.23179133
1.20599997	-0.61232775	0.16750738
1.20699997	-0.22797737	0.11906373
1.20799997	0.18568529	0.10162401
1.20899997	0.56699067	0.11798720
1.20999997	0.79945868	0.16175567
1.21099997	0.84728718	0.22659326
1.21199997	0.69968009	0.29072341
1.21299997	0.38072097	0.34464198
1.21399997	-0.03352608	0.37100148
1.21499997	-0.48271409	0.36617249
1.21599997	-0.77525222	0.32806349
1.21699997	-0.87026328	0.26202634
1.21799997	-0.74963093	0.19789617
1.21899997	-0.42882627	0.14520793
1.21999997	-0.02934301	0.11312746
1.22099997	0.39010212	0.10645300
1.22199997	0.69820374	0.13558070
1.22299997	0.84768701	0.19617371
1.22399997	0.79902804	0.26048842
1.22499997	0.56117743	0.31923598
1.22599997	0.18220964	0.35700664
1.22699997	-0.28208047	0.36792567
1.22799997	-0.64167076	0.34771776
1.22899997	-0.84562624	0.29985851
1.22999997	-0.83344609	0.23557456
1.23099997	-0.60586858	0.16409326
1.23199997	-0.24397145	0.11737204
1.23299997	0.19971088	0.10223917
1.23399997	0.56945127	0.11687992
1.23499997	0.80970103	0.15929502
1.23599997	0.85654527	0.22047244
1.23699997	0.70343256	0.29136935
1.23799997	0.38038263	0.34393454
1.23899997	-0.06391487	0.37057087
1.23999997	-0.47001109	0.36472687
1.24099997	-0.77992743	0.32717150
1.24199997	-0.87607652	0.26873153
1.24299997	-0.74409449	0.19786540
1.24399997	-0.44306716	0.14250124
1.24499997	-0.01571727	0.11103593
1.24599996	0.38911787	0.10796013
1.24699996	0.71112204	0.13336614
1.24799996	0.85346949	0.18888411
1.24899996	0.79413754	0.26642472
1.24999996	0.55321109	0.32778665
1.25099996	0.16827632	0.36411172
1.25199996	-0.25489050	0.37275466
1.25299996	-0.65505046	0.35214689
1.25399996	-0.85995942	0.30265749
1.25499996	-0.84116632	0.23179133
1.25599996	-0.62130904	0.16750738
1.25699996	-0.23028420	0.11906373
1.25799996	0.18642348	0.10162401
1.25899996	0.56714445	0.11798720
1.25999996	0.79945868	0.16175567
1.26099996	0.84728718	0.22659326
1.26199996	0.69983393	0.29072341
1.26299996	0.38148990	0.34464198
1.26399996	-0.03586368	0.37084767
1.26499996	-0.49169537	0.36540353
1.26599996	-0.78426427	0.33040109
1.26699996	-0.87260085	0.27103838
1.26799996	-0.74904650	0.20687746
1.26899996	-0.42941067	0.14751476
1.26999996	-0.02703617	0.11235851
1.27099996	0.39908341	0.10629921
1.27199996	0.70718503	0.13542692
1.27299996	0.85002458	0.19540477
1.27399996	0.79825908	0.26264149
1.27499996	0.56102359	0.32747909
1.27599996	0.18236344	0.36832553
1.27699996	-0.28131151	0.37921384
1.27799996	-0.64397758	0.35577634
1.27899996	-0.85463828	0.30124262
1.27999996	-0.84230435	0.23711245
1.28099996	-0.60740650	0.17292076
1.28199996	-0.24538632	0.12638411
1.28299996	0.19162156	0.10457677
1.28399996	0.55813235	0.11611097
1.28499996	0.79838210	0.15911049
1.28599996	0.84830219	0.22047244
1.28699996	0.70124876	0.29136935
1.28799996	0.38115159	0.34393454
1.28899996	-0.06376107	0.37057087
1.28999996	-0.47001109	0.36472687
1.29099996	-0.77992743	0.32717150
1.29199996	-0.87607652	0.26873153
1.29299996	-0.74409449	0.19786540
1.29399996	-0.44306716	0.14234744
1.29499996	-0.01571727	0.11026698
1.29599996	0.38896409	0.11042077
1.29699996	0.71035308	0.14311638
1.29799996	0.85577631	0.19552781
1.29899996	0.80314958	0.25975025
1.29999996	0.56222320	0.31819022
1.30099996	0.17061393	0.36238927
1.30199996	-0.25565946	0.37118602
1.30299996	-0.65520424	0.34331939
1.30399996	-0.85995942	0.29367617
1.30499996	-0.84116632	0.22948450
1.30599996	-0.62130904	0.16827632
1.30699996	-0.23028420	0.11921752
1.30799996	0.18642348	0.10162401
1.30899996	0.56714445	0.11798720
1.30999996	0.79945868	0.16175567
1.31099996	0.84728718	0.22659326
1.31199996	0.69983393	0.29072341
1.31299996	0.38148990	0.34464198
1.31399996	-0.03586368	0.37100148
1.31499996	-0.49169537	0.36617249
1.31599996	-0.78426427	0.32806349
1.31699996	-0.87260085	0.26202634
1.31799996	-0.74904650	0.19789617
1.31899996	-0.42941067	0.14520793
1.31999996	-0.02703617	0.11312746
1.32099996	0.39908341	0.10645300
1.32199996	0.70718503	0.13542692
1.32299996	0.85002458	0.19540477
1.32399996	0.79841292	0.26279527
1.32499996	0.56179255	0.32821727
1.32599996	0.18005659	0.36601871
1.32699996	-0.29029280	0.37023252
1.32799996	-0.65295893	0.34694883
1.32899996	-0.85694510	0.29970473
1.32999996	-0.84153545	0.23557456
1.33099996	-0.60725272	0.16409326
1.33199996	-0.24554011	0.11737204
1.33299996	0.19085261	0.10223917
1.33399996	0.56043923	0.11687992
1.33499996	0.80739421	0.15929502
1.33599996	0.85731423	0.22047244
1.33699996	0.70358634	0.29136935
1.33799996	0.38022885	0.34393454
1.33899996	-0.06468381	0.37057087
1.33999996	-0.46751967	0.36472687
1.34099996	-0.77017719	0.32717150
1.34199996	-0.86940205	0.26873153
1.34299996	-0.75073820	0.19786540
1.34399996	-0.45281741	0.14250124
1.34499996	-0.01820866	0.11103593
1.34599996	0.38988680	0.10811393
1.34699996	0.71127582	0.13413508
1.34799996	0.85346949	0.18654650
1.34899996	0.79413754	0.25744340
1.34999996	0.55305731	0.31880537
1.35099996	0.16753814	0.36180487
1.35199996	-0.25258365	0.37349287
1.35299996	-0.64606917	0.35230067
1.35399996	-0.85094732	0.30265749
1.35499996	-0.83882874	0.23179133
1.35599996	-0.62207800	0.16750738
1.35699996	-0.23043799	0.11906373
1.35799996	0.18642348	0.10162401
1.35899996	0.56714445	0.11798720
1.35999996	0.79961246	0.16175567
1.36099996	0.84802532	0.22659326
1.36199996	0.69752705	0.29072341
1.36299996	0.37250862	0.34464198
1.36399996	-0.04481422	0.37084767
1.36499996	-0.49400222	0.36540353
1.36599996	-0.78349531	0.33055487
1.36699996	-0.87244707	0.27180734
1.36799996	-0.74904650	0.20457062
1.36899996	-0.42941067	0.13853346
1.36999996	-0.02703617	0.10337722
1.37099996	0.39908341	0.10396162
1.37199996	0.70718503	0.13634965
1.37299996	0.85002458	0.19632751
1.37399996	0.79825908	0.26048842
1.37499996	0.56102359	0.31923598
1.37599996	0.18236344	0.35700664
1.37699996	-0.28131151	0.36792567
1.37799996	-0.64397758	0.34756398
1.37899996	-0.85463828	0.29908955
1.37999996	-0.84230435	0.23788139
1.38099996	-0.60740650	0.17307456
1.38199996	-0.24554011	0.12638411
1.38299996	0.19085261	0.10457677
1.38399996	0.56043923	0.11611097
1.38499996	0.80739421	0.15911049
1.38599996	0.85731423	0.22047244
1.38699996	0.70358634	0.29136935
1.38799996	0.38038263	0.34393454
1.38899996	-0.06391487	0.37057087
1.38999996	-0.47001109	0.36472687
1.39099996	-0.77992743	0.32717150
1.39199996	-0.87607652	0.26873153
1.39299996	-0.74409449	0.19786540
1.39399996	-0.44306716	0.14250124
1.39499996	-0.01571727	0.11103593
1.39599996	0.38896409	0.10811393
1.39699996	0.71035308	0.13413508
1.39799996	0.85577631	0.18654650
1.39899996	0.80314958	0.25744340
1.39999996	0.56222320	0.31880537
1.40099996	0.17061393	0.36180487
1.40199996	-0.25565946	0.37349287
1.40299996	-0.65520424	0.35230067
1.40399996	-0.85995942	0.30265749
1.40499996	-0.84116632	0.23179133
1.40599996	-0.62130904	0.16750738
1.40699996	-0.23028420	0.11906373
1.40799996	0.18642348	0.10162401
1.40899996	0.56714445	0.11798720
1.40999996	0.79945868	0.16175567
1.41099996	0.84728718	0.22659326
1.41199996	0.69983393	0.29072341
1.41299996	0.38148990	0.34464198
1.41399996	-0.03586368	0.37084767
1.41499996	-0.49169537	0.36540353
1.41599996	-0.78426427	0.33055487
1.41699996	-0.87260085	0.27180734
1.41799996	-0.74904650	0.20457062
1.41899996	-0.42941067	0.13853346
1.41999996	-0.02703617	0.10337722
1.42099996	0.39908341	0.10396162
1.42199996	0.70718503	0.13619587
1.42299996	0.85002458	0.19555856
1.42399996	0.79825908	0.26279527
1.42499996	0.56102359	0.32821727
1.42599996	0.18220964	0.36601871
1.42699996	-0.28208047	0.37023252
1.42799996	-0.64167076	0.34694883
1.42899996	-0.84562624	0.29970473
1.42999996	-0.83344609	0.23557456
1.43099996	-0.60586858	0.16409326
1.43199996	-0.24381767	0.11737204
1.43299996	0.20047982	0.10223917
1.43399996	0.56711370	0.11687992
1.43499996	0.80071974	0.15929502
1.43599996	0.84753323	0.22047244
1.43699996	0.70109499	0.29136935
1.43799996	0.38099778	0.34393454
1.43899996	-0.06453002	0.37057087
1.43999996	-0.46767348	0.36472687
1.44099996	-0.77094609	0.32717150
1.44199996	-0.86706448	0.26888534
1.44299996	-0.74178767	0.19863436
1.44399996	-0.44383612	0.14004061
1.44499996	-0.01587106	0.10125492
1.44599996	0.38911787	0.10140871
1.44699996	0.71112204	0.14080955
1.44799996	0.85346949	0.19629675
1.44899996	0.79413754	0.25990403
1.44999996	0.55321109	0.31803641
1.45099996	0.16827632	0.36165109
1.45199996	-0.25489050	0.37349287
1.45299996	-0.65505046	0.35230067
1.45399996	-0.85995942	0.30265749
1.45499996	-0.84116632	0.23179133
1.45599996	-0.62130904	0.16750738
1.45699996	-0.23028420	0.11906373
1.45799996	0.18642348	0.10162401
1.45899996	0.56714445	0.11798720
1.45999996	0.79945868	0.16175567
1.46099996	0.84728718	0.22659326
1.46199996	0.69968009	0.29072341
1.46299996	0.38072097	0.34464198
1.46399996	-0.03352608	0.37100148
1.46499996	-0.48271409	0.36617249
1.46599996	-0.77540600	0.32821727
1.46699996	-0.87103224	0.26279527
1.46799996	-0.74732405	0.19555856
1.46899996	-0.41981423	0.13619587
1.46999996	-0.02033095	0.10414616
1.47099996	0.39240897	0.10414616
1.47199996	0.69743478	0.13634965
1.47299996	0.84753323	0.19632751
1.47399996	0.79902804	0.26033464
1.47499996	0.56117743	0.31846702
1.47599996	0.18236344	0.35931349
1.47699996	-0.28131151	0.37690699
1.47799996	-0.64397758	0.35669905
1.47899996	-0.85463828	0.30216536
1.47999996	-0.84245819	0.23480561
1.48099996	-0.60817546	0.16393946
1.48199996	-0.24307948	0.11737204
1.48299996	0.20063362	0.10223917
1.48399996	0.56711370	0.11687992
1.48499996	0.80071974	0.15929502
1.48599996	0.84753323	0.22047244
1.48699996	0.70109499	0.29136935
1.48799996	0.38115159	0.34393454
1.48899996	-0.06376107	0.37057087
1.48999996	-0.47001109	0.36472687
1.49099996	-0.77992743	0.32717150
1.49199996	-0.87607652	0.26888534
1.49299996	-0.74409449	0.19863436
1.49399996	-0.44291338	0.14019439
1.49499996	-0.01497908	0.10202387
1.49599996	0.38681102	0.09910187
1.49699996	0.70214075	0.13182825
1.49799996	0.84464198	0.18731545
1.49899996	0.79259968	0.25759721
1.49999996	0.55167323	0.31880537
1.50099996	0.15947957	0.36180487
1.50199996	-0.26387179	0.37349287
1.50299996	-0.65735728	0.35230067
1.50399996	-0.85919046	0.30265749
1.50499996	-0.84101254	0.23179133
1.50599996	-0.62130904	0.16750738
1.50699996	-0.23028420	0.11906373
1.50799996	0.18642348	0.10162401
1.50899996	0.56714445	0.11798720
1.50999996	0.79945868	0.16175567
1.51099996	0.84728718	0.22659326
1.51199996	0.69968009	0.29072341
1.51299996	0.38072097	0.34464198
1.51399996	-0.03352608	0.37100148
1.51499996	-0.48271409	0.36617249
1.51599996	-0.77525222	0.32821727
1.51699996	-0.87026328	0.26279527
1.51799996	-0.74963093	0.19555856
1.51899996	-0.42882627	0.13619587
1.51999996	-0.02934301	0.10429995
1.52099996	0.39010212	0.10488435
1.52199996	0.69835752	0.13404281
1.52299996	0.84845597	0.18734621
1.52399996	0.79669046	0.25147638
1.52499996	0.55219609	0.31689838
1.52599996	0.17319758	0.35777560
1.52699996	-0.28441805	0.36807948
1.52799996	-0.64090180	0.34771776
1.52899996	-0.84547246	0.29985851
1.52999996	-0.83344609	0.23557456
1.53099996	-0.60586858	0.16409326
1.53199996	-0.24381767	0.11721826
1.53299996	0.20047982	0.10147022
1.53399996	0.56711370	0.11921752
1.53499996	0.80071974	0.16827632
1.53599996	0.84737945	0.22948450
1.53699996	0.70032603	0.29367617
1.53799996	0.38345841	0.34316561
1.53899996	-0.05477977	0.37041709
1.53999996	-0.46087599	0.36472687
1.54099996	-0.77685159	0.32717150
1.54199996	-0.87915230	0.26873153
1.54299996	-0.75322956	0.19786540
1.54399996	-0.45204848	0.14250124
1.54499996	-0.01805487	0.11103593
1.54599996	0.38973302	0.10811393
1.54699996	0.71050692	0.13413508
1.54799996	0.85577631	0.18654650
1.54899996	0.80314958	0.25744340
1.54999996	0.56222320	0.31880537
1.55099996	0.17061393	0.36180487
1.55199996	-0.25565946	0.37333909
1.55299996	-0.65520424	0.35153174
1.55399996	-0.86011320	0.30499509
1.55499996	-0.84193528	0.24080339
1.55599996	-0.61900222	0.17651944
1.55699996	-0.22127214	0.12137057
1.55799996	0.19543552	0.10085507
1.55899996	0.56945127	0.11783341
1.55999996	0.79868972	0.16175567
1.56099996	0.84710258	0.22659326
1.56199996	0.69983393	0.29072341
1.56299996	0.38148990	0.34464198
1.56399996	-0.03586368	0.37100148
1.56499996	-0.49169537	0.36617249
1.56599996	-0.78426427	0.32806349
1.56699996	-0.87260085	0.26202634
1.56799996	-0.74904650	0.19789617
1.56899996	-0.42941067	0.14520793
1.56999996	-0.02703617	0.11328125
1.57099996	0.39908341	0.10722195
1.57199996	0.70718503	0.13312007
1.57299996	0.85002458	0.18642348
1.57399996	0.79841292	0.25378323
1.57499996	0.56179255	0.32591042
1.57599996	0.17990281	0.36678764
1.57699996	-0.29106176	0.37038633
1.57799996	-0.65062129	0.34694883
1.57899996	-0.84793305	0.29970473
1.57999996	-0.83252335	0.23557456
1.58099996	-0.60494584	0.16409326
1.58199996	-0.24630906	0.11721826
1.58299996	0.19069882	0.10147022
1.58399996	0.56043923	0.11921752
1.58499996	0.80739421	0.16827632
1.58599996	0.85731423	0.22948450
1.58699996	0.70358634	0.29367617
1.58799996	0.38038263	0.34316561
1.58899996	-0.06391487	0.37041709
1.58999996	-0.47001109	0.36472687
1.59099996	-0.77992743	0.32717150
1.59199996	-0.87607652	0.26888534
1.59299996	-0.74409449	0.19863436
1.59399996	-0.44306716	0.14004061
1.59499996	-0.01571727	0.10125492
1.59599996	0.38896409	0.10140871
1.59699996	0.71035308	0.14080955
1.59799996	0.85577631	0.19629675
1.59899995	0.80314958	0.25990403
1.59999995	0.56222320	0.31803641
1.60099995	0.17061393	0.36165109
1.60199995	-0.25565946	0.37333909
1.60299995	-0.65520424	0.35153174
1.60399995	-0.85995942	0.30499509
1.60499995	-0.84116632	0.24080339
1.60599995	-0.62130904	0.17651944
1.60699995	-0.23028420	0.12137057
1.60799995	0.18642348	0.10085507
1.60899995	0.56714445	0.11783341
1.60999995	0.79945868	0.16175567
1.61099995	0.84728718	0.22659326
1.61199995	0.69983393	0.29072341
1.61299995	0.38148990	0.34464198
1.61399995	-0.03586368	0.37084767
1.61499995	-0.49169537	0.36540353
1.61599995	-0.78426427	0.33040109
1.61699995	-0.87260085	0.27103838
1.61799995	-0.74886197	0.20687746
1.61899995	-0.42864174	0.14751476
1.61999995	-0.02934301	0.11235851
1.62099995	0.39010212	0.10629921
1.62199995	0.69820374	0.13558070
1.62299995	0.84768701	0.19617371
1.62399995	0.79902804	0.26048842
1.62499995	0.56117743	0.31923598
1.62599995	0.18220964	0.35700664
1.62699995	-0.28208047	0.36792567
1.62799995	-0.64167076	0.34771776
1.62899995	-0.84562624	0.29985851
1.62999995	-0.83344609	0.23557456
1.63099995	-0.60586858	0.16409326
1.63199995	-0.24397145	0.11737204
1.63299995	0.19971088	0.10223917
1.63399995	0.56960505	0.11687992
1.63499995	0.81046999	0.15929502
1.63599995	0.85423845	0.22047244
1.63699995	0.69445127	0.29136935
1.63799995	0.37124753	0.34393454
1.63899995	-0.06699065	0.37057087
1.63999995	-0.46675074	0.36472687
1.64099995	-0.77002335	0.32717150
1.64199995	-0.86955583	0.26873153
1.64299995	-0.75150710	0.19786540
1.64399995	-0.45047984	0.14250124
1.64499995	-0.00922736	0.11103593
1.64599995	0.39871433	0.10811393
1.64699995	0.71281374	0.13413508
1.64799995	0.85503817	0.18654650
1.64899995	0.80299580	0.25744340
1.64999995	0.56222320	0.31880537
1.65099995	0.17061393	0.36180487
1.65199995	-0.25565946	0.37349287
1.65299995	-0.65520424	0.35230067
1.65399995	-0.85995942	0.30265749
1.65499995	-0.84116632	0.23179133
1.65599995	-0.62130904	0.16750738
1.65699995	-0.23028420	0.11906373
1.65799995	0.18642348	0.10162401
1.65899995	0.56714445	0.11798720
1.65999995	0.79945868	0.16175567
1.66099995	0.84728718	0.22659326
1.66199995	0.69968009	0.29072341
1.66299995	0.38072097	0.34464198
1.66399995	-0.03352608	0.37100148
1.66499995	-0.48271409	0.36617249
1.66599995	-0.77540600	0.32806349
1.66699995	-0.87103224	0.26202634
1.66799995	-0.74732405	0.19789617
1.66899995	-0.41981423	0.14520793
1.66999995	-0.02033095	0.11312746
1.67099995	0.39240897	0.10645300
1.67199995	0.69743478	0.13558070
1.67299995	0.84753323	0.19617371
1.67399995	0.79902804	0.26048842
1.67499995	0.56117743	0.31923598
1.67599995	0.18236344	0.35700664
1.67699995	-0.28131151	0.36792567
1.67799995	-0.64397758	0.34756398
1.67899995	-0.85463828	0.29908955
1.67999995	-0.84245819	0.23788139
1.68099995	-0.60817546	0.17307456
1.68199995	-0.24323326	0.12638411
1.68299995	0.19986467	0.10457677
1.68399995	0.56945127	0.11611097
1.68499995	0.80970103	0.15911049
1.68599995	0.85654527	0.22047244
1.68699995	0.70343256	0.29136935
1.68799995	0.38022885	0.34393454
1.68899995	-0.06468381	0.37057087
1.68999995	-0.46767348	0.36472687
1.69099995	-0.77094609	0.32717150
1.69199995	-0.86706448	0.26873153
1.69299995	-0.74178767	0.19786540
1.69399995	-0.44383612	0.14234744
1.69499995	-0.01587106	0.11026698
1.69599995	0.38896409	0.11042077
1.69699995	0.71035308	0.14311638
1.69799995	0.85593009	0.19552781
1.69899995	0.80391854	0.25975025
1.69999995	0.55988556	0.31803641
1.70099995	0.16163263	0.36165109
1.70199995	-0.26479453	0.37349287
1.70299995	-0.65828001	0.35230067
1.70399995	-0.85688359	0.30265749
1.70499995	-0.83203125	0.23179133
1.70599995	-0.61232775	0.16750738
1.70699995	-0.22797737	0.11906373
1.70799995	0.18568529	0.10162401
1.70899995	0.56699067	0.11798720
1.70999995	0.79945868	0.16175567
1.71099995	0.84728718	0.22659326
1.71199995	0.69968009	0.29072341
1.71299995	0.38072097	0.34464198
1.71399995	-0.03352608	0.37084767
1.71499995	-0.48271409	0.36540353
1.71599995	-0.77525222	0.33040109
1.71699995	-0.87026328	0.27103838
1.71799995	-0.74963093	0.20687746
1.71899995	-0.42882627	0.14751476
1.71999995	-0.02934301	0.11235851
1.72099995	0.39010212	0.10629921
1.72199995	0.69820374	0.13542692
1.72299995	0.84768701	0.19540477
1.72399995	0.79902804	0.26279527
1.72499995	0.56117743	0.32821727
1.72599995	0.18220964	0.36601871
1.72699995	-0.28208047	0.37023252
1.72799995	-0.64167076	0.34694883
1.72899995	-0.84562624	0.29970473
1.72999995	-0.83344609	0.23557456
1.73099995	-0.60586858	0.16409326
1.73199995	-0.24397145	0.11737204
1.73299995	0.19971088	0.10223917
1.73399995	0.56960505	0.11687992
1.73499995	0.81046999	0.15929502
1.73599995	0.85408467	0.22047244
1.73699995	0.69368231	0.29136935
1.73799995	0.37355438	0.34393454
1.73899995	-0.05800935	0.37057087
1.73999995	-0.45780021	0.36472687
1.74099995	-0.76771653	0.32717150
1.74199995	-0.87014025	0.26873153
1.74299995	-0.75089198	0.19786540
1.74399995	-0.45281741	0.14250124
1.74499995	-0.01820866	0.11103593
1.74599995	0.38988680	0.10796013
1.74699995	0.71127582	0.13336614
1.74799995	0.85346949	0.18888411
1.74899995	0.79413754	0.26642472
1.74999995	0.55321109	0.32778665
1.75099995	0.16827632	0.36411172
1.75199995	-0.25489050	0.37260088
1.75299995	-0.65505046	0.35137796
1.75399995	-0.85995942	0.30499509
1.75499995	-0.84116632	0.24080339
1.75599995	-0.62130904	0.17651944
1.75699995	-0.23028420	0.12137057
1.75799995	0.18642348	0.10085507
1.75899995	0.56714445	0.11783341
1.75999995	0.79945868	0.16175567
1.76099995	0.84728718	0.22659326
1.76199995	0.69968009	0.29072341
1.76299995	0.38072097	0.34464198
1.76399995	-0.03352608	0.37100148
1.76499995	-0.48271409	0.36617249
1.76599995	-0.77525222	0.32806349
1.76699995	-0.87026328	0.26202634
1.76799995	-0.74978471	0.19789617
1.76899995	-0.42956448	0.14520793
1.76999995	-0.02703617	0.11312746
1.77099995	0.39908341	0.10645300
1.77199995	0.70718503	0.13558070
1.77299995	0.85002458	0.19617371
1.77399995	0.79841292	0.26033464
1.77499995	0.56179255	0.31846702
1.77599995	0.17990281	0.35931349
1.77699995	-0.29106176	0.37690699
1.77799995	-0.65062129	0.35654527
1.77899995	-0.84793305	0.30139640
1.77999995	-0.83267719	0.23726624
1.78099995	-0.60571480	0.17368971
1.78199995	-0.24381767	0.12404650
1.78299995	0.20047982	0.09556472
1.78399995	0.56711370	0.10712968
1.78499995	0.80071974	0.15680364
1.78599995	0.84737945	0.22108760
1.78699995	0.70032603	0.29075417
1.78799995	0.38345841	0.34624138
1.78899995	-0.05477977	0.37958291
1.78999995	-0.46102977	0.37370816
1.79099995	-0.77762055	0.32950911
1.79199995	-0.87684548	0.26814714
1.79299995	-0.74424827	0.19844981
1.79399995	-0.44306716	0.14019439
1.79499995	-0.01571727	0.10202387
1.79599995	0.38911787	0.09910187
1.79699995	0.71112204	0.13182825
1.79799995	0.85346949	0.18731545
1.79899995	0.79413754	0.25759721
1.79999995	0.55321109	0.31895915
1.80099995	0.16827632	0.36254305
1.80199995	-0.25489050	0.37118602
1.80299995	-0.65505046	0.34331939
1.80399995	-0.85995942	0.29367617
1.80499995	-0.84116632	0.22948450
1.80599995	-0.62130904	0.16827632
1.80699995	-0.23028420	0.11921752
1.80799995	0.18642348	0.10162401
1.80899995	0.56714445	0.11798720
1.80999995	0.79945868	0.16175567
1.81099995	0.84728718	0.22659326
1.81199995	0.69983393	0.29072341
1.81299995	0.38148990	0.34464198
1.81399995	-0.03586368	0.37084767
1.81499995	-0.49169537	0.36540353
1.81599995	-0.78426427	0.33055487
1.81699995	-0.87260085	0.27180734
1.81799995	-0.74904650	0.20457062
1.81899995	-0.42941067	0.13853346
1.81999995	-0.02718996	0.10337722
1.82099995	0.39831448	0.10396162
1.82199995	0.70952266	0.13634965
1.82299995	0.85900593	0.19632751
1.82399995	0.80739421	0.26048842
1.82499995	0.56409943	0.31923598
1.82599995	0.17913386	0.35700664
1.82699995	-0.29121554	0.36792567
1.82799995	-0.65062129	0.34756398
1.82899995	-0.84793305	0.29908955
1.82999995	-0.83267719	0.23788139
1.83099995	-0.60571480	0.17307456
1.83199995	-0.24381767	0.12619956
1.83299995	0.20047982	0.10380782
1.83399995	0.56711370	0.11844857
1.83499995	0.80071974	0.16812254
1.83599995	0.84737945	0.22948450
1.83699995	0.70032603	0.29367617
1.83799995	0.38345841	0.34316561
1.83899995	-0.05477977	0.37041709
1.83999995	-0.46087599	0.36472687
1.84099995	-0.77685159	0.32717150
1.84199995	-0.87930608	0.26873153
1.84299995	-0.75399852	0.19786540
1.84399995	-0.44971088	0.14250124
1.84499995	-0.00907357	0.11103593
1.84599995	0.39886811	0.10811393
1.84699995	0.71358269	0.13413508
1.84799995	0.85285431	0.18654650
1.84899995	0.79475272	0.25744340
1.84999995	0.55090427	0.31880537
1.85099995	0.15932579	0.36180487
1.85199995	-0.26387179	0.37349287
1.85299995	-0.65735728	0.35230067
1.85399995	-0.85934424	0.30265749
1.85499995	-0.84178150	0.23179133
1.85599995	-0.61900222	0.16750738
1.85699995	-0.22127214	0.11906373
1.85799995	0.19543552	0.10162401
1.85899995	0.56945127	0.11798720
1.85999995	0.79868972	0.16175567
1.86099995	0.84710258	0.22659326
1.86199995	0.69983393	0.29072341
1.86299995	0.38148990	0.34464198
1.86399995	-0.03586368	0.37084767
1.86499995	-0.49169537	0.36540353
1.86599995	-0.78426427	0.33040109
1.86699995	-0.87260085	0.27103838
1.86799995	-0.74904650	0.20687746
1.86899995	-0.42941067	0.14751476
1.86999995	-0.02703617	0.11235851
1.87099995	0.39908341	0.10629921
1.87199995	0.70718503	0.13542692
1.87299995	0.85002458	0.19540477
1.87399995	0.79841292	0.26279527
1.87499995	0.56179255	0.32821727
1.87599995	0.18005659	0.36601871
1.87699995	-0.29029280	0.37023252
1.87799995	-0.65295893	0.34694883
1.87899995	-0.85694510	0.29970473
1.87999995	-0.84168923	0.23557456
1.88099995	-0.60802168	0.16409326
1.88199995	-0.24307948	0.11721826
1.88299995	0.20063362	0.10147022
1.88399995	0.56711370	0.11921752
1.88499995	0.80071974	0.16827632
1.88599995	0.84753323	0.22948450
1.88699995	0.70109499	0.29367617
1.88799995	0.38115159	0.34316561
1.88899995	-0.06376107	0.37041709
1.88999995	-0.47001109	0.36472687
1.89099995	-0.77992743	0.32717150
1.89199995	-0.87607652	0.26873153
1.89299995	-0.74409449	0.19786540
1.89399995	-0.44306716	0.14234744
1.89499995	-0.01571727	0.11026698
1.89599995	0.38896409	0.11042077
1.89699995	0.71035308	0.14311638
1.89799995	0.85577631	0.19552781
1.89899995	0.80314958	0.25975025
1.89999995	0.56222320	0.31803641
1.90099995	0.17061393	0.36165109
1.90199995	-0.25565946	0.37349287
1.90299995	-0.65520424	0.35230067
1.90399995	-0.85995942	0.30265749
1.90499995	-0.84116632	0.23179133
1.90599995	-0.62130904	0.16750738
1.90699995	-0.23028420	0.11906373
1.90799995	0.18642348	0.10162401
1.90899995	0.56714445	0.11798720
1.90999995	0.79945868	0.16175567
1.91099995	0.84728718	0.22659326
1.91199995	0.69983393	0.29072341
1.91299995	0.38148990	0.34464198
1.91399995	-0.03586368	0.37100148
1.91499995	-0.49169537	0.36617249
1.91599995	-0.78426427	0.32806349
1.91699995	-0.87260085	0.26202634
1.91799995	-0.74904650	0.19789617
1.91899995	-0.42941067	0.14520793
1.91999995	-0.02703617	0.11328125
1.92099995	0.39908341	0.10722195
1.92199995	0.70718503	0.13312007
1.92299995	0.85002458	0.18642348
1.92399995	0.79841292	0.25378323
1.92499995	0.56179255	0.32591042
1.92599995	0.17990281	0.36678764
1.92699995	-0.29106176	0.37038633
1.92799995	-0.65062129	0.34694883
1.92899995	-0.84793305	0.29970473
1.92999995	-0.83267719	0.23557456
1.93099995	-0.60571480	0.16409326
1.93199995	-0.24397145	0.11737204
1.93299995	0.19971088	0.10223917
1.93399995	0.56945127	0.11687992
1.93499995	0.80970103	0.15929502
1.93599995	0.85654527	0.22047244
1.93699995	0.70343256	0.29136935
1.93799995	0.38038263	0.34393454
1.93899995	-0.06391487	0.37057087
1.93999995	-0.46985728	0.36472687
1.94099995	-0.77918923	0.32717150
1.94199995	-0.87838334	0.26888534
1.94299995	-0.75307578	0.19863436
1.94399995	-0.45204848	0.14019439
1.94499995	-0.01805487	0.10202387
1.94599995	0.38988680	0.09910187
1.94699995	0.71127582	0.13182825
1.94799995	0.85346949	0.18731545
1.94899995	0.79413754	0.25759721
1.94999995	0.55321109	0.31895915
1.95099995	0.16827632	0.36254305
1.95199995	-0.25489050	0.37118602
1.95299994	-0.65505046	0.34331939
1.95399994	-0.86011320	0.29367617
1.95499994	-0.84193528	0.22948450
1.95599994	-0.61915600	0.16827632
1.95699994	-0.22204109	0.11921752
1.95799994	0.19774237	0.10162401
1.95899994	0.57843256	0.11798720
1.95999994	0.80767101	0.16175567
1.96099994	0.84944022	0.22659326
1.96199994	0.69906497	0.29072341
1.96299994	0.38133612	0.34464198
1.96399994	-0.03586368	0.37100148
1.96499994	-0.49169537	0.36617249
1.96599994	-0.78426427	0.32821727
1.96699994	-0.87260085	0.26279527
1.96799994	-0.74886197	0.19555856
1.96899994	-0.42864174	0.13619587
1.96999994	-0.02934301	0.10414616
1.97099994	0.39010212	0.10414616
1.97199994	0.69820374	0.13634965
1.97299994	0.84768701	0.19632751
1.97399994	0.79918182	0.26048842
1.97499994	0.56194633	0.31923598
1.97599994	0.18005659	0.35700664
1.97699994	-0.29029280	0.36792567
1.97799994	-0.65295893	0.34771776
1.97899994	-0.85694510	0.29985851
1.97999994	-0.84168923	0.23557456
1.98099994	-0.60802168	0.16409326
1.98199994	-0.24307948	0.11721826
1.98299994	0.20063362	0.10147022
1.98399994	0.56711370	0.11921752
1.98499994	0.80071974	0.16827632
1.98599994	0.84753323	0.22948450
1.98699994	0.70109499	0.29367617
1.98799994	0.38115159	0.34316561
1.98899994	-0.06376107	0.37041709
1.98999994	-0.47001109	0.36472687
1.99099994	-0.77992743	0.32717150
1.99199994	-0.87607652	0.26888534
1.99299994	-0.74409449	0.19863436
1.99399994	-0.44306716	0.14019439
1.99499994	-0.01571727	0.10202387
1.99599994	0.38896409	0.09910187
1.99699994	0.71035308	0.13182825
1.99799994	0.85593009	0.18731545
1.99899994	0.80391854	0.25759721
1.99999994	0.55988556	0.31880537
2.00099994	0.16163263	0.36180487
2.00199994	-0.26464075	0.37349287
2.00299994	-0.65751106	0.35230067
