Time	Channel A	Channel B
(us)	(V)	(V)

-0.00400000	0.20610851	0.16393946
-0.00300000	0.58135456	0.23480561
-0.00200000	0.80490279	0.30201155
-0.00100000	0.84181225	0.35593012
0.00000000	0.68559301	0.37921384
0.00100000	0.36180487	0.36832553
0.00200000	-0.05536417	0.32747909
0.00300000	-0.50513655	0.26264149
0.00400000	-0.79186147	0.19540477
0.00500000	-0.87536907	0.13542692
0.00600000	-0.74593997	0.10645300
0.00700000	-0.42027560	0.11312746
0.00800000	-0.01802411	0.14520793
0.00900000	0.40142101	0.19789617
0.01000000	0.70656985	0.26202634
0.01100000	0.85060900	0.32806349
0.01200000	0.79622906	0.36617249
0.01300000	0.55354947	0.37100148
0.01400000	0.16858390	0.34464198
0.01500000	-0.30238065	0.29072341
0.01600000	-0.65901822	0.22659326
0.01700000	-0.85085505	0.16175567
0.01800000	-0.82975519	0.11798720
0.01900000	-0.59731793	0.10162401
0.02000000	-0.23252952	0.11906373
0.02100000	0.21176796	0.16750738
0.02200000	0.57547981	0.23179133
0.02300000	0.80364174	0.30265749
0.02400000	0.84476501	0.35230067
0.02500000	0.69349778	0.37349287
0.02600000	0.36752585	0.36165109
0.02700000	-0.08403051	0.31803641
0.02800000	-0.48720473	0.25975025
0.02900000	-0.78441805	0.19552781
0.03000000	-0.87469244	0.14311638
0.03100000	-0.74455583	0.11042077
0.03200000	-0.44076034	0.11026698
0.03300000	-0.00676673	0.14234744
0.03400000	0.39809915	0.19771162
0.03500000	0.71342891	0.26799336
0.03600000	0.85300809	0.32950911
0.03700000	0.79552168	0.37370816
0.03800000	0.54872048	0.37942913
0.03900000	0.15108268	0.34547243
0.04000000	-0.27534449	0.29290724
0.04100000	-0.66944510	0.22933070
0.04200000	-0.86524975	0.16827632
0.04300000	-0.83495325	0.11921752
0.04400000	-0.60940576	0.10147022
0.04500000	-0.21958046	0.11721826
0.04600000	0.19697343	0.16409326
0.04700000	0.57827878	0.23557456
0.04800000	0.80797857	0.29985851
0.04900000	0.85094732	0.34771776
0.05000000	0.69460505	0.36792567
0.05100000	0.36414248	0.35700664
0.05200000	-0.05613312	0.31923598
0.05300000	-0.50529033	0.26048842
0.05400000	-0.79186147	0.19632751
0.05500000	-0.87536907	0.13634965
0.05600000	-0.74609375	0.10414616
0.05700000	-0.42104453	0.10414616
0.05800000	-0.01571727	0.13619587
0.05900000	0.41037154	0.19555856
0.06000000	0.71570498	0.26279527
0.06100000	0.85368478	0.32821727
0.06200000	0.79315329	0.36617249
0.06300000	0.54444510	0.37100148
0.06400000	0.15975639	0.34464198
0.06500000	-0.30391854	0.29072341
0.06600000	-0.66058683	0.22659326
0.06700000	-0.85971332	0.16175567
0.06800000	-0.83876723	0.11798720
0.06900000	-0.59965551	0.10162401
0.07000000	-0.23191437	0.11906373
0.07100000	0.21115281	0.16750738
0.07200000	0.57778668	0.23179133
0.07300000	0.81262302	0.30265749
0.07400000	0.85377705	0.35230067
0.07500000	0.69583535	0.37349287
0.07600000	0.36675689	0.36165109
0.07700000	-0.08418430	0.31803641
0.07800000	-0.48720473	0.25990403
0.07900000	-0.78441805	0.19629675
0.08000000	-0.87484622	0.14080955
0.08100000	-0.74532479	0.10140871
0.08200000	-0.43857652	0.10125492
0.08300000	0.00147638	0.14004061
0.08400000	0.40957186	0.19863436
0.08500000	0.72551674	0.26888534
0.08600000	0.85894442	0.32717150
0.08700000	0.78872418	0.36472687
0.08800000	0.53900099	0.37041709
0.08900000	0.14862205	0.34316561
0.09000000	-0.27457553	0.29367617
0.09100000	-0.66929132	0.22948450
0.09200000	-0.86540353	0.16827632
0.09300000	-0.83572221	0.11921752
0.09400000	-0.60709894	0.10147022
0.09500000	-0.21059917	0.11721826
0.09600000	0.20610851	0.16393946
0.09700000	0.58135456	0.23480561
0.09800000	0.80490279	0.30201155
0.09900000	0.84181225	0.35593012
0.10000000	0.68559301	0.37921384
0.10100000	0.36180487	0.36832553
0.10200000	-0.05536417	0.32747909
0.10300000	-0.50513655	0.26264149
0.10400000	-0.79201525	0.19555856
0.10500000	-0.87613803	0.13619587
0.10600000	-0.74378693	0.10414616
0.10700000	-0.41206324	0.10414616
0.10800000	-0.00673597	0.13619587
0.10900000	0.41270915	0.19555856
0.11000000	0.71478224	0.26279527
0.11100000	0.85279280	0.32821727
0.11200000	0.79546016	0.36617249
0.11300000	0.55339569	0.37100148
0.11400000	0.16873769	0.34464198
0.11500000	-0.30161172	0.29072341
0.11600000	-0.66132504	0.22659326
0.11700000	-0.85986710	0.16175567
0.11800000	-0.83876723	0.11798720
0.11900000	-0.59965551	0.10162401
0.12000000	-0.23176058	0.11906373
0.12100000	0.21192175	0.16750738
0.12200000	0.57547981	0.23179133
0.12300000	0.80364174	0.30265749
0.12400000	0.84476501	0.35230067
0.12500000	0.69349778	0.37349287
0.12600000	0.36752585	0.36180487
0.12700000	-0.08403051	0.31880537
0.12800000	-0.48735851	0.25744340
0.12900000	-0.78518701	0.18654650
0.13000000	-0.87238556	0.13413508
0.13100000	-0.73554379	0.10811393
0.13200000	-0.43174827	0.11103593
0.13300000	-0.00442913	0.14250124
0.13400000	0.39733022	0.19786540
0.13500000	0.71327507	0.26873153
0.13600000	0.85300809	0.32717150
0.13700000	0.79552168	0.36472687
0.13800000	0.54872048	0.37057087
0.13900000	0.15108268	0.34393454
0.14000000	-0.27534449	0.29136935
0.14100000	-0.66944510	0.22047244
0.14200000	-0.86540353	0.15929502
0.14300000	-0.83572221	0.11687992
0.14400000	-0.60709894	0.10223917
0.14500000	-0.21059917	0.11737204
0.14600000	0.20610851	0.16409326
0.14700000	0.58135456	0.23557456
0.14800000	0.80490279	0.29970473
0.14900000	0.84181225	0.34694883
0.15000000	0.68559301	0.37023252
0.15100000	0.36180487	0.36601871
0.15200000	-0.05536417	0.32821727
0.15300000	-0.50513655	0.26279527
0.15400000	-0.79201525	0.19555856
0.15500000	-0.87613803	0.13619587
0.15600000	-0.74378693	0.10414616
0.15700000	-0.41206324	0.10414616
0.15800000	-0.00673597	0.13619587
0.15900000	0.41270915	0.19555856
0.16000000	0.71493602	0.26279527
0.16100000	0.85353100	0.32821727
0.16200000	0.79315329	0.36617249
0.16300000	0.54444510	0.37100148
0.16400000	0.15960261	0.34464198
0.16500000	-0.30468750	0.29072341
0.16600000	-0.65824926	0.22659326
0.16700000	-0.85070127	0.16175567
0.16800000	-0.82975519	0.11798720
0.16900000	-0.59731793	0.10162401
0.17000000	-0.23268332	0.11921752
0.17100000	0.21099901	0.16827632
0.17200000	0.57778668	0.22948450
0.17300000	0.81262302	0.29367617
0.17400000	0.85377705	0.34316561
0.17500000	0.69583535	0.37041709
0.17600000	0.36675689	0.36488065
0.17700000	-0.08418430	0.32794046
0.17800000	-0.48720473	0.26642472
0.17900000	-0.78441805	0.18888411
0.18000000	-0.87484622	0.13336614
0.18100000	-0.74532479	0.10796013
0.18200000	-0.43842274	0.11103593
0.18300000	0.00224532	0.14250124
0.18400000	0.40711123	0.19771162
0.18499999	0.71576649	0.26799336
0.18599999	0.85223919	0.32950911
0.18699999	0.79536784	0.37370816
0.18799999	0.54872048	0.37942913
0.18899999	0.15108268	0.34547243
0.18999999	-0.27534449	0.29290724
0.19099999	-0.66944510	0.22933070
0.19199999	-0.86540353	0.16827632
0.19299999	-0.83572221	0.11921752
0.19399999	-0.60709894	0.10162401
0.19499999	-0.21059917	0.11798720
0.19599999	0.20610851	0.16160187
0.19699999	0.58135456	0.22582431
0.19799999	0.80490279	0.29306102
0.19899999	0.84181225	0.35362327
0.19999999	0.68559301	0.37998277
0.20099999	0.36180487	0.36847934
0.20199999	-0.05536417	0.32747909
0.20299999	-0.50513655	0.26264149
0.20399999	-0.79186147	0.19555856
0.20499999	-0.87536907	0.13619587
0.20599999	-0.74609375	0.10414616
0.20699999	-0.42104453	0.10414616
0.20799999	-0.01556348	0.13619587
0.20899999	0.41114050	0.19555856
0.20999999	0.71324432	0.26279527
0.21099999	0.84396529	0.32821727
0.21199999	0.78650957	0.36617249
0.21299999	0.55108881	0.37100148
0.21399999	0.16950664	0.34464198
0.21499999	-0.30145791	0.29072341
0.21599999	-0.66132504	0.22659326
0.21699999	-0.85986710	0.16175567
0.21799999	-0.83876723	0.11798720
0.21899999	-0.59965551	0.10162401
0.21999999	-0.23176058	0.11906373
0.22099999	0.21192175	0.16750738
0.22199999	0.57547981	0.23179133
0.22299999	0.80364174	0.30265749
0.22399999	0.84476501	0.35230067
0.22499999	0.69349778	0.37349287
0.22599999	0.36752585	0.36165109
0.22699999	-0.08403051	0.31803641
0.22799999	-0.48735851	0.25975025
0.22899999	-0.78518701	0.19552781
0.22999999	-0.87253934	0.14311638
0.23099999	-0.73631275	0.11042077
0.23199999	-0.42944142	0.11026698
0.23299999	0.00455217	0.14234744
0.23399999	0.40634227	0.19786540
0.23499999	0.71561271	0.26873153
0.23599999	0.85223919	0.32717150
0.23699999	0.79536784	0.36472687
0.23799999	0.54872048	0.37041709
0.23899999	0.15108268	0.34316561
0.23999999	-0.27534449	0.29367617
0.24099999	-0.66944510	0.22948450
0.24199999	-0.86540353	0.16827632
0.24299999	-0.83572221	0.11921752
0.24399999	-0.60709894	0.10147022
0.24499999	-0.21059917	0.11721826
0.24599999	0.20595473	0.16393946
0.24699999	0.58058560	0.23480561
0.24799999	0.80720967	0.30201155
0.24899999	0.85079354	0.35593012
0.24999999	0.69445127	0.37921384
0.25099999	0.36337352	0.36832553
0.25199999	-0.05382628	0.32747909
0.25299999	-0.49633980	0.26264149
0.25399999	-0.78288019	0.19540477
0.25499999	-0.87306225	0.13542692
0.25599999	-0.74686271	0.10645300
0.25699999	-0.42119834	0.11312746
0.25799999	-0.01587106	0.14520793
0.25899999	0.40960261	0.19789617
0.25999999	0.71804255	0.26202634
0.26099999	0.86269683	0.32806349
0.26199999	0.80216533	0.36617249
0.26299999	0.54675198	0.37100148
0.26399999	0.15883367	0.34464198
0.26499999	-0.30484128	0.29072341
0.26599999	-0.65824926	0.22643946
0.26699999	-0.85070127	0.16101746
0.26799999	-0.82975519	0.12029404
0.26899999	-0.59731793	0.11060531
0.26999999	-0.23268332	0.12801427
0.27099999	0.21099901	0.16981423
0.27199999	0.57794046	0.23102239
0.27299999	0.81339198	0.30250368
0.27399999	0.85128570	0.35230067
0.27499999	0.68605435	0.37349287
0.27599999	0.36008242	0.36165109
0.27699999	-0.07754060	0.31803641
0.27799999	-0.47748524	0.25990403
0.27899999	-0.78195745	0.19629675
0.27999999	-0.87561518	0.14080955
0.28099999	-0.74547857	0.10140871
0.28199999	-0.43842274	0.10125492
0.28299999	0.00224532	0.14004061
0.28399999	0.40726501	0.19863436
0.28499999	0.71650469	0.26888534
0.28599999	0.84993231	0.32717150
0.28699999	0.78638655	0.36472687
0.28799999	0.53976995	0.37041709
0.28899999	0.14877583	0.34316561
0.28999999	-0.27457553	0.29367617
0.29099999	-0.66929132	0.22948450
0.29199999	-0.86540353	0.16827632
0.29299999	-0.83572221	0.11921752
0.29399999	-0.60709894	0.10147022
0.29499999	-0.21059917	0.11721826
0.29599999	0.20610851	0.16393946
0.29699999	0.58135456	0.23480561
0.29799999	0.80490279	0.30201155
0.29899999	0.84181225	0.35593012
0.29999999	0.68559301	0.37921384
0.30099999	0.36180487	0.36832553
0.30199999	-0.05536417	0.32747909
0.30299999	-0.50513655	0.26264149
0.30399999	-0.79201525	0.19540477
0.30499999	-0.87613803	0.13542692
0.30599999	-0.74378693	0.10645300
0.30699999	-0.41206324	0.11312746
0.30799999	-0.00673597	0.14520793
0.30899999	0.41270915	0.19789617
0.30999999	0.71493602	0.26202634
0.31099999	0.85353100	0.32806349
0.31199999	0.79315329	0.36617249
0.31299999	0.54444510	0.37100148
0.31399999	0.15975639	0.34464198
0.31499999	-0.30391854	0.29072341
0.31599999	-0.66058683	0.22659326
0.31699999	-0.85971332	0.16175567
0.31799999	-0.83876723	0.11798720
0.31899999	-0.59965551	0.10162401
0.31999999	-0.23176058	0.11906373
0.32099999	0.21192175	0.16750738
0.32199999	0.57547981	0.23179133
0.32299999	0.80364174	0.30265749
0.32399999	0.84476501	0.35230067
0.32499999	0.69349778	0.37349287
0.32599999	0.36752585	0.36180487
0.32699999	-0.08403051	0.31880537
0.32799999	-0.48735851	0.25744340
0.32899999	-0.78518701	0.18654650
0.32999999	-0.87238556	0.13413508
0.33099999	-0.73554379	0.10811393
0.33199999	-0.43174827	0.11103593
0.33299999	-0.00442913	0.14250124
0.33399999	0.39733022	0.19786540
0.33499999	0.71327507	0.26873153
0.33599999	0.85300809	0.32717150
0.33699999	0.79552168	0.36472687
0.33799999	0.54872048	0.37057087
0.33899999	0.15108268	0.34393454
0.33999999	-0.27534449	0.29136935
0.34099999	-0.66944510	0.22047244
0.34199999	-0.86540353	0.15929502
0.34299999	-0.83572221	0.11687992
0.34399999	-0.60709894	0.10223917
0.34499999	-0.21059917	0.11737204
0.34599999	0.20610851	0.16393946
0.34699999	0.58135456	0.23480561
0.34799999	0.80490279	0.30201155
0.34899999	0.84181225	0.35593012
0.34999999	0.68543923	0.37921384
0.35099999	0.36103591	0.36832553
0.35199999	-0.05305733	0.32747909
0.35299999	-0.49618602	0.26264149
0.35399999	-0.78288019	0.19555856
0.35499999	-0.87306225	0.13619587
0.35599999	-0.74686271	0.10414616
0.35699999	-0.42119834	0.10414616
0.35799999	-0.01571727	0.13619587
0.35899999	0.41037154	0.19555856
0.35999999	0.71570498	0.26279527
0.36099999	0.85368478	0.32821727
0.36199999	0.79315329	0.36617249
0.36299999	0.54444510	0.37100148
0.36399999	0.15975639	0.34464198
0.36499999	-0.30391854	0.29072341
0.36599999	-0.66058683	0.22659326
0.36699999	-0.85971332	0.16175567
0.36799999	-0.83876723	0.11798720
0.36899999	-0.59965551	0.10162401
0.36999999	-0.23191437	0.11921752
0.37099999	0.21115281	0.16827632
0.37199999	0.57794046	0.22948450
0.37299999	0.81339198	0.29367617
0.37399999	0.85128570	0.34316561
0.37499999	0.68605435	0.37041709
0.37599999	0.36008242	0.36488065
0.37699999	-0.07754060	0.32794046
0.37799999	-0.47748524	0.26657850
0.37899999	-0.78195745	0.18965305
0.37999999	-0.87546134	0.13105930
0.38099999	-0.74470967	0.09894808
0.38199999	-0.44091412	0.10202387
0.38299999	-0.00753568	0.14019439
0.38399999	0.40055978	0.19863436
0.38499999	0.72320992	0.26888534
0.38599999	0.85971332	0.32701772
0.38699999	0.78887796	0.36395791
0.38799999	0.53900099	0.37290847
0.38899999	0.14862205	0.35291585
0.38999999	-0.27457553	0.30035064
0.39099999	-0.66929132	0.22281004
0.39199999	-0.86540353	0.15852608
0.39299999	-0.83572221	0.11672613
0.39399999	-0.60709894	0.10223917
0.39499999	-0.21059917	0.11737204
0.39599999	0.20610851	0.16409326
0.39699999	0.58135456	0.23557456
0.39799999	0.80471826	0.29970473
0.39899999	0.84104329	0.34694883
0.39999999	0.68793058	0.37023252
0.40099999	0.37081692	0.36601871
0.40199999	-0.04638287	0.32821727
0.40299999	-0.50282973	0.26279527
0.40399999	-0.79278421	0.19540477
0.40499999	-0.87629181	0.13542692
0.40599999	-0.74378693	0.10645300
0.40699999	-0.41206324	0.11312746
0.40799999	-0.00673597	0.14520793
0.40899999	0.41270915	0.19789617
0.40999999	0.71478224	0.26202634
0.41099999	0.85279280	0.32806349
0.41199999	0.79561394	0.36617249
0.41299999	0.55416459	0.37100148
0.41399999	0.16643086	0.34464198
0.41499999	-0.31059301	0.29072341
0.41599999	-0.67046016	0.22659326
0.41699999	-0.86294293	0.16175567
0.41799999	-0.83569145	0.11798720
0.41899999	-0.59052044	0.10162401
0.41999999	-0.22277927	0.11906373
0.42099999	0.21422859	0.16750738
0.42199999	0.57471085	0.23179133
0.42299999	0.80348796	0.30265749
0.42399999	0.84476501	0.35214689
0.42499999	0.69349778	0.37275466
0.42599999	0.36752585	0.36395791
0.42699999	-0.08403051	0.32701772
0.42799999	-0.48720473	0.26873153
0.42899999	-0.78441805	0.19786540
0.42999999	-0.87484622	0.14234744
0.43099999	-0.74532479	0.11026698
0.43199999	-0.43842274	0.11026698
0.43299999	0.00224532	0.14234744
0.43399999	0.40711123	0.19786540
0.43499999	0.71576649	0.26873153
0.43599999	0.85223919	0.32717150
0.43699999	0.79536784	0.36472687
0.43799999	0.54856670	0.37041709
0.43899999	0.15031374	0.34316561
0.43999999	-0.27303764	0.29367617
0.44099999	-0.66046381	0.22948450
0.44199999	-0.85626847	0.16812254
0.44299999	-0.83264643	0.11844857
0.44399999	-0.61017472	0.10380782
0.44499999	-0.21973425	0.12619956
0.44599999	0.19712721	0.17292076
0.44699999	0.57904774	0.23711245
0.44799999	0.80564100	0.30139640
0.44899999	0.84196603	0.35654527
0.44999999	0.68559301	0.37690699
0.45099999	0.36180487	0.35931349
0.45199999	-0.05551796	0.31846702
0.45299999	-0.50590551	0.26033464
0.45399999	-0.78952384	0.19632751
0.45499999	-0.86635703	0.13634965
0.45599999	-0.73711246	0.10396162
0.45699999	-0.41870692	0.10337722
0.45799999	-0.01648622	0.13853346
0.45899999	0.41021776	0.20457062
0.45999999	0.71570498	0.27180734
0.46099999	0.85368478	0.33055487
0.46199999	0.79315329	0.36540353
0.46299999	0.54444510	0.37084767
0.46399999	0.15960261	0.34464198
0.46499999	-0.30468750	0.29072341
0.46599999	-0.65824926	0.22659326
0.46699999	-0.85070127	0.16175567
0.46799999	-0.82975519	0.11798720
0.46899999	-0.59731793	0.10162401
0.46999999	-0.23268332	0.11921752
0.47099999	0.21099901	0.16827632
0.47199999	0.57778668	0.22948450
0.47299999	0.81262302	0.29367617
0.47399999	0.85362327	0.34331939
0.47499999	0.69506645	0.37118602
0.47599999	0.36909449	0.36238927
0.47699999	-0.07520300	0.31819022
0.47799999	-0.47822341	0.25990403
0.47899999	-0.78211123	0.19629675
0.47999999	-0.87561518	0.14080955
0.48099999	-0.74547857	0.10140871
0.48199999	-0.43842274	0.10125492
0.48299999	0.00224532	0.14004061
0.48399999	0.40726501	0.19863436
0.48499999	0.71650469	0.26888534
0.48599999	0.84993231	0.32717150
0.48699999	0.78638655	0.36472687
0.48799999	0.53976995	0.37057087
0.48899999	0.14877583	0.34393454
0.48999999	-0.27442175	0.29136935
0.49099999	-0.66852242	0.22047244
0.49199999	-0.86774117	0.15929502
0.49299999	-0.84470350	0.11687992
0.49399999	-0.61608022	0.10223917
0.49499999	-0.21293676	0.11737204
0.49599999	0.20687746	0.16409326
0.49699999	0.58150834	0.23557456
0.49799999	0.80490279	0.29985851
0.49899999	0.84181225	0.34771776
0.49999999	0.68559301	0.36792567
0.50099999	0.36180487	0.35700664
0.50199999	-0.05536417	0.31923598
0.50299999	-0.50513655	0.26048842
0.50399999	-0.79201525	0.19617371
0.50499999	-0.87613803	0.13558070
0.50599999	-0.74378693	0.10645300
0.50699999	-0.41206324	0.11312746
0.50799999	-0.00673597	0.14520793
0.50899999	0.41270915	0.19789617
0.50999999	0.71478224	0.26202634
0.51099999	0.85279280	0.32806349
0.51199999	0.79546016	0.36617249
0.51299999	0.55339569	0.37100148
0.51399999	0.16873769	0.34464198
0.51499999	-0.30161172	0.29072341
0.51599999	-0.66132504	0.22659326
0.51699999	-0.85986710	0.16175567
0.51799999	-0.83876723	0.11798720
0.51899999	-0.59965551	0.10162401
0.51999999	-0.23191437	0.11906373
0.52099999	0.21115281	0.16750738
0.52199999	0.57778668	0.23179133
0.52299999	0.81262302	0.30265749
0.52399999	0.85377705	0.35214689
0.52499999	0.69583535	0.37275466
0.52599999	0.36675689	0.36395791
0.52699999	-0.08418430	0.32701772
0.52799999	-0.48735851	0.26873153
0.52899999	-0.78518701	0.19786540
0.52999999	-0.87253934	0.14234744
0.53099999	-0.73631275	0.11026698
0.53199999	-0.42944142	0.11026698
0.53299999	0.00455217	0.14234744
0.53399999	0.40634227	0.19786540
0.53499999	0.71561271	0.26873153
0.53599999	0.85223919	0.32717150
0.53699999	0.79536784	0.36472687
0.53799999	0.54856670	0.37041709
0.53899998	0.15031374	0.34316561
0.53999998	-0.27303764	0.29367617
0.54099998	-0.66046381	0.22948450
0.54199998	-0.85642225	0.16827632
0.54299998	-0.83341533	0.11921752
0.54399998	-0.60786784	0.10147022
0.54499998	-0.21075295	0.11721826
0.54599998	0.20595473	0.16393946
0.54699998	0.58058560	0.23480561
0.54799998	0.80720967	0.30216536
0.54899998	0.85079354	0.35669905
0.54999998	0.69460505	0.37690699
0.55099998	0.36414248	0.35931349
0.55199998	-0.05628691	0.31846702
0.55299998	-0.50605929	0.26033464
0.55399998	-0.78952384	0.19632751
0.55499998	-0.86635703	0.13634965
0.55599998	-0.73711246	0.10414616
0.55699998	-0.41870692	0.10414616
0.55799998	-0.01648622	0.13619587
0.55899998	0.41021776	0.19555856
0.55999998	0.71570498	0.26279527
0.56099998	0.85368478	0.32821727
0.56199998	0.79315329	0.36601871
0.56299998	0.54444510	0.37023252
0.56399998	0.15960261	0.34694883
0.56499998	-0.30468750	0.29970473
0.56599998	-0.65824926	0.23557456
0.56699998	-0.85070127	0.16409326
0.56799998	-0.82975519	0.11721826
0.56899998	-0.59731793	0.10147022
0.56999998	-0.23268332	0.11921752
0.57099998	0.21099901	0.16827632
0.57199998	0.57794046	0.22948450
0.57299998	0.81339198	0.29367617
0.57399998	0.85143948	0.34331939
0.57499998	0.68682331	0.37118602
0.57599998	0.35777560	0.36254305
0.57699998	-0.08652190	0.31895915
0.57799998	-0.48643577	0.25759721
0.57899998	-0.78426427	0.18731545
0.57999998	-0.87484622	0.13182825
0.58099998	-0.74532479	0.09910187
0.58199998	-0.43842274	0.10202387
0.58299998	0.00224532	0.14019439
0.58399998	0.40726501	0.19844981
0.58499998	0.71650469	0.26814714
0.58599998	0.84993231	0.32950911
0.58699998	0.78638655	0.37370816
0.58799998	0.53976995	0.37942913
0.58899998	0.14877583	0.34547243
0.58999998	-0.27457553	0.29290724
0.59099998	-0.66929132	0.22933070
0.59199998	-0.86540353	0.16812254
0.59299998	-0.83572221	0.11844857
0.59399998	-0.60709894	0.10380782
0.59499998	-0.21059917	0.12619956
0.59599998	0.20610851	0.17307456
0.59699998	0.58135456	0.23788139
0.59799998	0.80490279	0.29893577
0.59899998	0.84181225	0.34679502
0.59999998	0.68559301	0.37023252
0.60099998	0.36180487	0.36601871
0.60199998	-0.05536417	0.32821727
0.60299998	-0.50513655	0.26279527
0.60399998	-0.79201525	0.19555856
0.60499998	-0.87613803	0.13619587
0.60599998	-0.74378693	0.10396162
0.60699998	-0.41206324	0.10337722
0.60799998	-0.00673597	0.13853346
0.60899998	0.41270915	0.20457062
0.60999998	0.71478224	0.27180734
0.61099998	0.85279280	0.33055487
0.61199998	0.79546016	0.36540353
0.61299998	0.55339569	0.37084767
0.61399998	0.16873769	0.34464198
0.61499998	-0.30161172	0.29072341
0.61599998	-0.66147882	0.22659326
0.61699998	-0.86063606	0.16175567
0.61799998	-0.83642960	0.11798720
0.61899998	-0.59067422	0.10162401
0.61999998	-0.22277927	0.11906373
0.62099998	0.21422859	0.16750738
0.62199998	0.57471085	0.23179133
0.62299998	0.80348796	0.30265749
0.62399998	0.84476501	0.35230067
0.62499998	0.69349778	0.37349287
0.62599998	0.36752585	0.36165109
0.62699998	-0.08403051	0.31803641
0.62799998	-0.48735851	0.25975025
0.62899998	-0.78518701	0.19552781
0.62999998	-0.87238556	0.14311638
0.63099998	-0.73554379	0.11042077
0.63199998	-0.43174827	0.11026698
0.63299998	-0.00442913	0.14234744
0.63399998	0.39733022	0.19786540
0.63499998	0.71327507	0.26873153
0.63599998	0.85300809	0.32717150
0.63699998	0.79552168	0.36472687
0.63799998	0.54872048	0.37041709
0.63899998	0.15108268	0.34316561
0.63999998	-0.27534449	0.29367617
0.64099998	-0.66944510	0.22948450
0.64199998	-0.86540353	0.16827632
0.64299998	-0.83572221	0.11921752
0.64399998	-0.60709894	0.10147022
0.64499998	-0.21059917	0.11721826
0.64599998	0.20595473	0.16393946
0.64699998	0.58058560	0.23480561
0.64799998	0.80720967	0.30201155
0.64899998	0.85079354	0.35593012
0.64999998	0.69460505	0.37921384
0.65099998	0.36414248	0.36832553
0.65199998	-0.05613312	0.32747909
0.65299998	-0.50529033	0.26264149
0.65399998	-0.79201525	0.19555856
0.65499998	-0.87613803	0.13619587
0.65599998	-0.74378693	0.10414616
0.65699998	-0.41206324	0.10414616
0.65799998	-0.00673597	0.13619587
0.65899998	0.41270915	0.19555856
0.65999998	0.71493602	0.26279527
0.66099998	0.85353100	0.32821727
0.66199998	0.79315329	0.36601871
0.66299998	0.54444510	0.37023252
0.66399998	0.15960261	0.34694883
0.66499998	-0.30468750	0.29970473
0.66599998	-0.65824926	0.23557456
0.66699998	-0.85070127	0.16409326
0.66799998	-0.82975519	0.11721826
0.66899998	-0.59731793	0.10147022
0.66999998	-0.23268332	0.11906373
0.67099998	0.21099901	0.16750738
0.67199998	0.57778668	0.23179133
0.67299998	0.81262302	0.30265749
0.67399998	0.85362327	0.35214689
0.67499998	0.69506645	0.37275466
0.67599998	0.36909449	0.36411172
0.67699998	-0.07520300	0.32778665
0.67799998	-0.47837722	0.26642472
0.67899998	-0.78288019	0.18888411
0.67999998	-0.87330830	0.13336614
0.68099998	-0.73646653	0.10796013
0.68199998	-0.42944142	0.11118972
0.68299998	0.00455217	0.14327018
0.68399998	0.40649605	0.19552781
0.68499998	0.71635085	0.25975025
0.68599998	0.84993231	0.31803641
0.68699998	0.78638655	0.36165109
0.68799998	0.53961617	0.37367740
0.68899998	0.14800689	0.35306963
0.68999998	-0.27226871	0.30035064
0.69099998	-0.66031003	0.22281004
0.69199998	-0.85642225	0.15852608
0.69299998	-0.83341533	0.11672613
0.69399998	-0.60786784	0.10223917
0.69499998	-0.21075295	0.11737204
0.69599998	0.20610851	0.16409326
0.69699998	0.58135456	0.23557456
0.69799998	0.80490279	0.29970473
0.69899998	0.84181225	0.34694883
0.69999998	0.68559301	0.37023252
0.70099998	0.36180487	0.36601871
0.70199998	-0.05536417	0.32821727
0.70299998	-0.50513655	0.26279527
0.70399998	-0.79201525	0.19540477
0.70499998	-0.87613803	0.13542692
0.70599998	-0.74378693	0.10629921
0.70699998	-0.41206324	0.11235851
0.70799998	-0.00673597	0.14751476
0.70899998	0.41270915	0.20687746
0.70999998	0.71493602	0.27103838
0.71099998	0.85353100	0.33040109
0.71199998	0.79315329	0.36540353
0.71299998	0.54444510	0.37084767
0.71399998	0.15975639	0.34464198
0.71499998	-0.30391854	0.29072341
0.71599998	-0.66058683	0.22659326
0.71699998	-0.85971332	0.16175567
0.71799998	-0.83876723	0.11798720
0.71899998	-0.59965551	0.10162401
0.71999998	-0.23191437	0.11906373
0.72099998	0.21115281	0.16750738
0.72199998	0.57778668	0.23179133
0.72299998	0.81262302	0.30265749
0.72399998	0.85377705	0.35230067
0.72499998	0.69583535	0.37349287
0.72599998	0.36675689	0.36165109
0.72699998	-0.08418430	0.31803641
0.72799998	-0.48720473	0.25975025
0.72899998	-0.78441805	0.19552781
0.72999998	-0.87484622	0.14311638
0.73099998	-0.74532479	0.11042077
0.73199998	-0.43842274	0.11026698
0.73299998	0.00224532	0.14234744
0.73399998	0.40711123	0.19786540
0.73499998	0.71576649	0.26873153
0.73599998	0.85223919	0.32717150
0.73699998	0.79536784	0.36472687
0.73799998	0.54856670	0.37041709
0.73899998	0.15031374	0.34316561
0.73999998	-0.27303764	0.29367617
0.74099998	-0.66046381	0.22948450
0.74199998	-0.85642225	0.16827632
0.74299998	-0.83341533	0.11921752
0.74399998	-0.60786784	0.10162401
0.74499998	-0.21075295	0.11798720
0.74599998	0.20610851	0.16175567
0.74699998	0.58135456	0.22659326
0.74799998	0.80490279	0.29072341
0.74899998	0.84181225	0.34464198
0.74999998	0.68559301	0.37100148
0.75099998	0.36180487	0.36617249
0.75199998	-0.05536417	0.32821727
0.75299998	-0.50513655	0.26279527
0.75399998	-0.79186147	0.19540477
0.75499998	-0.87536907	0.13542692
0.75599998	-0.74609375	0.10645300
0.75699998	-0.42104453	0.11312746
0.75799998	-0.01571727	0.14520793
0.75899998	0.41037154	0.19789617
0.75999998	0.71570498	0.26202634
0.76099998	0.85368478	0.32806349
0.76199998	0.79315329	0.36617249
0.76299998	0.54444510	0.37100148
0.76399998	0.15975639	0.34464198
0.76499998	-0.30391854	0.29072341
0.76599998	-0.66058683	0.22659326
0.76699998	-0.85971332	0.16175567
0.76799998	-0.83876723	0.11798720
0.76899998	-0.59965551	0.10162401
0.76999998	-0.23191437	0.11921752
0.77099998	0.21115281	0.16827632
0.77199998	0.57794046	0.22948450
0.77299998	0.81339198	0.29367617
0.77399998	0.85143948	0.34331939
0.77499998	0.68682331	0.37118602
0.77599998	0.35777560	0.36238927
0.77699998	-0.08652190	0.31819022
0.77799998	-0.48643577	0.25975025
0.77899998	-0.78426427	0.19552781
0.77999998	-0.87484622	0.14311638
0.78099998	-0.74532479	0.11042077
0.78199998	-0.43842274	0.11026698
0.78299998	0.00224532	0.14234744
0.78399998	0.40726501	0.19786540
0.78499998	0.71650469	0.26873153
0.78599998	0.84993231	0.32717150
0.78699998	0.78638655	0.36472687
0.78799998	0.53976995	0.37041709
0.78899998	0.14877583	0.34316561
0.78999998	-0.27457553	0.29367617
0.79099998	-0.66929132	0.22948450
0.79199998	-0.86540353	0.16812254
0.79299998	-0.83572221	0.11844857
0.79399998	-0.60709894	0.10380782
0.79499998	-0.21059917	0.12619956
0.79599998	0.20610851	0.17292076
0.79699998	0.58135456	0.23711245
0.79799998	0.80490279	0.30139640
0.79899998	0.84181225	0.35654527
0.79999998	0.68559301	0.37690699
0.80099998	0.36180487	0.35931349
0.80199998	-0.05536417	0.31846702
0.80299998	-0.50513655	0.26033464
0.80399998	-0.79201525	0.19632751
0.80499998	-0.87613803	0.13634965
0.80599998	-0.74378693	0.10414616
0.80699998	-0.41206324	0.10414616
0.80799998	-0.00673597	0.13619587
0.80899998	0.41270915	0.19555856
0.80999998	0.71493602	0.26279527
0.81099998	0.85353100	0.32821727
0.81199998	0.79315329	0.36617249
0.81299998	0.54444510	0.37100148
0.81399998	0.15975639	0.34464198
0.81499998	-0.30391854	0.29072341
0.81599998	-0.66058683	0.22659326
0.81699998	-0.85971332	0.16175567
0.81799998	-0.83876723	0.11798720
0.81899998	-0.59965551	0.10162401
0.81999998	-0.23176058	0.11906373
0.82099998	0.21192175	0.16750738
0.82199998	0.57563359	0.23179133
0.82299998	0.80441070	0.30265749
0.82399998	0.84245819	0.35214689
0.82499998	0.68451649	0.37275466
0.82599998	0.35854453	0.36395791
0.82699998	-0.08636811	0.32701772
0.82799998	-0.48658955	0.26873153
0.82899998	-0.78503323	0.19786540
0.82999998	-0.87253934	0.14234744
0.83099998	-0.73631275	0.11026698
0.83199998	-0.42944142	0.11026698
0.83299998	0.00455217	0.14234744
0.83399998	0.40649605	0.19786540
0.83499998	0.71635085	0.26873153
0.83599998	0.84993231	0.32701772
0.83699998	0.78638655	0.36395791
0.83799998	0.53976995	0.37290847
0.83899998	0.14877583	0.35291585
0.83999998	-0.27457553	0.30035064
0.84099998	-0.66929132	0.22281004
0.84199998	-0.86540353	0.15852608
0.84299998	-0.83572221	0.11672613
0.84399998	-0.60709894	0.10223917
0.84499998	-0.21059917	0.11737204
0.84599998	0.20595473	0.16393946
0.84699998	0.58058560	0.23480561
0.84799998	0.80720967	0.30216536
0.84899998	0.85079354	0.35669905
0.84999998	0.69460505	0.37690699
0.85099998	0.36414248	0.35931349
0.85199998	-0.05613312	0.31846702
0.85299998	-0.50529033	0.26033464
0.85399998	-0.79201525	0.19632751
0.85499998	-0.87613803	0.13634965
0.85599998	-0.74378693	0.10414616
0.85699998	-0.41206324	0.10414616
0.85799998	-0.00673597	0.13619587
0.85899998	0.41270915	0.19555856
0.85999998	0.71493602	0.26279527
0.86099998	0.85353100	0.32821727
0.86199998	0.79315329	0.36601871
0.86299998	0.54444510	0.37023252
0.86399998	0.15960261	0.34694883
0.86499998	-0.30468750	0.29970473
0.86599998	-0.65824926	0.23557456
0.86699998	-0.85070127	0.16409326
0.86799998	-0.82975519	0.11721826
0.86899998	-0.59731793	0.10147022
0.86999998	-0.23268332	0.11906373
0.87099998	0.21099901	0.16750738
0.87199998	0.57778668	0.23163755
0.87299998	0.81262302	0.30191928
0.87399998	0.85377705	0.35463828
0.87499998	0.69583535	0.38250491
0.87599998	0.36675689	0.37063238
0.87699998	-0.08418430	0.32034326
0.87799998	-0.48720473	0.25898129
0.87899998	-0.78441805	0.19537401
0.87999998	-0.87484622	0.14311638
0.88099998	-0.74532479	0.11042077
0.88199998	-0.43842274	0.11026698
0.88299998	0.00224532	0.14234744
0.88399998	0.40726501	0.19786540
0.88499998	0.71650469	0.26873153
0.88599998	0.84993231	0.32717150
0.88699998	0.78638655	0.36472687
0.88799998	0.53976995	0.37041709
0.88899998	0.14877583	0.34316561
0.88999998	-0.27442175	0.29367617
0.89099998	-0.66852242	0.22948450
0.89199997	-0.86774117	0.16827632
0.89299997	-0.84470350	0.11921752
0.89399997	-0.61608022	0.10162401
0.89499997	-0.21293676	0.11798720
0.89599997	0.20687746	0.16175567
0.89699997	0.58150834	0.22659326
0.89799997	0.80490279	0.29072341
0.89899997	0.84181225	0.34464198
0.89999997	0.68559301	0.37100148
0.90099997	0.36180487	0.36617249
0.90199997	-0.05536417	0.32821727
0.90299997	-0.50513655	0.26279527
0.90399997	-0.79201525	0.19540477
0.90499997	-0.87613803	0.13542692
0.90599997	-0.74378693	0.10645300
0.90699997	-0.41206324	0.11312746
0.90799997	-0.00658219	0.14520793
0.90899997	0.41344735	0.19789617
0.90999997	0.71247542	0.26202634
0.91099997	0.84381151	0.32806349
0.91199997	0.78650957	0.36617249
0.91299997	0.55108881	0.37100148
0.91399997	0.16950664	0.34464198
0.91499997	-0.30145791	0.29072341
0.91599997	-0.66147882	0.22659326
0.91699997	-0.86063606	0.16175567
0.91799997	-0.83642960	0.11798720
0.91899997	-0.59067422	0.10162401
0.91999997	-0.22293307	0.11906373
0.92099997	0.21345964	0.16750738
0.92199997	0.57704848	0.23179133
0.92299997	0.81246924	0.30265749
0.92399997	0.85362327	0.35214689
0.92499997	0.69506645	0.37275466
0.92599997	0.36909449	0.36395791
0.92699997	-0.07520300	0.32701772
0.92799997	-0.47837722	0.26888534
0.92899997	-0.78288019	0.19863436
0.92999997	-0.87330830	0.14004061
0.93099997	-0.73646653	0.10125492
0.93199997	-0.42944142	0.10125492
0.93299997	0.00455217	0.14004061
0.93399997	0.40649605	0.19863436
0.93499997	0.71635085	0.26888534
0.93599997	0.85008609	0.32717150
0.93699997	0.78715551	0.36472687
0.93799997	0.53727853	0.37057087
0.93899997	0.13902558	0.34393454
0.93999997	-0.28125000	0.29136935
0.94099997	-0.66261685	0.22047244
0.94199997	-0.85565329	0.15911049
0.94299997	-0.83326155	0.11611097
0.94399997	-0.60786784	0.10457677
0.94499997	-0.21075295	0.12638411
0.94599997	0.20595473	0.17307456
0.94699997	0.58058560	0.23788139
0.94799997	0.80720967	0.29908955
0.94899997	0.85079354	0.34756398
0.94999997	0.69460505	0.36792567
0.95099997	0.36414248	0.35700664
0.95199997	-0.05613312	0.31908217
0.95299997	-0.50529033	0.25971949
0.95399997	-0.79186147	0.19866511
0.95499997	-0.87536907	0.14536171
0.95599997	-0.74609375	0.11312746
0.95699997	-0.42104453	0.10645300
0.95799997	-0.01571727	0.13542692
0.95899997	0.41037154	0.19540477
0.95999997	0.71570498	0.26279527
0.96099997	0.85368478	0.32821727
0.96199997	0.79315329	0.36617249
0.96299997	0.54444510	0.37100148
0.96399997	0.15960261	0.34464198
0.96499997	-0.30468750	0.29072341
0.96599997	-0.65824926	0.22659326
0.96699997	-0.85070127	0.16175567
0.96799997	-0.82975519	0.11798720
0.96899997	-0.59731793	0.10162401
0.96999997	-0.23252952	0.11921752
0.97099997	0.21176796	0.16827632
0.97199997	0.57563359	0.22948450
0.97299997	0.80441070	0.29367617
0.97399997	0.84230435	0.34331939
0.97499997	0.68374753	0.37118602
0.97599997	0.36085138	0.36238927
0.97699997	-0.07738681	0.31819022
0.97799997	-0.47763902	0.25975025
0.97899997	-0.78272635	0.19552781
0.97999997	-0.87330830	0.14311638
0.98099997	-0.73646653	0.11042077
0.98199997	-0.42944142	0.11026698
0.98299997	0.00455217	0.14234744
0.98399997	0.40649605	0.19786540
0.98499997	0.71635085	0.26873153
0.98599997	0.84993231	0.32717150
0.98699997	0.78638655	0.36472687
0.98799997	0.53976995	0.37041709
0.98899997	0.14877583	0.34316561
0.98999997	-0.27457553	0.29367617
0.99099997	-0.66929132	0.22948450
0.99199997	-0.86540353	0.16812254
0.99299997	-0.83572221	0.11844857
0.99399997	-0.60709894	0.10396162
0.99499997	-0.21059917	0.12696850
0.99599997	0.20610851	0.17061393
0.99699997	0.58135456	0.22813115
0.99799997	0.80490279	0.29244587
0.99899997	0.84181225	0.35423842
0.99999997	0.68559301	0.37764516
1.00099997	0.36180487	0.35946727
1.00199997	-0.05536417	0.31846702
1.00299997	-0.50513655	0.26033464
1.00399997	-0.79201525	0.19632751
1.00499997	-0.87613803	0.13634965
1.00599997	-0.74378693	0.10414616
1.00699997	-0.41206324	0.10414616
1.00799997	-0.00673597	0.13619587
1.00899997	0.41270915	0.19555856
1.00999997	0.71493602	0.26279527
1.01099997	0.85353100	0.32821727
1.01199997	0.79315329	0.36617249
1.01299997	0.54444510	0.37100148
1.01399997	0.15960261	0.34464198
1.01499997	-0.30468750	0.29072341
1.01599997	-0.65840304	0.22659326
1.01699997	-0.85147023	0.16175567
1.01799997	-0.82744831	0.11798720
1.01899997	-0.58833659	0.10162401
1.01999997	-0.22354823	0.11906373
1.02099997	0.21407481	0.16750738
1.02199997	0.57471085	0.23179133
1.02299997	0.80348796	0.30265749
1.02399997	0.84476501	0.35230067
1.02499997	0.69349778	0.37349287
1.02599997	0.36752585	0.36180487
1.02699997	-0.08403051	0.31880537
1.02799997	-0.48735851	0.25744340
1.02899997	-0.78518701	0.18654650
1.02999997	-0.87253934	0.13413508
1.03099997	-0.73631275	0.10811393
1.03199997	-0.42944142	0.11103593
1.03299997	0.00455217	0.14250124
1.03399997	0.40634227	0.19786540
1.03499997	0.71561271	0.26873153
1.03599997	0.85223919	0.32717150
1.03699997	0.79536784	0.36472687
1.03799997	0.54872048	0.37041709
1.03899997	0.15108268	0.34316561
1.03999997	-0.27534449	0.29367617
1.04099997	-0.66944510	0.22948450
1.04199997	-0.86540353	0.16827632
1.04299997	-0.83572221	0.11921752
1.04399997	-0.60709894	0.10147022
1.04499997	-0.21059917	0.11721826
1.04599997	0.20595473	0.16409326
1.04699997	0.58058560	0.23557456
1.04799997	0.80720967	0.29970473
1.04899997	0.85079354	0.34694883
1.04999997	0.69460505	0.37023252
1.05099997	0.36414248	0.36601871
1.05199997	-0.05613312	0.32821727
1.05299997	-0.50529033	0.26279527
1.05399997	-0.79186147	0.19540477
1.05499997	-0.87536907	0.13542692
1.05599997	-0.74609375	0.10629921
1.05699997	-0.42104453	0.11235851
1.05799997	-0.01571727	0.14751476
1.05899997	0.41037154	0.20687746
1.05999997	0.71570498	0.27103838
1.06099997	0.85368478	0.33040109
1.06199997	0.79315329	0.36540353
1.06299997	0.54444510	0.37084767
1.06399997	0.15960261	0.34464198
1.06499997	-0.30468750	0.29072341
1.06599997	-0.65824926	0.22659326
1.06699997	-0.85070127	0.16175567
1.06799997	-0.82975519	0.11798720
1.06899997	-0.59731793	0.10162401
1.06999997	-0.23268332	0.11906373
1.07099997	0.21099901	0.16750738
1.07199997	0.57794046	0.23179133
1.07299997	0.81339198	0.30265749
1.07399997	0.85128570	0.35214689
1.07499997	0.68605435	0.37275466
1.07599997	0.36008242	0.36395791
1.07699997	-0.07754060	0.32701772
1.07799997	-0.47763902	0.26873153
1.07899997	-0.78272635	0.19786540
1.07999997	-0.87330830	0.14234744
1.08099997	-0.73646653	0.11026698
1.08199997	-0.42959523	0.11026698
1.08299997	0.00378322	0.14234744
1.08399997	0.40880290	0.19771162
1.08499997	0.72536296	0.26799336
1.08599997	0.85894442	0.32950911
1.08699997	0.78872418	0.37370816
1.08799997	0.53884721	0.37958291
1.08899997	0.14785311	0.34624138
1.08999997	-0.27226871	0.29060039
1.09099997	-0.66031003	0.22031865
1.09199997	-0.85642225	0.15929502
1.09299997	-0.83341533	0.11687992
1.09399997	-0.60786784	0.10223917
1.09499997	-0.21075295	0.11737204
1.09599997	0.20610851	0.16393946
1.09699997	0.58135456	0.23480561
1.09799997	0.80490279	0.30201155
1.09899997	0.84181225	0.35593012
1.09999997	0.68559301	0.37921384
1.10099997	0.36180487	0.36832553
1.10199997	-0.05536417	0.32747909
1.10299997	-0.50513655	0.26264149
1.10399997	-0.79186147	0.19540477
1.10499997	-0.87536907	0.13542692
1.10599997	-0.74609375	0.10645300
1.10699997	-0.42104453	0.11312746
1.10799997	-0.01571727	0.14520793
1.10899997	0.41037154	0.19789617
1.10999997	0.71570498	0.26202634
1.11099997	0.85368478	0.32806349
1.11199997	0.79315329	0.36617249
1.11299997	0.54444510	0.37100148
1.11399997	0.15975639	0.34464198
1.11499997	-0.30391854	0.29072341
1.11599997	-0.66058683	0.22659326
1.11699997	-0.85971332	0.16175567
1.11799997	-0.83876723	0.11798720
1.11899997	-0.59965551	0.10162401
1.11999997	-0.23176058	0.11906373
1.12099997	0.21192175	0.16750738
1.12199997	0.57547981	0.23179133
1.12299997	0.80364174	0.30265749
1.12399997	0.84476501	0.35230067
1.12499997	0.69349778	0.37349287
1.12599997	0.36752585	0.36180487
1.12699997	-0.08403051	0.31880537
1.12799997	-0.48735851	0.25744340
1.12899997	-0.78518701	0.18654650
1.12999997	-0.87253934	0.13413508
1.13099997	-0.73631275	0.10811393
1.13199997	-0.42944142	0.11103593
1.13299997	0.00455217	0.14250124
1.13399997	0.40634227	0.19786540
1.13499997	0.71561271	0.26873153
1.13599997	0.85223919	0.32717150
1.13699997	0.79536784	0.36472687
1.13799997	0.54872048	0.37057087
1.13899997	0.15108268	0.34393454
1.13999997	-0.27534449	0.29136935
1.14099997	-0.66944510	0.22047244
1.14199997	-0.86540353	0.15929502
1.14299997	-0.83572221	0.11687992
1.14399997	-0.60709894	0.10223917
1.14499997	-0.21059917	0.11737204
1.14599997	0.20610851	0.16393946
1.14699997	0.58135456	0.23480561
1.14799997	0.80490279	0.30216536
1.14899997	0.84181225	0.35669905
1.14999997	0.68559301	0.37690699
1.15099997	0.36180487	0.35931349
1.15199997	-0.05551796	0.31846702
1.15299997	-0.50590551	0.26033464
1.15399997	-0.78952384	0.19632751
1.15499997	-0.86635703	0.13634965
1.15599997	-0.73711246	0.10414616
1.15699997	-0.41870692	0.10414616
1.15799997	-0.01648622	0.13619587
1.15899997	0.41021776	0.19555856
1.15999997	0.71570498	0.26279527
1.16099997	0.85368478	0.32821727
1.16199997	0.79315329	0.36617249
1.16299997	0.54444510	0.37100148
1.16399997	0.15975639	0.34464198
1.16499997	-0.30391854	0.29072341
1.16599997	-0.66058683	0.22659326
1.16699997	-0.85971332	0.16175567
1.16799997	-0.83876723	0.11798720
1.16899997	-0.59965551	0.10162401
1.16999997	-0.23191437	0.11906373
1.17099997	0.21115281	0.16750738
1.17199997	0.57794046	0.23179133
1.17299997	0.81339198	0.30265749
1.17399997	0.85143948	0.35230067
1.17499997	0.68682331	0.37349287
1.17599997	0.35777560	0.36165109
1.17699997	-0.08652190	0.31803641
1.17799997	-0.48658955	0.25975025
1.17899997	-0.78503323	0.19552781
1.17999997	-0.87253934	0.14311638
1.18099997	-0.73631275	0.11042077
1.18199997	-0.42944142	0.11026698
1.18299997	0.00455217	0.14234744
1.18399997	0.40649605	0.19771162
1.18499997	0.71635085	0.26799336
1.18599997	0.84993231	0.32950911
1.18699997	0.78638655	0.37370816
1.18799997	0.53976995	0.37942913
1.18899997	0.14877583	0.34547243
1.18999997	-0.27457553	0.29290724
1.19099997	-0.66929132	0.22933070
1.19199997	-0.86540353	0.16827632
1.19299997	-0.83572221	0.11921752
1.19399997	-0.60709894	0.10162401
1.19499997	-0.21059917	0.11798720
1.19599997	0.20610851	0.16160187
1.19699997	0.58135456	0.22582431
1.19799997	0.80490279	0.29306102
1.19899997	0.84181225	0.35362327
1.19999997	0.68559301	0.37998277
1.20099997	0.36180487	0.36847934
1.20199997	-0.05536417	0.32747909
1.20299997	-0.50513655	0.26264149
1.20399997	-0.79201525	0.19540477
1.20499997	-0.87613803	0.13542692
1.20599997	-0.74378693	0.10645300
1.20699997	-0.41206324	0.11312746
1.20799997	-0.00658219	0.14520793
1.20899997	0.41344735	0.19789617
1.20999997	0.71247542	0.26202634
1.21099997	0.84381151	0.32806349
1.21199997	0.78650957	0.36617249
1.21299997	0.55108881	0.37100148
1.21399997	0.16935286	0.34464198
1.21499997	-0.30222687	0.29072341
1.21599997	-0.65917200	0.22659326
1.21699997	-0.85162401	0.16175567
1.21799997	-0.82744831	0.11798720
1.21899997	-0.58833659	0.10162401
1.21999997	-0.22354823	0.11906373
1.22099997	0.21407481	0.16750738
1.22199997	0.57486469	0.23179133
1.22299997	0.80425692	0.30265749
1.22399997	0.84245819	0.35230067
1.22499997	0.68451649	0.37349287
1.22599997	0.35854453	0.36180487
1.22699997	-0.08636811	0.31880537
1.22799997	-0.48658955	0.25759721
1.22899997	-0.78503323	0.18731545
1.22999997	-0.87253934	0.13182825
1.23099997	-0.73631275	0.09910187
1.23199997	-0.42944142	0.10187007
1.23299997	0.00455217	0.13942544
1.23399997	0.40634227	0.20094119
1.23499997	0.71561271	0.27789739
1.23599997	0.85223919	0.33618355
1.23699997	0.79536784	0.36703372
1.23799997	0.54872048	0.36964813
1.23899997	0.15108268	0.34301180
1.23999997	-0.27534449	0.29367617
1.24099997	-0.66944510	0.22948450
1.24199997	-0.86540353	0.16827632
1.24299997	-0.83572221	0.11921752
1.24399997	-0.60709894	0.10147022
1.24499997	-0.21059917	0.11721826
1.24599996	0.20610851	0.16409326
1.24699996	0.58135456	0.23557456
1.24799996	0.80490279	0.29985851
1.24899996	0.84181225	0.34771776
1.24999996	0.68559301	0.36792567
1.25099996	0.36180487	0.35700664
1.25199996	-0.05536417	0.31923598
1.25299996	-0.50513655	0.26048842
1.25399996	-0.79186147	0.19632751
1.25499996	-0.87536907	0.13634965
1.25599996	-0.74609375	0.10396162
1.25699996	-0.42104453	0.10337722
1.25799996	-0.01571727	0.13853346
1.25899996	0.41037154	0.20457062
1.25999996	0.71570498	0.27180734
1.26099996	0.85368478	0.33055487
1.26199996	0.79315329	0.36540353
1.26299996	0.54444510	0.37084767
1.26399996	0.15960261	0.34464198
1.26499996	-0.30468750	0.29072341
1.26599996	-0.65824926	0.22659326
1.26699996	-0.85070127	0.16175567
1.26799996	-0.82975519	0.11798720
1.26899996	-0.59731793	0.10162401
1.26999996	-0.23268332	0.11906373
1.27099996	0.21099901	0.16750738
1.27199996	0.57794046	0.23179133
1.27299996	0.81339198	0.30265749
1.27399996	0.85128570	0.35230067
1.27499996	0.68605435	0.37349287
1.27599996	0.36008242	0.36165109
1.27699996	-0.07754060	0.31803641
1.27799996	-0.47763902	0.25975025
1.27899996	-0.78272635	0.19552781
1.27999996	-0.87330830	0.14311638
1.28099996	-0.73646653	0.11042077
1.28199996	-0.42959523	0.11026698
1.28299996	0.00378322	0.14234744
1.28399996	0.40880290	0.19786540
1.28499996	0.72536296	0.26873153
1.28599996	0.85894442	0.32701772
1.28699996	0.78872418	0.36395791
1.28799996	0.53884721	0.37290847
1.28899996	0.14785311	0.35291585
1.28999996	-0.27226871	0.30035064
1.29099996	-0.66031003	0.22281004
1.29199996	-0.85642225	0.15837230
1.29299996	-0.83341533	0.11595719
1.29399996	-0.60786784	0.10457677
1.29499996	-0.21075295	0.12638411
1.29599996	0.20610851	0.17292076
1.29699996	0.58135456	0.23711245
1.29799996	0.80490279	0.30124262
1.29899996	0.84181225	0.35577634
1.29999996	0.68559301	0.37921384
1.30099996	0.36180487	0.36832553
1.30199996	-0.05536417	0.32747909
1.30299996	-0.50513655	0.26264149
1.30399996	-0.79201525	0.19540477
1.30499996	-0.87613803	0.13542692
1.30599996	-0.74378693	0.10645300
1.30699996	-0.41206324	0.11312746
1.30799996	-0.00673597	0.14520793
1.30899996	0.41270915	0.19789617
1.30999996	0.71478224	0.26202634
1.31099996	0.85279280	0.32806349
1.31199996	0.79546016	0.36617249
1.31299996	0.55339569	0.37100148
1.31399996	0.16873769	0.34464198
1.31499996	-0.30161172	0.29072341
1.31599996	-0.66132504	0.22659326
1.31699996	-0.85986710	0.16175567
1.31799996	-0.83876723	0.11798720
1.31899996	-0.59965551	0.10162401
1.31999996	-0.23191437	0.11906373
1.32099996	0.21115281	0.16750738
1.32199996	0.57778668	0.23179133
1.32299996	0.81262302	0.30265749
1.32399996	0.85377705	0.35230067
1.32499996	0.69583535	0.37349287
1.32599996	0.36675689	0.36165109
1.32699996	-0.08418430	0.31803641
1.32799996	-0.48735851	0.25975025
1.32899996	-0.78518701	0.19552781
1.32999996	-0.87253934	0.14311638
1.33099996	-0.73631275	0.11042077
1.33199996	-0.42944142	0.11026698
1.33299996	0.00455217	0.14234744
1.33399996	0.40649605	0.19786540
1.33499996	0.71635085	0.26873153
1.33599996	0.84993231	0.32717150
1.33699996	0.78638655	0.36472687
1.33799996	0.53961617	0.37057087
1.33899996	0.14800689	0.34393454
1.33999996	-0.27226871	0.29136935
1.34099996	-0.66031003	0.22047244
1.34199996	-0.85642225	0.15911049
1.34299996	-0.83341533	0.11611097
1.34399996	-0.60786784	0.10457677
1.34499996	-0.21075295	0.12638411
1.34599996	0.20595473	0.17307456
1.34699996	0.58058560	0.23788139
1.34799996	0.80720967	0.29893577
1.34899996	0.85079354	0.34679502
1.34999996	0.69460505	0.37023252
1.35099996	0.36414248	0.36601871
1.35199996	-0.05613312	0.32821727
1.35299996	-0.50529033	0.26279527
1.35399996	-0.79201525	0.19555856
1.35499996	-0.87613803	0.13619587
1.35599996	-0.74378693	0.10414616
1.35699996	-0.41206324	0.10414616
1.35799996	-0.00673597	0.13619587
1.35899996	0.41270915	0.19555856
1.35999996	0.71493602	0.26279527
1.36099996	0.85353100	0.32821727
1.36199996	0.79315329	0.36617249
1.36299996	0.54444510	0.37100148
1.36399996	0.15960261	0.34464198
1.36499996	-0.30468750	0.29072341
1.36599996	-0.65824926	0.22659326
1.36699996	-0.85070127	0.16175567
1.36799996	-0.82975519	0.11798720
1.36899996	-0.59731793	0.10162401
1.36999996	-0.23268332	0.11906373
1.37099996	0.21099901	0.16750738
1.37199996	0.57794046	0.23179133
1.37299996	0.81339198	0.30265749
1.37399996	0.85143948	0.35230067
1.37499996	0.68682331	0.37349287
1.37599996	0.35777560	0.36180487
1.37699996	-0.08652190	0.31880537
1.37799996	-0.48643577	0.25744340
1.37899996	-0.78426427	0.18654650
1.37999996	-0.87484622	0.13413508
1.38099996	-0.74532479	0.10811393
1.38199996	-0.43842274	0.11103593
1.38299996	0.00224532	0.14250124
1.38399996	0.40726501	0.19786540
1.38499996	0.71650469	0.26873153
1.38599996	0.84993231	0.32717150
1.38699996	0.78638655	0.36472687
1.38799996	0.53976995	0.37041709
1.38899996	0.14877583	0.34316561
1.38999996	-0.27457553	0.29367617
1.39099996	-0.66929132	0.22948450
1.39199996	-0.86540353	0.16812254
1.39299996	-0.83572221	0.11844857
1.39399996	-0.60709894	0.10380782
1.39499996	-0.21059917	0.12619956
1.39599996	0.20610851	0.17292076
1.39699996	0.58135456	0.23711245
1.39799996	0.80490279	0.30139640
1.39899996	0.84181225	0.35654527
1.39999996	0.68559301	0.37690699
1.40099996	0.36180487	0.35931349
1.40199996	-0.05536417	0.31846702
1.40299996	-0.50513655	0.26033464
1.40399996	-0.79201525	0.19632751
1.40499996	-0.87613803	0.13634965
1.40599996	-0.74378693	0.10414616
1.40699996	-0.41206324	0.10414616
1.40799996	-0.00658219	0.13619587
1.40899996	0.41344735	0.19555856
1.40999996	0.71262920	0.26279527
1.41099996	0.84458047	0.32821727
1.41199996	0.78420275	0.36617249
1.41299996	0.54210752	0.37100148
1.41399996	0.16052534	0.34464198
1.41499996	-0.30376476	0.29072341
1.41599996	-0.66074067	0.22659326
1.41699996	-0.86048228	0.16175567
1.41799996	-0.83642960	0.11798720
1.41899996	-0.59067422	0.10162401
1.41999996	-0.22277927	0.11906373
1.42099996	0.21422859	0.16750738
1.42199996	0.57471085	0.23179133
1.42299996	0.80348796	0.30265749
1.42399996	0.84461123	0.35230067
1.42499996	0.69275957	0.37349287
1.42599996	0.36983266	0.36165109
1.42699996	-0.07504921	0.31803641
1.42799996	-0.47837722	0.25975025
1.42899996	-0.78288019	0.19552781
1.42999996	-0.87330830	0.14311638
1.43099996	-0.73646653	0.11042077
1.43199996	-0.42944142	0.11026698
1.43299996	0.00455217	0.14234744
1.43399996	0.40634227	0.19786540
1.43499996	0.71561271	0.26873153
1.43599996	0.85239297	0.32717150
1.43699996	0.79613680	0.36472687
1.43799996	0.54641360	0.37041709
1.43899996	0.14210138	0.34316561
1.43999996	-0.28447959	0.29367617
1.44099996	-0.67252094	0.22948450
1.44199996	-0.86232775	0.16827632
1.44299996	-0.82655632	0.11921752
1.44399996	-0.59808683	0.10147022
1.44499996	-0.20829232	0.11721826
1.44599996	0.20518577	0.16393946
1.44699996	0.58043182	0.23480561
1.44799996	0.80720967	0.30201155
1.44899996	0.85079354	0.35593012
1.44999996	0.69460505	0.37921384
1.45099996	0.36414248	0.36832553
1.45199996	-0.05613312	0.32747909
1.45299996	-0.50529033	0.26264149
1.45399996	-0.79201525	0.19555856
1.45499996	-0.87613803	0.13619587
1.45599996	-0.74378693	0.10396162
1.45699996	-0.41206324	0.10337722
1.45799996	-0.00673597	0.13853346
1.45899996	0.41270915	0.20457062
1.45999996	0.71493602	0.27180734
1.46099996	0.85353100	0.33055487
1.46199996	0.79315329	0.36540353
1.46299996	0.54444510	0.37084767
1.46399996	0.15960261	0.34464198
1.46499996	-0.30468750	0.29072341
1.46599996	-0.65824926	0.22659326
1.46699996	-0.85070127	0.16175567
1.46799996	-0.82975519	0.11798720
1.46899996	-0.59731793	0.10162401
1.46999996	-0.23268332	0.11906373
1.47099996	0.21099901	0.16750738
1.47199996	0.57794046	0.23179133
1.47299996	0.81339198	0.30265749
1.47399996	0.85143948	0.35230067
1.47499996	0.68682331	0.37349287
1.47599996	0.35777560	0.36180487
1.47699996	-0.08652190	0.31880537
1.47799996	-0.48643577	0.25744340
1.47899996	-0.78426427	0.18654650
1.47999996	-0.87484622	0.13413508
1.48099996	-0.74532479	0.10811393
1.48199996	-0.43842274	0.11103593
1.48299996	0.00224532	0.14250124
1.48399996	0.40726501	0.19786540
1.48499996	0.71650469	0.26873153
1.48599996	0.84993231	0.32717150
1.48699996	0.78638655	0.36472687
1.48799996	0.53976995	0.37057087
1.48899996	0.14877583	0.34393454
1.48999996	-0.27457553	0.29136935
1.49099996	-0.66929132	0.22047244
1.49199996	-0.86540353	0.15929502
1.49299996	-0.83572221	0.11687992
1.49399996	-0.60709894	0.10223917
1.49499996	-0.21059917	0.11737204
1.49599996	0.20610851	0.16409326
1.49699996	0.58135456	0.23557456
1.49799996	0.80490279	0.29985851
1.49899996	0.84181225	0.34771776
1.49999996	0.68559301	0.36792567
1.50099996	0.36180487	0.35700664
1.50199996	-0.05536417	0.31923598
1.50299996	-0.50513655	0.26048842
1.50399996	-0.79201525	0.19632751
1.50499996	-0.87613803	0.13634965
1.50599996	-0.74363309	0.10414616
1.50699996	-0.41129428	0.10414616
1.50799996	-0.00904282	0.13619587
1.50899996	0.40372786	0.19555856
1.50999996	0.70598549	0.26279527
1.51099996	0.85122418	0.32821727
1.51199996	0.79392225	0.36617249
1.51299996	0.54459894	0.37100148
1.51399996	0.15975639	0.34464198
1.51499996	-0.30391854	0.29072341
1.51599996	-0.66074067	0.22659326
1.51699996	-0.86048228	0.16175567
1.51799996	-0.83642960	0.11798720
1.51899996	-0.59067422	0.10162401
1.51999996	-0.22277927	0.11906373
1.52099996	0.21422859	0.16750738
1.52199996	0.57471085	0.23179133
1.52299996	0.80348796	0.30265749
1.52399996	0.84476501	0.35230067
1.52499996	0.69349778	0.37349287
1.52599996	0.36752585	0.36180487
1.52699996	-0.08403051	0.31880537
1.52799996	-0.48735851	0.25744340
1.52899996	-0.78518701	0.18654650
1.52999996	-0.87253934	0.13413508
1.53099996	-0.73631275	0.10811393
1.53199996	-0.42944142	0.11103593
1.53299996	0.00455217	0.14250124
1.53399996	0.40634227	0.19786540
1.53499996	0.71561271	0.26873153
1.53599996	0.85223919	0.32717150
1.53699996	0.79536784	0.36472687
1.53799996	0.54872048	0.37041709
1.53899996	0.15108268	0.34316561
1.53999996	-0.27534449	0.29367617
1.54099996	-0.66944510	0.22948450
1.54199996	-0.86540353	0.16827632
1.54299996	-0.83572221	0.11921752
1.54399996	-0.60709894	0.10147022
1.54499996	-0.21059917	0.11721826
1.54599996	0.20595473	0.16393946
1.54699996	0.58058560	0.23480561
1.54799996	0.80720967	0.30201155
1.54899996	0.85079354	0.35593012
1.54999996	0.69460505	0.37921384
1.55099996	0.36414248	0.36832553
1.55199996	-0.05613312	0.32747909
1.55299996	-0.50529033	0.26264149
1.55399996	-0.79201525	0.19555856
1.55499996	-0.87613803	0.13619587
1.55599996	-0.74378693	0.10396162
1.55699996	-0.41206324	0.10337722
1.55799996	-0.00673597	0.13853346
1.55899996	0.41270915	0.20457062
1.55999996	0.71493602	0.27180734
1.56099996	0.85353100	0.33055487
1.56199996	0.79315329	0.36524975
1.56299996	0.54444510	0.37007874
1.56399996	0.15960261	0.34694883
1.56499996	-0.30468750	0.29970473
1.56599996	-0.65824926	0.23557456
1.56699996	-0.85070127	0.16409326
1.56799996	-0.82975519	0.11721826
1.56899996	-0.59731793	0.10147022
1.56999996	-0.23268332	0.11906373
1.57099996	0.21099901	0.16750738
1.57199996	0.57794046	0.23179133
1.57299996	0.81339198	0.30265749
1.57399996	0.85143948	0.35230067
1.57499996	0.68682331	0.37349287
1.57599996	0.35777560	0.36165109
1.57699996	-0.08652190	0.31803641
1.57799996	-0.48658955	0.25990403
1.57899996	-0.78503323	0.19629675
1.57999996	-0.87253934	0.14080955
1.58099996	-0.73631275	0.10140871
1.58199996	-0.42959523	0.10125492
1.58299996	0.00378322	0.14004061
1.58399996	0.40880290	0.19863436
1.58499996	0.72536296	0.26888534
1.58599996	0.85894442	0.32717150
1.58699996	0.78872418	0.36472687
1.58799996	0.53900099	0.37057087
1.58899996	0.14862205	0.34393454
1.58999996	-0.27457553	0.29136935
1.59099996	-0.66929132	0.22047244
1.59199996	-0.86540353	0.15911049
1.59299996	-0.83572221	0.11611097
1.59399996	-0.60709894	0.10473056
1.59499996	-0.21059917	0.12712230
1.59599996	0.20610851	0.17076771
1.59699996	0.58135456	0.22890010
1.59799996	0.80490279	0.29010826
1.59899995	0.84181225	0.34525713
1.59999995	0.68559301	0.36869463
1.60099995	0.36180487	0.35716042
1.60199995	-0.05536417	0.31923598
1.60299995	-0.50513655	0.26048842
1.60399995	-0.79201525	0.19617371
1.60499995	-0.87613803	0.13558070
1.60599995	-0.74363309	0.10645300
1.60699995	-0.41129428	0.11312746
1.60799995	-0.00904282	0.14520793
1.60899995	0.40372786	0.19789617
1.60999995	0.70598549	0.26202634
1.61099995	0.85122418	0.32806349
1.61199995	0.79407603	0.36617249
1.61299995	0.54536784	0.37100148
1.61399995	0.15729576	0.34464198
1.61499995	-0.31366879	0.29072341
1.61599995	-0.66723055	0.22659326
1.61699995	-0.85303885	0.16175567
1.61799995	-0.82898623	0.11798720
1.61899995	-0.59716409	0.10162401
1.61999995	-0.23252952	0.11906373
1.62099995	0.21176796	0.16750738
1.62199995	0.57547981	0.23179133
1.62299995	0.80364174	0.30265749
1.62399995	0.84476501	0.35230067
1.62499995	0.69349778	0.37349287
1.62599995	0.36752585	0.36180487
1.62699995	-0.08403051	0.31880537
1.62799995	-0.48735851	0.25744340
1.62899995	-0.78518701	0.18654650
1.62999995	-0.87253934	0.13413508
1.63099995	-0.73631275	0.10811393
1.63199995	-0.42944142	0.11103593
1.63299995	0.00455217	0.14250124
1.63399995	0.40649605	0.19786540
1.63499995	0.71635085	0.26873153
1.63599995	0.84993231	0.32717150
1.63699995	0.78638655	0.36472687
1.63799995	0.53976995	0.37041709
1.63899995	0.14877583	0.34316561
1.63999995	-0.27457553	0.29367617
1.64099995	-0.66929132	0.22948450
1.64199995	-0.86540353	0.16827632
1.64299995	-0.83572221	0.11921752
1.64399995	-0.60709894	0.10147022
1.64499995	-0.21059917	0.11721826
1.64599995	0.20595473	0.16409326
1.64699995	0.58058560	0.23557456
1.64799995	0.80720967	0.29985851
1.64899995	0.85079354	0.34771776
1.64999995	0.69460505	0.36792567
1.65099995	0.36414248	0.35700664
1.65199995	-0.05613312	0.31923598
1.65299995	-0.50529033	0.26048842
1.65399995	-0.79201525	0.19632751
1.65499995	-0.87613803	0.13634965
1.65599995	-0.74378693	0.10396162
1.65699995	-0.41206324	0.10337722
1.65799995	-0.00673597	0.13853346
1.65899995	0.41270915	0.20457062
1.65999995	0.71493602	0.27180734
1.66099995	0.85353100	0.33055487
1.66199995	0.79315329	0.36540353
1.66299995	0.54444510	0.37084767
1.66399995	0.15975639	0.34464198
1.66499995	-0.30391854	0.29072341
1.66599995	-0.66058683	0.22659326
1.66699995	-0.85971332	0.16175567
1.66799995	-0.83876723	0.11798720
1.66899995	-0.59965551	0.10162401
1.66999995	-0.23191437	0.11906373
1.67099995	0.21115281	0.16750738
1.67199995	0.57794046	0.23179133
1.67299995	0.81339198	0.30265749
1.67399995	0.85143948	0.35214689
1.67499995	0.68682331	0.37275466
1.67599995	0.35777560	0.36411172
1.67699995	-0.08652190	0.32778665
1.67799995	-0.48658955	0.26642472
1.67899995	-0.78503323	0.18888411
1.67999995	-0.87253934	0.13336614
1.68099995	-0.73631275	0.10796013
1.68199995	-0.42944142	0.11103593
1.68299995	0.00455217	0.14250124
1.68399995	0.40649605	0.19786540
1.68499995	0.71635085	0.26873153
1.68599995	0.84993231	0.32717150
1.68699995	0.78638655	0.36472687
1.68799995	0.53961617	0.37041709
1.68899995	0.14800689	0.34316561
1.68999995	-0.27211490	0.29367617
1.69099995	-0.65954107	0.22948450
1.69199995	-0.85872906	0.16812254
1.69299995	-0.84236592	0.11844857
1.69399995	-0.61681843	0.10380782
1.69499995	-0.21309055	0.12619956
1.69599995	0.20672368	0.17292076
1.69699995	0.58073944	0.23711245
1.69799995	0.80720967	0.30139640
1.69899995	0.85079354	0.35654527
1.69999995	0.69460505	0.37690699
1.70099995	0.36414248	0.35931349
1.70199995	-0.05613312	0.31846702
1.70299995	-0.50529033	0.26033464
1.70399995	-0.79201525	0.19632751
1.70499995	-0.87613803	0.13634965
1.70599995	-0.74378693	0.10414616
1.70699995	-0.41206324	0.10414616
1.70799995	-0.00673597	0.13619587
1.70899995	0.41270915	0.19555856
1.70999995	0.71493602	0.26264149
1.71099995	0.85353100	0.32747909
1.71199995	0.79315329	0.36847934
1.71299995	0.54444510	0.37998277
1.71399995	0.15960261	0.35362327
1.71499995	-0.30468750	0.29306102
1.71599995	-0.65824926	0.22582431
1.71699995	-0.85070127	0.16160187
1.71799995	-0.82975519	0.11798720
1.71899995	-0.59731793	0.10162401
1.71999995	-0.23252952	0.11906373
1.72099995	0.21176796	0.16750738
1.72199995	0.57547981	0.23179133
1.72299995	0.80364174	0.30265749
1.72399995	0.84476501	0.35230067
1.72499995	0.69349778	0.37349287
1.72599995	0.36752585	0.36165109
1.72699995	-0.08403051	0.31803641
1.72799995	-0.48735851	0.25975025
1.72899995	-0.78518701	0.19552781
1.72999995	-0.87238556	0.14311638
1.73099995	-0.73554379	0.11042077
1.73199995	-0.43174827	0.11026698
1.73299995	-0.00442913	0.14234744
1.73399995	0.39733022	0.19786540
1.73499995	0.71327507	0.26873153
1.73599995	0.85300809	0.32717150
1.73699995	0.79552168	0.36472687
1.73799995	0.54872048	0.37041709
1.73899995	0.15108268	0.34316561
1.73999995	-0.27534449	0.29367617
1.74099995	-0.66944510	0.22948450
1.74199995	-0.86540353	0.16827632
1.74299995	-0.83572221	0.11921752
1.74399995	-0.60709894	0.10147022
1.74499995	-0.21059917	0.11721826
1.74599995	0.20610851	0.16409326
1.74699995	0.58135456	0.23557456
1.74799995	0.80490279	0.29985851
1.74899995	0.84181225	0.34771776
1.74999995	0.68559301	0.36792567
1.75099995	0.36180487	0.35700664
1.75199995	-0.05536417	0.31923598
1.75299995	-0.50513655	0.26048842
1.75399995	-0.79186147	0.19632751
1.75499995	-0.87536907	0.13634965
1.75599995	-0.74609375	0.10396162
1.75699995	-0.42104453	0.10337722
1.75799995	-0.01571727	0.13853346
1.75899995	0.41037154	0.20457062
1.75999995	0.71570498	0.27180734
1.76099995	0.85368478	0.33055487
1.76199995	0.79315329	0.36540353
1.76299995	0.54444510	0.37084767
1.76399995	0.15975639	0.34464198
1.76499995	-0.30391854	0.29072341
1.76599995	-0.66074067	0.22659326
1.76699995	-0.86048228	0.16175567
1.76799995	-0.83642960	0.11798720
1.76899995	-0.59067422	0.10162401
1.76999995	-0.22277927	0.11906373
1.77099995	0.21422859	0.16750738
1.77199995	0.57486469	0.23179133
1.77299995	0.80425692	0.30265749
1.77399995	0.84245819	0.35230067
1.77499995	0.68451649	0.37349287
1.77599995	0.35854453	0.36180487
1.77699995	-0.08636811	0.31880537
1.77799995	-0.48658955	0.25744340
1.77899995	-0.78503323	0.18654650
1.77999995	-0.87253934	0.13413508
1.78099995	-0.73631275	0.10811393
1.78199995	-0.42959523	0.11103593
1.78299995	0.00378322	0.14250124
1.78399995	0.40880290	0.19771162
1.78499995	0.72536296	0.26799336
1.78599995	0.85894442	0.32950911
1.78699995	0.78872418	0.37370816
1.78799995	0.53900099	0.37942913
1.78899995	0.14862205	0.34547243
1.78999995	-0.27457553	0.29290724
1.79099995	-0.66929132	0.22933070
1.79199995	-0.86540353	0.16827632
1.79299995	-0.83572221	0.11921752
1.79399995	-0.60709894	0.10147022
1.79499995	-0.21059917	0.11721826
1.79599995	0.20595473	0.16393946
1.79699995	0.58058560	0.23480561
1.79799995	0.80720967	0.30216536
1.79899995	0.85079354	0.35669905
1.79999995	0.69445127	0.37690699
1.80099995	0.36337352	0.35931349
1.80199995	-0.05382628	0.31846702
1.80299995	-0.49633980	0.26033464
1.80399995	-0.78303397	0.19632751
1.80499995	-0.87383121	0.13634965
1.80599995	-0.74455583	0.10414616
1.80699995	-0.41221702	0.10414616
1.80799995	-0.00673597	0.13619587
1.80899995	0.41270915	0.19555856
1.80999995	0.71478224	0.26279527
1.81099995	0.85279280	0.32821727
1.81199995	0.79546016	0.36617249
1.81299995	0.55339569	0.37100148
1.81399995	0.16858390	0.34464198
1.81499995	-0.30238065	0.29072341
1.81599995	-0.65917200	0.22659326
1.81699995	-0.85162401	0.16175567
1.81799995	-0.82744831	0.11798720
1.81899995	-0.58833659	0.10162401
1.81999995	-0.22370201	0.11906373
1.82099995	0.21330586	0.16750738
1.82199995	0.57704848	0.23179133
1.82299995	0.81246924	0.30265749
1.82399995	0.85377705	0.35230067
1.82499995	0.69583535	0.37349287
1.82599995	0.36675689	0.36165109
1.82699995	-0.08418430	0.31803641
1.82799995	-0.48735851	0.25975025
1.82899995	-0.78518701	0.19552781
1.82999995	-0.87253934	0.14311638
1.83099995	-0.73631275	0.11042077
1.83199995	-0.42944142	0.11026698
1.83299995	0.00455217	0.14234744
1.83399995	0.40634227	0.19786540
1.83499995	0.71561271	0.26873153
1.83599995	0.85239297	0.32717150
1.83699995	0.79613680	0.36472687
1.83799995	0.54641360	0.37041709
1.83899995	0.14210138	0.34316561
1.83999995	-0.28432578	0.29367617
1.84099995	-0.67175198	0.22948450
1.84199995	-0.86463457	0.16812254
1.84299995	-0.83556843	0.11844857
1.84399995	-0.60709894	0.10380782
1.84499995	-0.21059917	0.12619956
1.84599995	0.20595473	0.17307456
1.84699995	0.58058560	0.23788139
1.84799995	0.80736345	0.29893577
1.84899995	0.85156250	0.34679502
1.84999995	0.69229823	0.37023252
1.85099995	0.35516116	0.36601871
1.85199995	-0.06511442	0.32821727
1.85299995	-0.50762796	0.26279527
1.85399995	-0.79124629	0.19555856
1.85499995	-0.87598425	0.13619587
1.85599995	-0.74378693	0.10396162
1.85699995	-0.41206324	0.10337722
1.85799995	-0.00673597	0.13853346
1.85899995	0.41270915	0.20457062
1.85999995	0.71493602	0.27180734
1.86099995	0.85353100	0.33055487
1.86199995	0.79315329	0.36540353
1.86299995	0.54444510	0.37084767
1.86399995	0.15960261	0.34464198
1.86499995	-0.30468750	0.29072341
1.86599995	-0.65824926	0.22659326
1.86699995	-0.85070127	0.16175567
1.86799995	-0.82975519	0.11798720
1.86899995	-0.59731793	0.10162401
1.86999995	-0.23268332	0.11906373
1.87099995	0.21099901	0.16750738
1.87199995	0.57794046	0.23179133
1.87299995	0.81339198	0.30265749
1.87399995	0.85143948	0.35214689
1.87499995	0.68682331	0.37275466
1.87599995	0.35777560	0.36395791
1.87699995	-0.08652190	0.32701772
1.87799995	-0.48658955	0.26888534
1.87899995	-0.78503323	0.19863436
1.87999995	-0.87253934	0.14004061
1.88099995	-0.73631275	0.10125492
1.88199995	-0.42944142	0.10125492
1.88299995	0.00455217	0.14004061
1.88399995	0.40649605	0.19863436
1.88499995	0.71635085	0.26888534
1.88599995	0.84993231	0.32717150
1.88699995	0.78638655	0.36472687
1.88799995	0.53976995	0.37041709
1.88899995	0.14877583	0.34316561
1.88999995	-0.27457553	0.29367617
1.89099995	-0.66929132	0.22948450
1.89199995	-0.86540353	0.16827632
1.89299995	-0.83572221	0.11921752
1.89399995	-0.60709894	0.10147022
1.89499995	-0.21059917	0.11721826
1.89599995	0.20610851	0.16409326
1.89699995	0.58135456	0.23557456
1.89799995	0.80490279	0.29970473
1.89899995	0.84181225	0.34694883
1.89999995	0.68559301	0.37023252
1.90099995	0.36180487	0.36601871
1.90199995	-0.05536417	0.32821727
1.90299995	-0.50513655	0.26279527
1.90399995	-0.79201525	0.19555856
1.90499995	-0.87613803	0.13619587
1.90599995	-0.74378693	0.10396162
1.90699995	-0.41206324	0.10337722
1.90799995	-0.00673597	0.13853346
1.90899995	0.41270915	0.20457062
1.90999995	0.71493602	0.27165353
1.91099995	0.85353100	0.32978591
1.91199995	0.79315329	0.36771038
1.91299995	0.54444510	0.37982899
1.91399995	0.15960261	0.35362327
1.91499995	-0.30468750	0.29306102
1.91599995	-0.65840304	0.22582431
1.91699995	-0.85147023	0.16160187
1.91799995	-0.82744831	0.11798720
1.91899995	-0.58833659	0.10162401
1.91999995	-0.22370201	0.11906373
1.92099995	0.21330586	0.16750738
1.92199995	0.57704848	0.23179133
1.92299995	0.81246924	0.30265749
1.92399995	0.85377705	0.35230067
1.92499995	0.69583535	0.37349287
1.92599995	0.36675689	0.36165109
1.92699995	-0.08418430	0.31803641
1.92799995	-0.48735851	0.25975025
1.92899995	-0.78518701	0.19552781
1.92999995	-0.87253934	0.14311638
1.93099995	-0.73631275	0.11042077
1.93199995	-0.42944142	0.11026698
1.93299995	0.00455217	0.14234744
1.93399995	0.40649605	0.19771162
1.93499995	0.71635085	0.26799336
1.93599995	0.85008609	0.32950911
1.93699995	0.78715551	0.37370816
1.93799995	0.53746307	0.37942913
1.93899995	0.13979454	0.34547243
1.93999995	-0.28355685	0.29290724
1.94099995	-0.67159820	0.22933070
1.94199995	-0.86481917	0.16827632
1.94299995	-0.83633733	0.11921752
1.94399995	-0.60479206	0.10162401
1.94499995	-0.20164862	0.11798720
1.94599995	0.21508981	0.16160187
1.94699995	0.58366144	0.22582431
1.94799995	0.80413383	0.29321480
1.94899995	0.84165847	0.35439223
1.94999995	0.68559301	0.37782973
1.95099995	0.36180487	0.36023623
1.95199995	-0.05551796	0.31600639
1.95299994	-0.50590551	0.25055364
1.95399994	-0.78952384	0.18965305
1.95499994	-0.86635703	0.14302412
1.95599994	-0.73711246	0.11374262
1.95699994	-0.41870692	0.10583784
1.95799994	-0.01648622	0.13776451
1.95899994	0.41021776	0.20441683
1.95999994	0.71570498	0.27180734
1.96099994	0.85368478	0.33055487
1.96199994	0.79315329	0.36540353
1.96299994	0.54444510	0.37084767
1.96399994	0.15960261	0.34464198
1.96499994	-0.30468750	0.29072341
1.96599994	-0.65824926	0.22659326
1.96699994	-0.85070127	0.16175567
1.96799994	-0.82975519	0.11798720
1.96899994	-0.59731793	0.10162401
1.96999994	-0.23268332	0.11906373
1.97099994	0.21099901	0.16750738
1.97199994	0.57794046	0.23179133
1.97299994	0.81339198	0.30265749
1.97399994	0.85143948	0.35230067
1.97499994	0.68682331	0.37349287
1.97599994	0.35777560	0.36180487
1.97699994	-0.08652190	0.31880537
1.97799994	-0.48658955	0.25744340
1.97899994	-0.78503323	0.18654650
1.97999994	-0.87253934	0.13413508
1.98099994	-0.73631275	0.10811393
1.98199994	-0.42944142	0.11103593
1.98299994	0.00455217	0.14250124
1.98399994	0.40649605	0.19786540
1.98499994	0.71635085	0.26873153
1.98599994	0.84993231	0.32701772
1.98699994	0.78638655	0.36395791
1.98799994	0.53976995	0.37275466
1.98899994	0.14877583	0.35214689
1.98999994	-0.27457553	0.30265749
1.99099994	-0.66929132	0.23179133
1.99199994	-0.86540353	0.16750738
1.99299994	-0.83572221	0.11906373
1.99399994	-0.60709894	0.10162401
1.99499994	-0.21059917	0.11798720
1.99599994	0.20610851	0.16160187
1.99699994	0.58135456	0.22582431
1.99799994	0.80490279	0.29306102
1.99899994	0.84181225	0.35362327
1.99999994	0.68559301	0.37998277
2.00099994	0.36180487	0.36847934
2.00199994	-0.05536417	0.32747909
2.00299994	-0.50513655	0.26264149
