Time	Channel A	Channel B
(us)	(V)	(V)

-0.00400000	-0.64443898	0.18485482
-0.00300000	-0.85325420	0.12429257
-0.00200000	-0.84691805	0.09793307
-0.00100000	-0.62539983	0.10943651
0.00000000	-0.26334891	0.15043676
0.00100000	0.18697712	0.21527436
0.00200000	0.55948573	0.28235728
0.00300000	0.79795152	0.34171999
0.00400000	0.85048598	0.37395424
0.00500000	0.70949185	0.37453863
0.00600000	0.39243972	0.33938238
0.00700000	-0.05247293	0.27334523
0.00800000	-0.46149114	0.20626231
0.00900000	-0.77626723	0.14812993
0.01000000	-0.88115156	0.11020546
0.01100000	-0.76070374	0.09808686
0.01200000	-0.46552041	0.12429257
0.01300000	-0.03755536	0.18485482
0.01400000	0.37023252	0.25209153
0.01500000	0.69706571	0.31631398
0.01600000	0.84833294	0.35992864
0.01700000	0.80115032	0.37629184
0.01800000	0.56296134	0.35885212
0.01900000	0.17076771	0.31040847
0.02000000	-0.25565946	0.24612451
0.02100000	-0.65520424	0.17525837
0.02200000	-0.85980558	0.12576894
0.02300000	-0.84039742	0.10516117
0.02400000	-0.62346208	0.11395792
0.02500000	-0.23849656	0.15089813
0.02600000	0.17498155	0.20918430
0.02700000	0.55505657	0.28005046
0.02800000	0.79352242	0.33556840
0.02900000	0.85408467	0.36764887
0.03000000	0.70943034	0.36764887
0.03100000	0.38318160	0.33556840
0.03200000	-0.03429503	0.28005046
0.03300000	-0.48286787	0.20918430
0.03400000	-0.77494460	0.15089813
0.03500000	-0.86875618	0.11395792
0.03600000	-0.75412154	0.10516117
0.03700000	-0.44601992	0.12576894
0.03800000	-0.04976624	0.17525837
0.03900000	0.37570742	0.24612451
0.04000000	0.69291341	0.31056225
0.04100000	0.85393083	0.35962105
0.04200000	0.81108516	0.37395424
0.04300000	0.57265007	0.35094735
0.04400000	0.19060655	0.30714813
0.04500000	-0.27915847	0.24901575
0.04600000	-0.64443898	0.18796137
0.04700000	-0.85325420	0.13342765
0.04800000	-0.84676427	0.10691437
0.04900000	-0.62463093	0.11174335
0.05000000	-0.26568651	0.14969857
0.05100000	0.17799582	0.21512057
0.05200000	0.55065823	0.28235728
0.05300000	0.79638284	0.34171999
0.05400000	0.84891731	0.37376967
0.05500000	0.70066434	0.37376967
0.05600000	0.38345841	0.34171999
0.05700000	-0.05477977	0.28235728
0.05800000	-0.46072221	0.21512057
0.05900000	-0.77608269	0.14969857
0.06000000	-0.88130534	0.11189715
0.06100000	-0.76144195	0.10768332
0.06200000	-0.46321359	0.13096702
0.06300000	-0.02860482	0.17821112
0.06400000	0.37918308	0.24234129
0.06500000	0.69937253	0.31382260
0.06600000	0.84744096	0.36069760
0.06700000	0.80022758	0.37644562
0.06800000	0.56529897	0.35885212
0.06900000	0.17974901	0.31040847
0.07000000	-0.24652436	0.24612451
0.07100000	-0.65212846	0.17525837
0.07200000	-0.86288142	0.12576894
0.07300000	-0.84953249	0.10516117
0.07400000	-0.63247418	0.11395792
0.07500000	-0.24080339	0.15089813
0.07600000	0.17590427	0.20918430
0.07700000	0.55597931	0.28005046
0.07800000	0.79106176	0.33556840
0.07900000	0.84433442	0.36764887
0.08000000	0.70275593	0.36749509
0.08100000	0.38988680	0.33479947
0.08200000	-0.02439099	0.28238803
0.08300000	-0.47960752	0.21816561
0.08400000	-0.77817422	0.15987943
0.08500000	-0.87862945	0.11626476
0.08600000	-0.76076525	0.10442298
0.08700000	-0.43934548	0.12561515
0.08800000	-0.03986220	0.17525837
0.08900000	0.37896776	0.24612451
0.09000000	0.68983757	0.31040847
0.09100000	0.84476501	0.35885212
0.09200000	0.80210382	0.37644562
0.09300000	0.57034326	0.36069760
0.09400000	0.19134474	0.31397638
0.09500000	-0.27900466	0.24311024
0.09600000	-0.64459276	0.17590427
0.09700000	-0.85402310	0.12198573
0.09800000	-0.84461123	0.09870202
0.09900000	-0.61638778	0.10959031
0.10000000	-0.25436762	0.15043676
0.10100000	0.18931471	0.21527436
0.10200000	0.55871677	0.28235728
0.10300000	0.79776698	0.34171999
0.10400000	0.85048598	0.37376967
0.10500000	0.70949185	0.37376967
0.10600000	0.39243972	0.34171999
0.10700000	-0.05247293	0.28235728
0.10800000	-0.46149114	0.21512057
0.10900000	-0.77626723	0.14969857
0.11000000	-0.88130534	0.11189715
0.11100000	-0.76144195	0.10768332
0.11200000	-0.46336737	0.13096702
0.11300000	-0.02937377	0.17821112
0.11400000	0.38152066	0.24234129
0.11500000	0.70835382	0.31382260
0.11600000	0.85654527	0.36069760
0.11700000	0.80330342	0.37644562
0.11800000	0.56222320	0.35869834
0.11900000	0.17061393	0.30963951
0.12000000	-0.25565946	0.24843135
0.12100000	-0.65520424	0.18423967
0.12200000	-0.85980558	0.13475025
0.12300000	-0.84039742	0.10749877
0.12400000	-0.62346208	0.11303519
0.12500000	-0.23849656	0.14997539
0.12600000	0.17513533	0.21149114
0.12700000	0.55582553	0.28903174
0.12800000	0.79106176	0.34454972
0.12900000	0.84433442	0.36995572
0.13000000	0.70275593	0.36687991
0.13100000	0.38988680	0.33541462
0.13200000	-0.02454478	0.28005046
0.13300000	-0.48037648	0.20918430
0.13400000	-0.77586734	0.15089813
0.13500000	-0.86967885	0.11395792
0.13600000	-0.75196850	0.10516117
0.13700000	-0.43777683	0.12576894
0.13800000	-0.03832431	0.17525837
0.13900000	0.38779527	0.24612451
0.14000000	0.69881892	0.31056225
0.14100000	0.84707183	0.35962105
0.14200000	0.80133492	0.37395424
0.14300000	0.57018948	0.35094735
0.14400000	0.19134474	0.30730191
0.14500000	-0.27900466	0.24978469
0.14600000	-0.64443898	0.18562376
0.14700000	-0.85325420	0.12444635
0.14800000	-0.84676427	0.09793307
0.14900000	-0.62463093	0.10943651
0.15000000	-0.26568651	0.15059055
0.15100000	0.17799582	0.21604331
0.15200000	0.55065823	0.28001967
0.15300000	0.79638284	0.33270791
0.15400000	0.84891731	0.36478838
0.15500000	0.70066434	0.37146285
0.15600000	0.38345841	0.34248891
0.15700000	-0.05477977	0.28251109
0.15800000	-0.46072221	0.21527436
0.15900000	-0.77608269	0.15043676
0.16000000	-0.88130534	0.10959031
0.16100000	-0.76144195	0.09870202
0.16200000	-0.46321359	0.12198573
0.16300000	-0.02860482	0.17590427
0.16400000	0.37918308	0.24311024
0.16500000	0.69937253	0.31397638
0.16600000	0.84744096	0.36069760
0.16700000	0.80022758	0.37644562
0.16800000	0.56514519	0.35869834
0.16900000	0.17901082	0.30963951
0.17000000	-0.24418676	0.24843135
0.17100000	-0.64311641	0.18423967
0.17200000	-0.85371554	0.13459645
0.17300000	-0.84645671	0.10672982
0.17400000	-0.63554996	0.11552657
0.17500000	-0.24996924	0.15972564
0.17600000	0.16692299	0.21816561
0.17700000	0.55367249	0.28238803
0.17800000	0.79183072	0.33479947
0.17900000	0.84448820	0.36749509
0.18000000	0.70275593	0.36764887
0.18100000	0.38988680	0.33556840
0.18200000	-0.02439099	0.28005046
0.18300000	-0.47960752	0.20918430
0.18400000	-0.77817422	0.15074433
0.18499999	-0.87862945	0.11318897
0.18599999	-0.76076525	0.10749877
0.18699999	-0.43934548	0.13475025
0.18799999	-0.03986220	0.18423967
0.18899999	0.37896776	0.24843135
0.18999999	0.68983757	0.30963951
0.19099999	0.84476501	0.35869834
0.19199999	0.80210382	0.37644562
0.19299999	0.57034326	0.36069760
0.19399999	0.19134474	0.31397638
0.19499999	-0.27900466	0.24311024
0.19599999	-0.64459276	0.17590427
0.19699999	-0.85402310	0.12198573
0.19799999	-0.84445745	0.09870202
0.19899999	-0.61561882	0.10959031
0.19999999	-0.25667447	0.15043676
0.20099999	0.18030265	0.21527436
0.20199999	0.54973549	0.28235728
0.20299999	0.79546016	0.34171999
0.20399999	0.85125494	0.37376967
0.20499999	0.70964569	0.37376967
0.20599999	0.39243972	0.34171999
0.20699999	-0.05247293	0.28235728
0.20799999	-0.46149114	0.21527436
0.20899999	-0.77626723	0.15043676
0.20999999	-0.88115156	0.10959031
0.21099999	-0.76070374	0.09870202
0.21199999	-0.46552041	0.12198573
0.21299999	-0.03755536	0.17590427
0.21399999	0.37023252	0.24311024
0.21499999	0.69706571	0.31397638
0.21599999	0.84817910	0.36069760
0.21699999	0.80038142	0.37644562
0.21799999	0.56529897	0.35885212
0.21899999	0.17974901	0.31040847
0.21999999	-0.24652436	0.24612451
0.22099999	-0.65212846	0.17525837
0.22199999	-0.86288142	0.12576894
0.22299999	-0.84953249	0.10516117
0.22399999	-0.63247418	0.11395792
0.22499999	-0.24080339	0.15089813
0.22599999	0.17575049	0.20918430
0.22699999	0.55521041	0.28005046
0.22799999	0.79336858	0.33556840
0.22899999	0.85331571	0.36764887
0.22999999	0.71173722	0.36764887
0.23099999	0.39219365	0.33556840
0.23199999	-0.02515994	0.28005046
0.23299999	-0.47976130	0.20918430
0.23399999	-0.77802044	0.15089813
0.23499999	-0.87786049	0.11395792
0.23599999	-0.76325667	0.10516117
0.23699999	-0.44909573	0.12576894
0.23799999	-0.04653666	0.17525837
0.23899999	0.38561147	0.24612451
0.23999999	0.69974160	0.31040847
0.24099999	0.84799457	0.35885212
0.24199999	0.79884350	0.37629184
0.24299999	0.56040847	0.35992864
0.24399999	0.18467027	0.31631398
0.24499999	-0.27233022	0.25209153
0.24599999	-0.63465798	0.18485482
0.24699999	-0.85076278	0.12429257
0.24799999	-0.84753323	0.09793307
0.24899999	-0.62478471	0.10943651
0.24999999	-0.26584029	0.15059055
0.25099999	0.17722687	0.21604331
0.25199999	0.55296504	0.28001967
0.25299999	0.80539495	0.33270791
0.25399999	0.85792935	0.36478838
0.25499999	0.70297122	0.37146285
0.25599999	0.38268948	0.34248891
0.25699999	-0.05493356	0.28251109
0.25799999	-0.46072221	0.21527436
0.25899999	-0.77608269	0.15043676
0.25999999	-0.88130534	0.10943651
0.26099999	-0.76144195	0.09793307
0.26199999	-0.46321359	0.12429257
0.26299999	-0.02860482	0.18485482
0.26399999	0.37933686	0.25209153
0.26499999	0.70014149	0.31631398
0.26599999	0.84510332	0.35992864
0.26699999	0.79121554	0.37629184
0.26799999	0.55628693	0.35869834
0.26899999	0.17744218	0.30963951
0.26999999	-0.24575542	0.24843135
0.27099999	-0.65197468	0.18423967
0.27199999	-0.86288142	0.13475025
0.27299999	-0.84953249	0.10749877
0.27399999	-0.63247418	0.11318897
0.27499999	-0.24080339	0.15074433
0.27599999	0.17590427	0.20918430
0.27699999	0.55597931	0.28005046
0.27799999	0.79106176	0.33541462
0.27899999	0.84433442	0.36687991
0.27999999	0.70275593	0.36995572
0.28099999	0.38988680	0.34454972
0.28199999	-0.02439099	0.28903174
0.28299999	-0.47960752	0.21149114
0.28399999	-0.77802044	0.14997539
0.28499999	-0.87786049	0.11303519
0.28599999	-0.76310283	0.10749877
0.28699999	-0.44832677	0.13475025
0.28799999	-0.04887426	0.18423967
0.28899999	0.37663016	0.24843135
0.28999999	0.69060653	0.30963951
0.29099999	0.84491879	0.35869834
0.29199999	0.80210382	0.37629184
0.29299999	0.57034326	0.35992864
0.29399999	0.19134474	0.31631398
0.29499999	-0.27900466	0.25209153
0.29599999	-0.64459276	0.18485482
0.29699999	-0.85402310	0.12429257
0.29799999	-0.84445745	0.09793307
0.29899999	-0.61561882	0.10943651
0.29999999	-0.25667447	0.15043676
0.30099999	0.18030265	0.21527436
0.30199999	0.54973549	0.28235728
0.30299999	0.79546016	0.34171999
0.30399999	0.85125494	0.37376967
0.30499999	0.70964569	0.37376967
0.30599999	0.39243972	0.34171999
0.30699999	-0.05247293	0.28235728
0.30799999	-0.46149114	0.21527436
0.30899999	-0.77626723	0.15043676
0.30999999	-0.88130534	0.10943651
0.31099999	-0.76144195	0.09793307
0.31199999	-0.46321359	0.12429257
0.31299999	-0.02860482	0.18485482
0.31399999	0.37918308	0.25209153
0.31499999	0.69937253	0.31631398
0.31599999	0.84744096	0.35992864
0.31699999	0.80022758	0.37629184
0.31799999	0.56529897	0.35885212
0.31899999	0.17974901	0.31040847
0.31999999	-0.24652436	0.24612451
0.32099999	-0.65212846	0.17525837
0.32199999	-0.86288142	0.12561515
0.32299999	-0.84953249	0.10442298
0.32399999	-0.63247418	0.11626476
0.32499999	-0.24080339	0.15987943
0.32599999	0.17590427	0.21816561
0.32699999	0.55597931	0.28238803
0.32799999	0.79121554	0.33479947
0.32899999	0.84510332	0.36749509
0.32999999	0.70044905	0.36764887
0.33099999	0.38087475	0.33556840
0.33199999	-0.03337229	0.28005046
0.33299999	-0.48194513	0.20918430
0.33399999	-0.77725148	0.15074433
0.33499999	-0.87770671	0.11318897
0.33599999	-0.76325667	0.10749877
0.33699999	-0.44909573	0.13475025
0.33799999	-0.04653666	0.18423967
0.33899999	0.38561147	0.24843135
0.33999999	0.69958782	0.30963951
0.34099999	0.84722567	0.35869834
0.34199999	0.80133492	0.37644562
0.34299999	0.57018948	0.36069760
0.34399999	0.19119094	0.31382260
0.34499999	-0.27977362	0.24234129
0.34599999	-0.64213216	0.17821112
0.34699999	-0.84424210	0.13096702
0.34799999	-0.83778298	0.10768332
0.34899999	-0.62229329	0.11189715
0.34999999	-0.26660925	0.14969857
0.35099999	0.17707308	0.21512057
0.35199999	0.55296504	0.28235728
0.35299999	0.80539495	0.34171999
0.35399999	0.85792935	0.37376967
0.35499999	0.70297122	0.37376967
0.35599999	0.38268948	0.34171999
0.35699999	-0.05493356	0.28235728
0.35799999	-0.46072221	0.21527436
0.35899999	-0.77608269	0.15043676
0.35999999	-0.88130534	0.10959031
0.36099999	-0.76144195	0.09870202
0.36199999	-0.46321359	0.12198573
0.36299999	-0.02860482	0.17590427
0.36399999	0.37933686	0.24311024
0.36499999	0.70014149	0.31397638
0.36599999	0.84510332	0.36069760
0.36699999	0.79121554	0.37644562
0.36799999	0.55613309	0.35869834
0.36899999	0.17667323	0.30963951
0.36999999	-0.24357161	0.24843135
0.37099999	-0.64373153	0.18423967
0.37199999	-0.85156250	0.13475025
0.37299999	-0.83821356	0.10749877
0.37399999	-0.62423104	0.11318897
0.37499999	-0.23865034	0.15074433
0.37599999	0.17513533	0.20918430
0.37699999	0.55582553	0.28005046
0.37799999	0.79106176	0.33556840
0.37899999	0.84433442	0.36764887
0.37999999	0.70275593	0.36764887
0.38099999	0.38988680	0.33556840
0.38199999	-0.02439099	0.28005046
0.38299999	-0.47960752	0.20918430
0.38399999	-0.77817422	0.15074433
0.38499999	-0.87862945	0.11318897
0.38599999	-0.76076525	0.10749877
0.38699999	-0.43934548	0.13475025
0.38799999	-0.03986220	0.18423967
0.38899999	0.37896776	0.24843135
0.38999999	0.68983757	0.30963951
0.39099999	0.84476501	0.35869834
0.39199999	0.80210382	0.37629184
0.39299999	0.57034326	0.35992864
0.39399999	0.19134474	0.31631398
0.39499999	-0.27900466	0.25209153
0.39599999	-0.64443898	0.18485482
0.39699999	-0.85325420	0.12429257
0.39799999	-0.84676427	0.09793307
0.39899999	-0.62463093	0.10943651
0.39999999	-0.26568651	0.15043676
0.40099999	0.17799582	0.21527436
0.40199999	0.55050445	0.28235728
0.40299999	0.79561394	0.34171999
0.40399999	0.85125494	0.37376967
0.40499999	0.70964569	0.37376967
0.40599999	0.39243972	0.34171999
0.40699999	-0.05247293	0.28235728
0.40799999	-0.46164492	0.21512057
0.40899999	-0.77700543	0.14969857
0.40999999	-0.87899852	0.11189715
0.41099999	-0.75246060	0.10768332
0.41199999	-0.45420152	0.13096702
0.41299999	-0.02626722	0.17821112
0.41399999	0.37841412	0.24234129
0.41499999	0.69921875	0.31382260
0.41599999	0.84744096	0.36069760
0.41699999	0.80022758	0.37644562
0.41799999	0.56529897	0.35869834
0.41899999	0.17974901	0.30963951
0.41999999	-0.24652436	0.24843135
0.42099999	-0.65212846	0.18423967
0.42199999	-0.86288142	0.13459645
0.42299999	-0.84953249	0.10672982
0.42399999	-0.63247418	0.11552657
0.42499999	-0.24080339	0.15972564
0.42599999	0.17575049	0.21816561
0.42699999	0.55521041	0.28238803
0.42799999	0.79352242	0.33479947
0.42899999	0.85408467	0.36749509
0.42999999	0.70943034	0.36764887
0.43099999	0.38318160	0.33556840
0.43199999	-0.03429503	0.28005046
0.43299999	-0.48286787	0.20918430
0.43399999	-0.77494460	0.15089813
0.43499999	-0.86875618	0.11395792
0.43599999	-0.75412154	0.10516117
0.43699999	-0.44601992	0.12576894
0.43799999	-0.04961245	0.17525837
0.43899999	0.37647638	0.24612451
0.43999999	0.69060653	0.31040847
0.44099999	0.84491879	0.35885212
0.44199999	0.80195004	0.37629184
0.44299999	0.56957430	0.35992864
0.44399999	0.19368233	0.31631398
0.44499999	-0.26999262	0.25209153
0.44599999	-0.63542694	0.18485482
0.44699999	-0.85091656	0.12429257
0.44799999	-0.84768701	0.09808686
0.44899999	-0.62555367	0.11020546
0.44999999	-0.26334891	0.14812993
0.45099999	0.18697712	0.20626231
0.45199999	0.55948573	0.27334523
0.45299999	0.79795152	0.33938238
0.45399999	0.85048598	0.37453863
0.45499999	0.70949185	0.37395424
0.45599999	0.39243972	0.34171999
0.45699999	-0.05247293	0.28235728
0.45799999	-0.46149114	0.21512057
0.45899999	-0.77626723	0.14969857
0.45999999	-0.88130534	0.11189715
0.46099999	-0.76144195	0.10768332
0.46199999	-0.46321359	0.13096702
0.46299999	-0.02860482	0.17821112
0.46399999	0.37918308	0.24234129
0.46499999	0.69937253	0.31382260
0.46599999	0.84744096	0.36069760
0.46699999	0.80022758	0.37644562
0.46799999	0.56529897	0.35885212
0.46899999	0.17974901	0.31040847
0.46999999	-0.24652436	0.24612451
0.47099999	-0.65212846	0.17525837
0.47199999	-0.86288142	0.12576894
0.47299999	-0.84953249	0.10516117
0.47399999	-0.63262796	0.11395792
0.47499999	-0.24157234	0.15089813
0.47599999	0.17824188	0.20903051
0.47699999	0.56499141	0.27928150
0.47799999	0.80007380	0.33787525
0.47899999	0.84667200	0.37666091
0.47999999	0.70201772	0.37650713
0.48099999	0.38973302	0.33710629
0.48199999	-0.02439099	0.28161910
0.48299999	-0.47960752	0.21801181
0.48399999	-0.77817422	0.15972564
0.48499999	-0.87862945	0.11552657
0.48599999	-0.76091903	0.10672982
0.48699999	-0.44008365	0.13459645
0.48799999	-0.03755536	0.18423967
0.48899999	0.38794905	0.24843135
0.48999999	0.69881892	0.30963951
0.49099999	0.84707183	0.35869834
0.49199999	0.80133492	0.37644562
0.49299999	0.57018948	0.36069760
0.49399999	0.19134474	0.31397638
0.49499999	-0.27900466	0.24311024
0.49599999	-0.64459276	0.17590427
0.49699999	-0.85402310	0.12198573
0.49799999	-0.84445745	0.09885581
0.49899999	-0.61561882	0.11035925
0.49999999	-0.25667447	0.14812993
0.50099999	0.18030265	0.20626231
0.50199999	0.54973549	0.27334523
0.50299999	0.79546016	0.33938238
0.50399999	0.85125494	0.37453863
0.50499999	0.70964569	0.37395424
0.50599999	0.39243972	0.34171999
0.50699999	-0.05247293	0.28235728
0.50799999	-0.46149114	0.21512057
0.50899999	-0.77626723	0.14969857
0.50999999	-0.88115156	0.11189715
0.51099999	-0.76070374	0.10768332
0.51199999	-0.46552041	0.13096702
0.51299999	-0.03755536	0.17821112
0.51399999	0.37023252	0.24234129
0.51499999	0.69706571	0.31382260
0.51599999	0.84833294	0.36069760
0.51699999	0.80115032	0.37644562
0.51799999	0.56296134	0.35885212
0.51899999	0.17076771	0.31040847
0.51999999	-0.25565946	0.24612451
0.52099999	-0.65520424	0.17525837
0.52199999	-0.85980558	0.12576894
0.52299999	-0.84039742	0.10516117
0.52399999	-0.62346208	0.11395792
0.52499999	-0.23849656	0.15089813
0.52599999	0.17513533	0.20918430
0.52699999	0.55582553	0.28005046
0.52799999	0.79106176	0.33556840
0.52899999	0.84433442	0.36764887
0.52999999	0.70275593	0.36764887
0.53099999	0.38988680	0.33556840
0.53199999	-0.02439099	0.28005046
0.53299999	-0.47960752	0.20918430
0.53399999	-0.77802044	0.15089813
0.53499999	-0.87786049	0.11395792
0.53599999	-0.76325667	0.10516117
0.53699999	-0.44909573	0.12576894
0.53799999	-0.04653666	0.17525837
0.53899998	0.38561147	0.24612451
0.53999998	0.69974160	0.31040847
0.54099998	0.84799457	0.35885212
0.54199998	0.79902804	0.37629184
0.54299998	0.56117743	0.35992864
0.54399998	0.18236344	0.31631398
0.54499998	-0.28131151	0.25209153
0.54599998	-0.64367002	0.18485482
0.54699998	-0.85310042	0.12429257
0.54799998	-0.84691805	0.09793307
0.54899998	-0.62539983	0.10943651
0.54999998	-0.26350272	0.15043676
0.55099998	0.18623893	0.21527436
0.55199998	0.56197709	0.28251109
0.55299998	0.80770177	0.34248891
0.55399998	0.85716045	0.37146285
0.55499998	0.70281744	0.36478838
0.55599998	0.38268948	0.33270791
0.55699998	-0.05493356	0.28001967
0.55799998	-0.46072221	0.21588951
0.55899998	-0.77608269	0.14985237
0.55999998	-0.88130534	0.11189715
0.56099998	-0.76144195	0.10768332
0.56199998	-0.46336737	0.13096702
0.56299998	-0.02937377	0.17821112
0.56399998	0.38152066	0.24234129
0.56499998	0.70835382	0.31382260
0.56599998	0.85639149	0.36069760
0.56699998	0.80253446	0.37644562
0.56799998	0.56437624	0.35869834
0.56899998	0.17885704	0.30963951
0.56999998	-0.24418676	0.24843135
0.57099998	-0.64311641	0.18423967
0.57199998	-0.85386932	0.13475025
0.57299998	-0.84722567	0.10749877
0.57399998	-0.63324308	0.11318897
0.57499998	-0.24095719	0.15074433
0.57599998	0.17590427	0.20918430
0.57699998	0.55597931	0.28005046
0.57799998	0.79106176	0.33556840
0.57899998	0.84433442	0.36764887
0.57999998	0.70275593	0.36764887
0.58099998	0.38988680	0.33556840
0.58199998	-0.02454478	0.28005046
0.58299998	-0.48037648	0.20918430
0.58399998	-0.77586734	0.15074433
0.58499998	-0.86967885	0.11318897
0.58599998	-0.75181472	0.10749877
0.58699998	-0.43700787	0.13475025
0.58799998	-0.04063115	0.18423967
0.58899998	0.37881398	0.24843135
0.58999998	0.68983757	0.30979329
0.59099998	0.84476501	0.35946727
0.59199998	0.80210382	0.37410802
0.59299998	0.57034326	0.35171628
0.59399998	0.19134474	0.30484128
0.59499998	-0.27900466	0.24003445
0.59599998	-0.64459276	0.17898007
0.59699998	-0.85402310	0.13112082
0.59799998	-0.84445745	0.10768332
0.59899998	-0.61561882	0.11189715
0.59999998	-0.25667447	0.14969857
0.60099998	0.18030265	0.21512057
0.60199998	0.54973549	0.28235728
0.60299998	0.79546016	0.34171999
0.60399998	0.85125494	0.37376967
0.60499998	0.70964569	0.37376967
0.60599998	0.39243972	0.34171999
0.60699998	-0.05247293	0.28235728
0.60799998	-0.46164492	0.21527436
0.60899998	-0.77700543	0.15043676
0.60999998	-0.87899852	0.10959031
0.61099998	-0.75246060	0.09870202
0.61199998	-0.45420152	0.12198573
0.61299998	-0.02626722	0.17590427
0.61399998	0.37841412	0.24311024
0.61499998	0.69921875	0.31397638
0.61599998	0.84759474	0.36069760
0.61699998	0.80099654	0.37644562
0.61799998	0.56296134	0.35869834
0.61899998	0.17076771	0.30963951
0.61999998	-0.25550565	0.24843135
0.62099998	-0.65443528	0.18423967
0.62199998	-0.86211246	0.13475025
0.62299998	-0.84937871	0.10749877
0.62399998	-0.63247418	0.11318897
0.62499998	-0.24080339	0.15074433
0.62599998	0.17590427	0.20918430
0.62699998	0.55597931	0.28005046
0.62799998	0.79106176	0.33556840
0.62899998	0.84433442	0.36764887
0.62999998	0.70275593	0.36764887
0.63099998	0.38988680	0.33556840
0.63199998	-0.02439099	0.28005046
0.63299998	-0.47960752	0.20918430
0.63399998	-0.77817422	0.15089813
0.63499998	-0.87862945	0.11395792
0.63599998	-0.76076525	0.10516117
0.63699998	-0.43934548	0.12576894
0.63799998	-0.04001600	0.17525837
0.63899998	0.37819883	0.24612451
0.63999998	0.69229823	0.31040847
0.64099998	0.85451525	0.35885212
0.64199998	0.80877829	0.37629184
0.64299998	0.56366879	0.35992864
0.64399998	0.18159449	0.31616017
0.64499998	-0.28146529	0.25132260
0.64599998	-0.64367002	0.18719243
0.64699998	-0.85310042	0.13327387
0.64799998	-0.84691805	0.10691437
0.64899998	-0.62539983	0.11174335
0.64999998	-0.26334891	0.14969857
0.65099998	0.18697712	0.21512057
0.65199998	0.55963951	0.28251109
0.65299998	0.79868972	0.34248891
0.65399998	0.84814835	0.37146285
0.65499998	0.70051056	0.36478838
0.65599998	0.38345841	0.33270791
0.65699998	-0.05477977	0.28001967
0.65799998	-0.46072221	0.21604331
0.65899998	-0.77608269	0.15059055
0.65999998	-0.88130534	0.10943651
0.66099998	-0.76144195	0.09793307
0.66199998	-0.46321359	0.12429257
0.66299998	-0.02860482	0.18485482
0.66399998	0.37918308	0.25209153
0.66499998	0.69937253	0.31631398
0.66599998	0.84744096	0.35992864
0.66699998	0.80022758	0.37629184
0.66799998	0.56529897	0.35885212
0.66899998	0.17974901	0.31040847
0.66999998	-0.24652436	0.24612451
0.67099998	-0.65212846	0.17525837
0.67199998	-0.86288142	0.12576894
0.67299998	-0.84953249	0.10516117
0.67399998	-0.63247418	0.11395792
0.67499998	-0.24080339	0.15089813
0.67599998	0.17590427	0.20918430
0.67699998	0.55597931	0.28005046
0.67799998	0.79106176	0.33556840
0.67899998	0.84433442	0.36764887
0.67999998	0.70275593	0.36764887
0.68099998	0.38988680	0.33556840
0.68199998	-0.02439099	0.28005046
0.68299998	-0.47960752	0.20918430
0.68399998	-0.77817422	0.15089813
0.68499998	-0.87862945	0.11395792
0.68599998	-0.76091903	0.10516117
0.68699998	-0.44008365	0.12576894
0.68799998	-0.03755536	0.17525837
0.68899998	0.38794905	0.24612451
0.68999998	0.69881892	0.31040847
0.69099998	0.84707183	0.35885212
0.69199998	0.80133492	0.37629184
0.69299998	0.57018948	0.35992864
0.69399998	0.19134474	0.31631398
0.69499998	-0.27900466	0.25209153
0.69599998	-0.64459276	0.18485482
0.69699998	-0.85402310	0.12429257
0.69799998	-0.84461123	0.09793307
0.69899998	-0.61638778	0.10943651
0.69999998	-0.25436762	0.15043676
0.70099998	0.18931471	0.21527436
0.70199998	0.55871677	0.28235728
0.70299998	0.79776698	0.34171999
0.70399998	0.85048598	0.37376967
0.70499998	0.70949185	0.37376967
0.70599998	0.39243972	0.34171999
0.70699998	-0.05247293	0.28235728
0.70799998	-0.46149114	0.21527436
0.70899998	-0.77626723	0.15043676
0.70999998	-0.88130534	0.10943651
0.71099998	-0.76144195	0.09793307
0.71199998	-0.46321359	0.12429257
0.71299998	-0.02860482	0.18485482
0.71399998	0.37918308	0.25209153
0.71499998	0.69937253	0.31631398
0.71599998	0.84759474	0.35992864
0.71699998	0.80099654	0.37629184
0.71799998	0.56280756	0.35869834
0.71899998	0.16999876	0.30963951
0.71999998	-0.25319883	0.24843135
0.72099998	-0.64545399	0.18423967
0.72199998	-0.85313118	0.13475025
0.72299998	-0.84707183	0.10749877
0.72399998	-0.63324308	0.11318897
0.72499998	-0.24095719	0.15074433
0.72599998	0.17590427	0.20918430
0.72699998	0.55597931	0.28005046
0.72799998	0.79106176	0.33556840
0.72899998	0.84433442	0.36764887
0.72999998	0.70275593	0.36764887
0.73099998	0.38988680	0.33556840
0.73199998	-0.02439099	0.28005046
0.73299998	-0.47960752	0.20918430
0.73399998	-0.77817422	0.15089813
0.73499998	-0.87862945	0.11395792
0.73599998	-0.76076525	0.10516117
0.73699998	-0.43934548	0.12576894
0.73799998	-0.03986220	0.17525837
0.73899998	0.37896776	0.24612451
0.73999998	0.68983757	0.31056225
0.74099998	0.84476501	0.35962105
0.74199998	0.80210382	0.37395424
0.74299998	0.57034326	0.35094735
0.74399998	0.19134474	0.30730191
0.74499998	-0.27900466	0.24978469
0.74599998	-0.64443898	0.18562376
0.74699998	-0.85325420	0.12444635
0.74799998	-0.84676427	0.09793307
0.74899998	-0.62463093	0.10943651
0.74999998	-0.26568651	0.15043676
0.75099998	0.17799582	0.21527436
0.75199998	0.55050445	0.28251109
0.75299998	0.79561394	0.34248891
0.75399998	0.85125494	0.37146285
0.75499998	0.70964569	0.36478838
0.75599998	0.39243972	0.33270791
0.75699998	-0.05247293	0.28001967
0.75799998	-0.46149114	0.21604331
0.75899998	-0.77626723	0.15059055
0.75999998	-0.88130534	0.10959031
0.76099998	-0.76144195	0.09870202
0.76199998	-0.46321359	0.12198573
0.76299998	-0.02860482	0.17590427
0.76399998	0.37918308	0.24311024
0.76499998	0.69937253	0.31397638
0.76599998	0.84744096	0.36069760
0.76699998	0.80022758	0.37644562
0.76799998	0.56529897	0.35869834
0.76899998	0.17974901	0.30963951
0.76999998	-0.24652436	0.24843135
0.77099998	-0.65212846	0.18423967
0.77199998	-0.86288142	0.13475025
0.77299998	-0.84953249	0.10749877
0.77399998	-0.63247418	0.11318897
0.77499998	-0.24080339	0.15074433
0.77599998	0.17590427	0.20918430
0.77699998	0.55597931	0.28005046
0.77799998	0.79106176	0.33556840
0.77899998	0.84433442	0.36764887
0.77999998	0.70275593	0.36764887
0.78099998	0.38988680	0.33556840
0.78199998	-0.02439099	0.28005046
0.78299998	-0.47960752	0.20918430
0.78399998	-0.77817422	0.15074433
0.78499998	-0.87862945	0.11318897
0.78599998	-0.76076525	0.10749877
0.78699998	-0.43934548	0.13475025
0.78799998	-0.03986220	0.18423967
0.78899998	0.37896776	0.24843135
0.78999998	0.68983757	0.30963951
0.79099998	0.84476501	0.35869834
0.79199998	0.80210382	0.37629184
0.79299998	0.57034326	0.35992864
0.79399998	0.19134474	0.31631398
0.79499998	-0.27900466	0.25209153
0.79599998	-0.64459276	0.18485482
0.79699998	-0.85402310	0.12429257
0.79799998	-0.84445745	0.09793307
0.79899998	-0.61561882	0.10943651
0.79999998	-0.25667447	0.15043676
0.80099998	0.18030265	0.21527436
0.80199998	0.54973549	0.28235728
0.80299998	0.79546016	0.34171999
0.80399998	0.85125494	0.37376967
0.80499998	0.70964569	0.37376967
0.80599998	0.39243972	0.34171999
0.80699998	-0.05247293	0.28235728
0.80799998	-0.46164492	0.21527436
0.80899998	-0.77700543	0.15043676
0.80999998	-0.87899852	0.10959031
0.81099998	-0.75246060	0.09870202
0.81199998	-0.45420152	0.12198573
0.81299998	-0.02626722	0.17590427
0.81399998	0.37841412	0.24311024
0.81499998	0.69921875	0.31397638
0.81599998	0.84759474	0.36054379
0.81699998	0.80099654	0.37567666
0.81799998	0.56296134	0.36103591
0.81899998	0.17076771	0.31862080
0.81999998	-0.25550565	0.25744340
0.82099998	-0.65443528	0.18654650
0.82199998	-0.86211246	0.13382751
0.82299998	-0.84937871	0.10657603
0.82399998	-0.63247418	0.11552657
0.82499998	-0.24080339	0.15972564
0.82599998	0.17590427	0.21801181
0.82699998	0.55597931	0.28161910
0.82799998	0.79121554	0.33710629
0.82899998	0.84510332	0.37650713
0.82999998	0.70044905	0.37650713
0.83099998	0.38087475	0.33710629
0.83199998	-0.03337229	0.28161910
0.83299998	-0.48194513	0.21801181
0.83399998	-0.77740526	0.15987943
0.83499998	-0.87847567	0.11626476
0.83599998	-0.76076525	0.10442298
0.83699998	-0.43934548	0.12561515
0.83799998	-0.03986220	0.17525837
0.83899998	0.37896776	0.24612451
0.83999998	0.68999141	0.31040847
0.84099998	0.84553397	0.35885212
0.84199998	0.79976624	0.37629184
0.84299998	0.56133121	0.35992864
0.84399998	0.18236344	0.31616017
0.84499998	-0.28131151	0.25132260
0.84599998	-0.64367002	0.18719243
0.84699998	-0.85310042	0.13327387
0.84799998	-0.84691805	0.10691437
0.84899998	-0.62539983	0.11174335
0.84999998	-0.26334891	0.14969857
0.85099998	0.18697712	0.21512057
0.85199998	0.55948573	0.28235728
0.85299998	0.79795152	0.34171999
0.85399998	0.85048598	0.37376967
0.85499998	0.70949185	0.37376967
0.85599998	0.39228591	0.34171999
0.85699998	-0.05321112	0.28235728
0.85799998	-0.45915353	0.21527436
0.85899998	-0.76725519	0.15043676
0.85999998	-0.87232405	0.10959031
0.86099998	-0.75913507	0.09870202
0.86199998	-0.46395177	0.12198573
0.86299998	-0.02875861	0.17590427
0.86399998	0.37918308	0.24311024
0.86499998	0.69937253	0.31397638
0.86599998	0.84744096	0.36069760
0.86699998	0.80022758	0.37644562
0.86799998	0.56529897	0.35885212
0.86899998	0.17974901	0.31040847
0.86999998	-0.24652436	0.24612451
0.87099998	-0.65212846	0.17525837
0.87199998	-0.86288142	0.12576894
0.87299998	-0.84953249	0.10516117
0.87399998	-0.63247418	0.11395792
0.87499998	-0.24080339	0.15089813
0.87599998	0.17590427	0.20918430
0.87699998	0.55597931	0.28005046
0.87799998	0.79106176	0.33556840
0.87899998	0.84433442	0.36764887
0.87999998	0.70275593	0.36764887
0.88099998	0.38988680	0.33556840
0.88199998	-0.02439099	0.28005046
0.88299998	-0.47960752	0.20918430
0.88399998	-0.77817422	0.15074433
0.88499998	-0.87862945	0.11318897
0.88599998	-0.76091903	0.10749877
0.88699998	-0.44008365	0.13475025
0.88799998	-0.03755536	0.18423967
0.88899998	0.38794905	0.24843135
0.88999998	0.69881892	0.30963951
0.89099998	0.84707183	0.35869834
0.89199997	0.80133492	0.37644562
0.89299997	0.57018948	0.36069760
0.89399997	0.19134474	0.31397638
0.89499997	-0.27900466	0.24311024
0.89599997	-0.64459276	0.17590427
0.89699997	-0.85402310	0.12198573
0.89799997	-0.84461123	0.09870202
0.89899997	-0.61638778	0.10959031
0.89999997	-0.25436762	0.15043676
0.90099997	0.18931471	0.21527436
0.90199997	0.55887055	0.28235728
0.90299997	0.79853594	0.34171999
0.90399997	0.84814835	0.37376967
0.90499997	0.70051056	0.37376967
0.90599997	0.38345841	0.34171999
0.90699997	-0.05477977	0.28235728
0.90799997	-0.46087599	0.21527436
0.90899997	-0.77685159	0.15043676
0.90999997	-0.87899852	0.10943651
0.91099997	-0.75246060	0.09793307
0.91199997	-0.45420152	0.12429257
0.91299997	-0.02626722	0.18485482
0.91399997	0.37841412	0.25209153
0.91499997	0.69921875	0.31631398
0.91599997	0.84759474	0.35992864
0.91699997	0.80099654	0.37629184
0.91799997	0.56280756	0.35869834
0.91899997	0.16999876	0.30963951
0.91999997	-0.25335261	0.24843135
0.92099997	-0.64622295	0.18423967
0.92199997	-0.85079354	0.13475025
0.92299997	-0.83805978	0.10749877
0.92399997	-0.62423104	0.11318897
0.92499997	-0.23865034	0.15074433
0.92599997	0.17513533	0.20903051
0.92699997	0.55582553	0.27928150
0.92799997	0.79106176	0.33787525
0.92899997	0.84433442	0.37666091
0.92999997	0.70275593	0.37666091
0.93099997	0.38988680	0.33787525
0.93199997	-0.02439099	0.27928150
0.93299997	-0.47960752	0.20903051
0.93399997	-0.77817422	0.15074433
0.93499997	-0.87862945	0.11318897
0.93599997	-0.76076525	0.10749877
0.93699997	-0.43934548	0.13475025
0.93799997	-0.03986220	0.18423967
0.93899997	0.37896776	0.24843135
0.93999997	0.68999141	0.30963951
0.94099997	0.84553397	0.35869834
0.94199997	0.79976624	0.37644562
0.94299997	0.56133121	0.36069760
0.94399997	0.18236344	0.31397638
0.94499997	-0.28131151	0.24311024
0.94599997	-0.64367002	0.17590427
0.94699997	-0.85310042	0.12198573
0.94799997	-0.84676427	0.09870202
0.94899997	-0.62463093	0.10959031
0.94999997	-0.26568651	0.15043676
0.95099997	0.17799582	0.21527436
0.95199997	0.55065823	0.28235728
0.95299997	0.79638284	0.34171999
0.95399997	0.84891731	0.37376967
0.95499997	0.70066434	0.37376967
0.95599997	0.38345841	0.34171999
0.95699997	-0.05477977	0.28235728
0.95799997	-0.46072221	0.21527436
0.95899997	-0.77608269	0.15043676
0.95999997	-0.88130534	0.10943651
0.96099997	-0.76144195	0.09793307
0.96199997	-0.46321359	0.12444635
0.96299997	-0.02860482	0.18562376
0.96399997	0.37918308	0.24978469
0.96499997	0.69937253	0.30730191
0.96599997	0.84744096	0.35094735
0.96699997	0.80022758	0.37395424
0.96799997	0.56514519	0.35946727
0.96899997	0.17901082	0.30979329
0.96999997	-0.24418676	0.24843135
0.97099997	-0.64311641	0.18423967
0.97199997	-0.85386932	0.13475025
0.97299997	-0.84722567	0.10749877
0.97399997	-0.63324308	0.11318897
0.97499997	-0.24095719	0.15074433
0.97599997	0.17590427	0.20918430
0.97699997	0.55597931	0.28005046
0.97799997	0.79106176	0.33556840
0.97899997	0.84433442	0.36764887
0.97999997	0.70275593	0.36764887
0.98099997	0.38988680	0.33556840
0.98199997	-0.02439099	0.28005046
0.98299997	-0.47960752	0.20918430
0.98399997	-0.77817422	0.15089813
0.98499997	-0.87862945	0.11395792
0.98599997	-0.76076525	0.10516117
0.98699997	-0.43934548	0.12576894
0.98799997	-0.03986220	0.17525837
0.98899997	0.37896776	0.24612451
0.98999997	0.68983757	0.31040847
0.99099997	0.84476501	0.35885212
0.99199997	0.80210382	0.37644562
0.99299997	0.57034326	0.36069760
0.99399997	0.19134474	0.31397638
0.99499997	-0.27900466	0.24311024
0.99599997	-0.64459276	0.17590427
0.99699997	-0.85402310	0.12198573
0.99799997	-0.84445745	0.09870202
0.99899997	-0.61561882	0.10959031
0.99999997	-0.25667447	0.15043676
1.00099997	0.18030265	0.21527436
1.00199997	0.54988927	0.28235728
1.00299997	0.79622906	0.34171999
1.00399997	0.84891731	0.37376967
1.00499997	0.70066434	0.37376967
1.00599997	0.38345841	0.34171999
1.00699997	-0.05477977	0.28235728
1.00799997	-0.46087599	0.21512057
1.00899997	-0.77685159	0.14969857
1.00999997	-0.87899852	0.11189715
1.01099997	-0.75246060	0.10768332
1.01199997	-0.45420152	0.13096702
1.01299997	-0.02626722	0.17821112
1.01399997	0.37841412	0.24234129
1.01499997	0.69921875	0.31382260
1.01599997	0.84759474	0.36069760
1.01699997	0.80099654	0.37644562
1.01799997	0.56296134	0.35869834
1.01899997	0.17076771	0.30963951
1.01999997	-0.25550565	0.24843135
1.02099997	-0.65443528	0.18423967
1.02199997	-0.86211246	0.13475025
1.02299997	-0.84937871	0.10749877
1.02399997	-0.63247418	0.11318897
1.02499997	-0.24080339	0.15074433
1.02599997	0.17590427	0.20918430
1.02699997	0.55597931	0.28005046
1.02799997	0.79106176	0.33556840
1.02899997	0.84433442	0.36764887
1.02999997	0.70275593	0.36764887
1.03099997	0.38988680	0.33556840
1.03199997	-0.02439099	0.28005046
1.03299997	-0.47960752	0.20918430
1.03399997	-0.77802044	0.15089813
1.03499997	-0.87786049	0.11395792
1.03599997	-0.76325667	0.10516117
1.03699997	-0.44909573	0.12576894
1.03799997	-0.04653666	0.17525837
1.03899997	0.38561147	0.24612451
1.03999997	0.69974160	0.31056225
1.04099997	0.84799457	0.35962105
1.04199997	0.79902804	0.37395424
1.04299997	0.56117743	0.35094735
1.04399997	0.18236344	0.30730191
1.04499997	-0.28131151	0.24978469
1.04599997	-0.64382380	0.18562376
1.04699997	-0.85386932	0.12444635
1.04799997	-0.84461123	0.09793307
1.04899997	-0.61638778	0.10943651
1.04999997	-0.25436762	0.15043676
1.05099997	0.18931471	0.21527436
1.05199997	0.55887055	0.28235728
1.05299997	0.79853594	0.34171999
1.05399997	0.84814835	0.37376967
1.05499997	0.70051056	0.37376967
1.05599997	0.38345841	0.34171999
1.05699997	-0.05477977	0.28235728
1.05799997	-0.46072221	0.21527436
1.05899997	-0.77608269	0.15043676
1.05999997	-0.88130534	0.10943651
1.06099997	-0.76144195	0.09793307
1.06199997	-0.46336737	0.12429257
1.06299997	-0.02937377	0.18485482
1.06399997	0.38167447	0.25209153
1.06499997	0.70912278	0.31631398
1.06599997	0.85408467	0.35992864
1.06699997	0.79352242	0.37629184
1.06799997	0.55551797	0.35869834
1.06899997	0.17728838	0.30963951
1.06999997	-0.24575542	0.24843135
1.07099997	-0.65197468	0.18423967
1.07199997	-0.86288142	0.13475025
1.07299997	-0.84953249	0.10749877
1.07399997	-0.63262796	0.11318897
1.07499997	-0.24157234	0.15074433
1.07599997	0.17824188	0.20918430
1.07699997	0.56499141	0.28005046
1.07799997	0.80022758	0.33556840
1.07899997	0.84744096	0.36764887
1.07999997	0.69968009	0.36749509
1.08099997	0.38072097	0.33479947
1.08199997	-0.03337229	0.28238803
1.08299997	-0.48194513	0.21816561
1.08399997	-0.77725148	0.15972564
1.08499997	-0.87770671	0.11552657
1.08599997	-0.76325667	0.10672982
1.08699997	-0.44909573	0.13459645
1.08799997	-0.04653666	0.18423967
1.08899997	0.38561147	0.24843135
1.08999997	0.69958782	0.30963951
1.09099997	0.84722567	0.35869834
1.09199997	0.80133492	0.37644562
1.09299997	0.57018948	0.36069760
1.09399997	0.19134474	0.31397638
1.09499997	-0.27900466	0.24311024
1.09599997	-0.64459276	0.17590427
1.09699997	-0.85402310	0.12198573
1.09799997	-0.84445745	0.09870202
1.09899997	-0.61561882	0.10959031
1.09999997	-0.25667447	0.15043676
1.10099997	0.18030265	0.21527436
1.10199997	0.54973549	0.28235728
1.10299997	0.79546016	0.34171999
1.10399997	0.85125494	0.37376967
1.10499997	0.70964569	0.37376967
1.10599997	0.39243972	0.34171999
1.10699997	-0.05247293	0.28235728
1.10799997	-0.46164492	0.21512057
1.10899997	-0.77700543	0.14969857
1.10999997	-0.87899852	0.11189715
1.11099997	-0.75246060	0.10768332
1.11199997	-0.45420152	0.13096702
1.11299997	-0.02626722	0.17821112
1.11399997	0.37841412	0.24234129
1.11499997	0.69921875	0.31382260
1.11599997	0.84759474	0.36069760
1.11699997	0.80099654	0.37644562
1.11799997	0.56280756	0.35885212
1.11899997	0.16999876	0.31040847
1.11999997	-0.25335261	0.24612451
1.12099997	-0.64622295	0.17525837
1.12199997	-0.85079354	0.12576894
1.12299997	-0.83805978	0.10516117
1.12399997	-0.62423104	0.11395792
1.12499997	-0.23865034	0.15089813
1.12599997	0.17498155	0.20918430
1.12699997	0.55505657	0.28005046
1.12799997	0.79352242	0.33556840
1.12899997	0.85408467	0.36764887
1.12999997	0.70943034	0.36749509
1.13099997	0.38318160	0.33479947
1.13199997	-0.03414124	0.28238803
1.13299997	-0.48209891	0.21816561
1.13399997	-0.77740526	0.15987943
1.13499997	-0.87847567	0.11626476
1.13599997	-0.76091903	0.10442298
1.13699997	-0.44008365	0.12561515
1.13799997	-0.03755536	0.17525837
1.13899997	0.38794905	0.24612451
1.13999997	0.69897270	0.31040847
1.14099997	0.84784079	0.35885212
1.14199997	0.79902804	0.37644562
1.14299997	0.56117743	0.36069760
1.14399997	0.18236344	0.31382260
1.14499997	-0.28131151	0.24234129
1.14599997	-0.64367002	0.17821112
1.14699997	-0.85310042	0.13096702
1.14799997	-0.84691805	0.10768332
1.14899997	-0.62539983	0.11189715
1.14999997	-0.26334891	0.14985237
1.15099997	0.18697712	0.21588951
1.15199997	0.55963951	0.28001967
1.15299997	0.79868972	0.33270791
1.15399997	0.84814835	0.36478838
1.15499997	0.70051056	0.37146285
1.15599997	0.38345841	0.34248891
1.15699997	-0.05477977	0.28251109
1.15799997	-0.46072221	0.21512057
1.15899997	-0.77608269	0.14969857
1.15999997	-0.88130534	0.11174335
1.16099997	-0.76144195	0.10691437
1.16199997	-0.46321359	0.13327387
1.16299997	-0.02860482	0.18719243
1.16399997	0.37918308	0.25132260
1.16499997	0.69937253	0.31616017
1.16599997	0.84744096	0.35992864
1.16699997	0.80022758	0.37629184
1.16799997	0.56529897	0.35885212
1.16899997	0.17974901	0.31040847
1.16999997	-0.24652436	0.24627830
1.17099997	-0.65212846	0.17599656
1.17199997	-0.86288142	0.12343135
1.17299997	-0.84953249	0.09617987
1.17399997	-0.63247418	0.10494587
1.17499997	-0.24080339	0.14856052
1.17599997	0.17590427	0.20992249
1.17699997	0.55597931	0.28020424
1.17799997	0.79106176	0.33556840
1.17899997	0.84433442	0.36764887
1.17999997	0.70275593	0.36764887
1.18099997	0.38988680	0.33556840
1.18199997	-0.02439099	0.28005046
1.18299997	-0.47960752	0.20918430
1.18399997	-0.77817422	0.15074433
1.18499997	-0.87862945	0.11318897
1.18599997	-0.76076525	0.10749877
1.18699997	-0.43934548	0.13475025
1.18799997	-0.03986220	0.18423967
1.18899997	0.37896776	0.24843135
1.18999997	0.68983757	0.30979329
1.19099997	0.84476501	0.35946727
1.19199997	0.80210382	0.37410802
1.19299997	0.57034326	0.35171628
1.19399997	0.19134474	0.30484128
1.19499997	-0.27900466	0.24003445
1.19599997	-0.64459276	0.17898007
1.19699997	-0.85402310	0.13112082
1.19799997	-0.84445745	0.10768332
1.19899997	-0.61561882	0.11189715
1.19999997	-0.25667447	0.14969857
1.20099997	0.18030265	0.21512057
1.20199997	0.54973549	0.28235728
1.20299997	0.79546016	0.34171999
1.20399997	0.85125494	0.37376967
1.20499997	0.70964569	0.37376967
1.20599997	0.39243972	0.34171999
1.20699997	-0.05247293	0.28235728
1.20799997	-0.46164492	0.21512057
1.20899997	-0.77700543	0.14969857
1.20999997	-0.87899852	0.11174335
1.21099997	-0.75246060	0.10691437
1.21199997	-0.45420152	0.13327387
1.21299997	-0.02626722	0.18719243
1.21399997	0.37841412	0.25132260
1.21499997	0.69921875	0.31616017
1.21599997	0.84759474	0.35992864
1.21699997	0.80099654	0.37629184
1.21799997	0.56296134	0.35869834
1.21899997	0.17076771	0.30963951
1.21999997	-0.25550565	0.24843135
1.22099997	-0.65443528	0.18423967
1.22199997	-0.86211246	0.13475025
1.22299997	-0.84937871	0.10749877
1.22399997	-0.63247418	0.11318897
1.22499997	-0.24080339	0.15074433
1.22599997	0.17590427	0.20918430
1.22699997	0.55597931	0.28005046
1.22799997	0.79121554	0.33556840
1.22899997	0.84510332	0.36764887
1.22999997	0.70044905	0.36764887
1.23099997	0.38087475	0.33556840
1.23199997	-0.03337229	0.28005046
1.23299997	-0.48194513	0.20918430
1.23399997	-0.77740526	0.15089813
1.23499997	-0.87847567	0.11395792
1.23599997	-0.76076525	0.10516117
1.23699997	-0.43934548	0.12576894
1.23799997	-0.03986220	0.17525837
1.23899997	0.37896776	0.24612451
1.23999997	0.68999141	0.31056225
1.24099997	0.84553397	0.35962105
1.24199997	0.79976624	0.37395424
1.24299997	0.56133121	0.35094735
1.24399997	0.18236344	0.30730191
1.24499997	-0.28131151	0.24978469
1.24599996	-0.64382380	0.18562376
1.24699996	-0.85386932	0.12444635
1.24799996	-0.84445745	0.09793307
1.24899996	-0.61561882	0.10943651
1.24999996	-0.25667447	0.15043676
1.25099996	0.18030265	0.21527436
1.25199996	0.54988927	0.28235728
1.25299996	0.79622906	0.34171999
1.25399996	0.84907109	0.37376967
1.25499996	0.70140254	0.37376967
1.25599996	0.38115159	0.34171999
1.25699996	-0.06376107	0.28235728
1.25799996	-0.46970350	0.21527436
1.25899996	-0.77842027	0.15043676
1.25999996	-0.88056719	0.10959031
1.26099996	-0.76128817	0.09870202
1.26199996	-0.46336737	0.12198573
1.26299996	-0.02937377	0.17590427
1.26399996	0.38152066	0.24311024
1.26499996	0.70835382	0.31397638
1.26599996	0.85639149	0.36069760
1.26699996	0.80253446	0.37644562
1.26799996	0.56453001	0.35869834
1.26899996	0.17959523	0.30963951
1.26999996	-0.24652436	0.24843135
1.27099996	-0.65212846	0.18423967
1.27199996	-0.86288142	0.13475025
1.27299996	-0.84953249	0.10749877
1.27399996	-0.63262796	0.11318897
1.27499996	-0.24157234	0.15074433
1.27599996	0.17824188	0.20918430
1.27699996	0.56499141	0.28005046
1.27799996	0.80007380	0.33556840
1.27899996	0.84667200	0.36764887
1.27999996	0.70201772	0.36764887
1.28099996	0.38973302	0.33556840
1.28199996	-0.02439099	0.28005046
1.28299996	-0.47960752	0.20918430
1.28399996	-0.77817422	0.15089813
1.28499996	-0.87862945	0.11395792
1.28599996	-0.76076525	0.10516117
1.28699996	-0.43934548	0.12576894
1.28799996	-0.03986220	0.17525837
1.28899996	0.37896776	0.24612451
1.28999996	0.68983757	0.31040847
1.29099996	0.84476501	0.35885212
1.29199996	0.80210382	0.37644562
1.29299996	0.57034326	0.36069760
1.29399996	0.19134474	0.31382260
1.29499996	-0.27900466	0.24234129
1.29599996	-0.64459276	0.17821112
1.29699996	-0.85402310	0.13096702
1.29799996	-0.84445745	0.10768332
1.29899996	-0.61561882	0.11189715
1.29999996	-0.25667447	0.14969857
1.30099996	0.18030265	0.21512057
1.30199996	0.54973549	0.28235728
1.30299996	0.79546016	0.34171999
1.30399996	0.85125494	0.37376967
1.30499996	0.70964569	0.37376967
1.30599996	0.39243972	0.34171999
1.30699996	-0.05247293	0.28235728
1.30799996	-0.46149114	0.21512057
1.30899996	-0.77626723	0.14969857
1.30999996	-0.88130534	0.11174335
1.31099996	-0.76144195	0.10691437
1.31199996	-0.46321359	0.13327387
1.31299996	-0.02860482	0.18719243
1.31399996	0.37918308	0.25132260
1.31499996	0.69937253	0.31616017
1.31599996	0.84744096	0.35992864
1.31699996	0.80022758	0.37629184
1.31799996	0.56529897	0.35885212
1.31899996	0.17974901	0.31040847
1.31999996	-0.24652436	0.24612451
1.32099996	-0.65212846	0.17525837
1.32199996	-0.86288142	0.12576894
1.32299996	-0.84953249	0.10516117
1.32399996	-0.63247418	0.11395792
1.32499996	-0.24080339	0.15089813
1.32599996	0.17590427	0.20918430
1.32699996	0.55597931	0.28005046
1.32799996	0.79106176	0.33541462
1.32899996	0.84433442	0.36687991
1.32999996	0.70275593	0.36995572
1.33099996	0.38988680	0.34454972
1.33199996	-0.02439099	0.28903174
1.33299996	-0.47960752	0.21149114
1.33399996	-0.77817422	0.15012918
1.33499996	-0.87862945	0.11380413
1.33599996	-0.76076525	0.10516117
1.33699996	-0.43934548	0.12576894
1.33799996	-0.03986220	0.17525837
1.33899996	0.37896776	0.24612451
1.33999996	0.68983757	0.31056225
1.34099996	0.84476501	0.35962105
1.34199996	0.80210382	0.37410802
1.34299996	0.57034326	0.35171628
1.34399996	0.19134474	0.30484128
1.34499996	-0.27900466	0.24003445
1.34599996	-0.64443898	0.17898007
1.34699996	-0.85325420	0.13112082
1.34799996	-0.84691805	0.10768332
1.34899996	-0.62539983	0.11189715
1.34999996	-0.26334891	0.14969857
1.35099996	0.18697712	0.21512057
1.35199996	0.55963951	0.28251109
1.35299996	0.79868972	0.34248891
1.35399996	0.84814835	0.37146285
1.35499996	0.70051056	0.36478838
1.35599996	0.38330463	0.33270791
1.35699996	-0.05554872	0.28001967
1.35799996	-0.45841536	0.21588951
1.35899996	-0.76710135	0.14985237
1.35999996	-0.87232405	0.11174335
1.36099996	-0.75913507	0.10691437
1.36199996	-0.46395177	0.13327387
1.36299996	-0.02875861	0.18719243
1.36399996	0.37918308	0.25132260
1.36499996	0.69937253	0.31616017
1.36599996	0.84744096	0.35992864
1.36699996	0.80022758	0.37629184
1.36799996	0.56529897	0.35885212
1.36899996	0.17974901	0.31040847
1.36999996	-0.24652436	0.24612451
1.37099996	-0.65212846	0.17525837
1.37199996	-0.86288142	0.12576894
1.37299996	-0.84953249	0.10516117
1.37399996	-0.63262796	0.11395792
1.37499996	-0.24157234	0.15089813
1.37599996	0.17824188	0.20903051
1.37699996	0.56499141	0.27928150
1.37799996	0.80007380	0.33787525
1.37899996	0.84667200	0.37666091
1.37999996	0.70201772	0.37666091
1.38099996	0.38973302	0.33787525
1.38199996	-0.02439099	0.27928150
1.38299996	-0.47960752	0.20903051
1.38399996	-0.77817422	0.15074433
1.38499996	-0.87862945	0.11318897
1.38599996	-0.76076525	0.10749877
1.38699996	-0.43934548	0.13475025
1.38799996	-0.03986220	0.18423967
1.38899996	0.37896776	0.24843135
1.38999996	0.68983757	0.30963951
1.39099996	0.84476501	0.35869834
1.39199996	0.80210382	0.37644562
1.39299996	0.57034326	0.36069760
1.39399996	0.19134474	0.31382260
1.39499996	-0.27900466	0.24234129
1.39599996	-0.64459276	0.17821112
1.39699996	-0.85402310	0.13096702
1.39799996	-0.84461123	0.10768332
1.39899996	-0.61638778	0.11189715
1.39999996	-0.25436762	0.14969857
1.40099996	0.18931471	0.21512057
1.40199996	0.55871677	0.28235728
1.40299996	0.79776698	0.34171999
1.40399996	0.85048598	0.37395424
1.40499996	0.70949185	0.37453863
1.40599996	0.39243972	0.33938238
1.40699996	-0.05247293	0.27334523
1.40799996	-0.46149114	0.20610851
1.40899996	-0.77626723	0.14736098
1.40999996	-0.88130534	0.11266609
1.41099996	-0.76144195	0.10783710
1.41199996	-0.46321359	0.13096702
1.41299996	-0.02860482	0.17821112
1.41399996	0.37918308	0.24234129
1.41499996	0.69937253	0.31382260
1.41599996	0.84759474	0.36069760
1.41699996	0.80099654	0.37644562
1.41799996	0.56296134	0.35869834
1.41899996	0.17076771	0.30963951
1.41999996	-0.25550565	0.24843135
1.42099996	-0.65443528	0.18423967
1.42199996	-0.86211246	0.13475025
1.42299996	-0.84937871	0.10749877
1.42399996	-0.63247418	0.11318897
1.42499996	-0.24080339	0.15074433
1.42599996	0.17575049	0.20918430
1.42699996	0.55521041	0.28005046
1.42799996	0.79352242	0.33556840
1.42899996	0.85408467	0.36764887
1.42999996	0.70943034	0.36764887
1.43099996	0.38318160	0.33556840
1.43199996	-0.03414124	0.28020424
1.43299996	-0.48209891	0.20992249
1.43399996	-0.77725148	0.14856052
1.43499996	-0.87770671	0.10494587
1.43599996	-0.76310283	0.09617987
1.43699996	-0.44832677	0.12343135
1.43799996	-0.04887426	0.17599656
1.43899996	0.37663016	0.24627830
1.43999996	0.69076031	0.31056225
1.44099996	0.84568775	0.35962105
1.44199996	0.79976624	0.37395424
1.44299996	0.56133121	0.35094735
1.44399996	0.18236344	0.30730191
1.44499996	-0.28131151	0.24978469
1.44599996	-0.64367002	0.18562376
1.44699996	-0.85310042	0.12444635
1.44799996	-0.84691805	0.09793307
1.44899996	-0.62539983	0.10943651
1.44999996	-0.26334891	0.15043676
1.45099996	0.18697712	0.21527436
1.45199996	0.55963951	0.28235728
1.45299996	0.79868972	0.34171999
1.45399996	0.84814835	0.37376967
1.45499996	0.70051056	0.37376967
1.45599996	0.38345841	0.34171999
1.45699996	-0.05477977	0.28235728
1.45799996	-0.46072221	0.21527436
1.45899996	-0.77608269	0.15043676
1.45999996	-0.88130534	0.10943651
1.46099996	-0.76144195	0.09793307
1.46199996	-0.46321359	0.12429257
1.46299996	-0.02860482	0.18485482
1.46399996	0.37918308	0.25209153
1.46499996	0.69937253	0.31631398
1.46599996	0.84744096	0.35992864
1.46699996	0.80022758	0.37629184
1.46799996	0.56529897	0.35869834
1.46899996	0.17974901	0.30963951
1.46999996	-0.24652436	0.24843135
1.47099996	-0.65212846	0.18423967
1.47199996	-0.86288142	0.13475025
1.47299996	-0.84953249	0.10749877
1.47399996	-0.63247418	0.11318897
1.47499996	-0.24080339	0.15074433
1.47599996	0.17590427	0.20918430
1.47699996	0.55597931	0.28005046
1.47799996	0.79106176	0.33556840
1.47899996	0.84433442	0.36764887
1.47999996	0.70275593	0.36764887
1.48099996	0.38988680	0.33556840
1.48199996	-0.02439099	0.28005046
1.48299996	-0.47960752	0.20918430
1.48399996	-0.77817422	0.15089813
1.48499996	-0.87862945	0.11395792
1.48599996	-0.76076525	0.10516117
1.48699996	-0.43934548	0.12576894
1.48799996	-0.03986220	0.17525837
1.48899996	0.37896776	0.24612451
1.48999996	0.68983757	0.31040847
1.49099996	0.84476501	0.35885212
1.49199996	0.80210382	0.37629184
1.49299996	0.57034326	0.35992864
1.49399996	0.19134474	0.31631398
1.49499996	-0.27900466	0.25209153
1.49599996	-0.64459276	0.18485482
1.49699996	-0.85402310	0.12429257
1.49799996	-0.84445745	0.09793307
1.49899996	-0.61561882	0.10943651
1.49999996	-0.25667447	0.15043676
1.50099996	0.18030265	0.21527436
1.50199996	0.54988927	0.28235728
1.50299996	0.79622906	0.34171999
1.50399996	0.84891731	0.37376967
1.50499996	0.70066434	0.37376967
1.50599996	0.38345841	0.34171999
1.50699996	-0.05477977	0.28235728
1.50799996	-0.46072221	0.21512057
1.50899996	-0.77608269	0.14969857
1.50999996	-0.88130534	0.11174335
1.51099996	-0.76144195	0.10691437
1.51199996	-0.46321359	0.13342765
1.51299996	-0.02860482	0.18796137
1.51399996	0.37918308	0.24901575
1.51499996	0.69937253	0.30714813
1.51599996	0.84759474	0.35094735
1.51699996	0.80099654	0.37395424
1.51799996	0.56296134	0.35962105
1.51899996	0.17076771	0.31056225
1.51999996	-0.25565946	0.24612451
1.52099996	-0.65520424	0.17525837
1.52199996	-0.85980558	0.12576894
1.52299996	-0.84039742	0.10516117
1.52399996	-0.62346208	0.11395792
1.52499996	-0.23849656	0.15089813
1.52599996	0.17513533	0.20918430
1.52699996	0.55582553	0.28005046
1.52799996	0.79121554	0.33556840
1.52899996	0.84510332	0.36764887
1.52999996	0.70044905	0.36749509
1.53099996	0.38087475	0.33479947
1.53199996	-0.03337229	0.28238803
1.53299996	-0.48194513	0.21816561
1.53399996	-0.77740526	0.15987943
1.53499996	-0.87847567	0.11626476
1.53599996	-0.76076525	0.10442298
1.53699996	-0.43934548	0.12561515
1.53799996	-0.03986220	0.17525837
1.53899996	0.37896776	0.24612451
1.53999996	0.68999141	0.31040847
1.54099996	0.84553397	0.35885212
1.54199996	0.79976624	0.37629184
1.54299996	0.56133121	0.35992864
1.54399996	0.18236344	0.31616017
1.54499996	-0.28131151	0.25132260
1.54599996	-0.64367002	0.18719243
1.54699996	-0.85310042	0.13327387
1.54799996	-0.84691805	0.10691437
1.54899996	-0.62539983	0.11174335
1.54999996	-0.26334891	0.14969857
1.55099996	0.18697712	0.21512057
1.55199996	0.55963951	0.28235728
1.55299996	0.79868972	0.34171999
1.55399996	0.84814835	0.37376967
1.55499996	0.70051056	0.37376967
1.55599996	0.38345841	0.34171999
1.55699996	-0.05477977	0.28235728
1.55799996	-0.46072221	0.21527436
1.55899996	-0.77608269	0.15043676
1.55999996	-0.88130534	0.10959031
1.56099996	-0.76144195	0.09870202
1.56199996	-0.46321359	0.12198573
1.56299996	-0.02860482	0.17590427
1.56399996	0.37933686	0.24311024
1.56499996	0.70014149	0.31397638
1.56599996	0.84510332	0.36069760
1.56699996	0.79121554	0.37644562
1.56799996	0.55628693	0.35869834
1.56899996	0.17744218	0.30963951
1.56999996	-0.24575542	0.24843135
1.57099996	-0.65197468	0.18423967
1.57199996	-0.86288142	0.13475025
1.57299996	-0.84953249	0.10749877
1.57399996	-0.63247418	0.11318897
1.57499996	-0.24080339	0.15074433
1.57599996	0.17590427	0.20918430
1.57699996	0.55597931	0.28005046
1.57799996	0.79121554	0.33556840
1.57899996	0.84510332	0.36764887
1.57999996	0.70044905	0.36764887
1.58099996	0.38087475	0.33556840
1.58199996	-0.03337229	0.28005046
1.58299996	-0.48194513	0.20918430
1.58399996	-0.77740526	0.15089813
1.58499996	-0.87847567	0.11395792
1.58599996	-0.76091903	0.10516117
1.58699996	-0.44008365	0.12576894
1.58799996	-0.03755536	0.17525837
1.58899996	0.38794905	0.24612451
1.58999996	0.69897270	0.31040847
1.59099996	0.84784079	0.35885212
1.59199996	0.79902804	0.37629184
1.59299996	0.56117743	0.35992864
1.59399996	0.18236344	0.31616017
1.59499996	-0.28131151	0.25132260
1.59599996	-0.64382380	0.18719243
1.59699996	-0.85386932	0.13327387
1.59799996	-0.84461123	0.10691437
1.59899995	-0.61638778	0.11174335
1.59999995	-0.25436762	0.14969857
1.60099995	0.18931471	0.21512057
1.60199995	0.55871677	0.28235728
1.60299995	0.79776698	0.34171999
1.60399995	0.85048598	0.37376967
1.60499995	0.70949185	0.37376967
1.60599995	0.39243972	0.34171999
1.60699995	-0.05247293	0.28235728
1.60799995	-0.46164492	0.21527436
1.60899995	-0.77700543	0.15043676
1.60999995	-0.87884474	0.10959031
1.61099995	-0.75169170	0.09870202
1.61199995	-0.45650837	0.12198573
1.61299995	-0.03524852	0.17590427
1.61399995	0.36946359	0.24311024
1.61499995	0.69691193	0.31397638
1.61599995	0.84817910	0.36069760
1.61699995	0.80038142	0.37644562
1.61799995	0.56529897	0.35885212
1.61899995	0.17974901	0.31040847
1.61999995	-0.24652436	0.24612451
1.62099995	-0.65212846	0.17525837
1.62199995	-0.86288142	0.12561515
1.62299995	-0.84953249	0.10442298
1.62399995	-0.63247418	0.11626476
1.62499995	-0.24080339	0.15987943
1.62599995	0.17590427	0.21816561
1.62699995	0.55597931	0.28238803
1.62799995	0.79121554	0.33479947
1.62899995	0.84510332	0.36749509
1.62999995	0.70044905	0.36764887
1.63099995	0.38087475	0.33556840
1.63199995	-0.03337229	0.28005046
1.63299995	-0.48194513	0.20918430
1.63399995	-0.77740526	0.15089813
1.63499995	-0.87847567	0.11395792
1.63599995	-0.76076525	0.10516117
1.63699995	-0.43934548	0.12576894
1.63799995	-0.03986220	0.17525837
1.63899995	0.37896776	0.24612451
1.63999995	0.68999141	0.31040847
1.64099995	0.84553397	0.35885212
1.64199995	0.79976624	0.37629184
1.64299995	0.56133121	0.35992864
1.64399995	0.18236344	0.31631398
1.64499995	-0.28131151	0.25209153
1.64599995	-0.64382380	0.18485482
1.64699995	-0.85386932	0.12429257
1.64799995	-0.84461123	0.09793307
1.64899995	-0.61638778	0.10943651
1.64999995	-0.25436762	0.15043676
1.65099995	0.18931471	0.21527436
1.65199995	0.55887055	0.28235728
1.65299995	0.79853594	0.34171999
1.65399995	0.84814835	0.37376967
1.65499995	0.70051056	0.37376967
1.65599995	0.38345841	0.34171999
1.65699995	-0.05477977	0.28235728
1.65799995	-0.46072221	0.21527436
1.65899995	-0.77608269	0.15043676
1.65999995	-0.88130534	0.10943651
1.66099995	-0.76144195	0.09793307
1.66199995	-0.46321359	0.12429257
1.66299995	-0.02860482	0.18485482
1.66399995	0.37918308	0.25209153
1.66499995	0.69937253	0.31631398
1.66599995	0.84744096	0.35992864
1.66699995	0.80022758	0.37629184
1.66799995	0.56529897	0.35869834
1.66899995	0.17974901	0.30963951
1.66999995	-0.24652436	0.24843135
1.67099995	-0.65212846	0.18423967
1.67199995	-0.86288142	0.13475025
1.67299995	-0.84953249	0.10749877
1.67399995	-0.63247418	0.11318897
1.67499995	-0.24080339	0.15074433
1.67599995	0.17590427	0.20903051
1.67699995	0.55597931	0.27928150
1.67799995	0.79106176	0.33787525
1.67899995	0.84433442	0.37666091
1.67999995	0.70275593	0.37666091
1.68099995	0.38988680	0.33787525
1.68199995	-0.02439099	0.27928150
1.68299995	-0.47960752	0.20903051
1.68399995	-0.77817422	0.15074433
1.68499995	-0.87862945	0.11318897
1.68599995	-0.76076525	0.10749877
1.68699995	-0.43934548	0.13475025
1.68799995	-0.03986220	0.18423967
1.68899995	0.37896776	0.24843135
1.68999995	0.68999141	0.30979329
1.69099995	0.84553397	0.35946727
1.69199995	0.79976624	0.37410802
1.69299995	0.56133121	0.35171628
1.69399995	0.18236344	0.30499509
1.69499995	-0.28131151	0.24080339
1.69599995	-0.64382380	0.17667323
1.69699995	-0.85386932	0.12213952
1.69799995	-0.84461123	0.09870202
1.69899995	-0.61638778	0.10959031
1.69999995	-0.25436762	0.15043676
1.70099995	0.18931471	0.21527436
1.70199995	0.55871677	0.28235728
1.70299995	0.79776698	0.34171999
1.70399995	0.85048598	0.37376967
1.70499995	0.70949185	0.37376967
1.70599995	0.39243972	0.34171999
1.70699995	-0.05247293	0.28235728
1.70799995	-0.46149114	0.21512057
1.70899995	-0.77626723	0.14969857
1.70999995	-0.88130534	0.11174335
1.71099995	-0.76144195	0.10691437
1.71199995	-0.46321359	0.13327387
1.71299995	-0.02860482	0.18719243
1.71399995	0.37918308	0.25132260
1.71499995	0.69937253	0.31616017
1.71599995	0.84759474	0.35992864
1.71699995	0.80099654	0.37629184
1.71799995	0.56296134	0.35885212
1.71899995	0.17076771	0.31040847
1.71999995	-0.25550565	0.24612451
1.72099995	-0.65443528	0.17525837
1.72199995	-0.86211246	0.12576894
1.72299995	-0.84937871	0.10516117
1.72399995	-0.63247418	0.11395792
1.72499995	-0.24080339	0.15089813
1.72599995	0.17590427	0.20918430
1.72699995	0.55597931	0.28005046
1.72799995	0.79121554	0.33556840
1.72899995	0.84510332	0.36764887
1.72999995	0.70044905	0.36764887
1.73099995	0.38087475	0.33556840
1.73199995	-0.03337229	0.28005046
1.73299995	-0.48194513	0.20918430
1.73399995	-0.77725148	0.15089813
1.73499995	-0.87770671	0.11395792
1.73599995	-0.76325667	0.10516117
1.73699995	-0.44909573	0.12576894
1.73799995	-0.04653666	0.17525837
1.73899995	0.38561147	0.24612451
1.73999995	0.69974160	0.31040847
1.74099995	0.84799457	0.35885212
1.74199995	0.79902804	0.37644562
1.74299995	0.56117743	0.36069760
1.74399995	0.18236344	0.31397638
1.74499995	-0.28131151	0.24311024
1.74599995	-0.64367002	0.17590427
1.74699995	-0.85310042	0.12198573
1.74799995	-0.84676427	0.09870202
1.74899995	-0.62463093	0.10959031
1.74999995	-0.26584029	0.15043676
1.75099995	0.17722687	0.21527436
1.75199995	0.55296504	0.28251109
1.75299995	0.80539495	0.34248891
1.75399995	0.85792935	0.37146285
1.75499995	0.70297122	0.36478838
1.75599995	0.38268948	0.33270791
1.75699995	-0.05493356	0.28001967
1.75799995	-0.46072221	0.21604331
1.75899995	-0.77608269	0.15059055
1.75999995	-0.88130534	0.10943651
1.76099995	-0.76144195	0.09793307
1.76199995	-0.46336737	0.12429257
1.76299995	-0.02937377	0.18485482
1.76399995	0.38152066	0.25209153
1.76499995	0.70835382	0.31631398
1.76599995	0.85654527	0.35992864
1.76699995	0.80330342	0.37629184
1.76799995	0.56203860	0.35869834
1.76899995	0.16984499	0.30963951
1.76999995	-0.25319883	0.24843135
1.77099995	-0.64545399	0.18423967
1.77199995	-0.85313118	0.13475025
1.77299995	-0.84707183	0.10749877
1.77399995	-0.63339692	0.11318897
1.77499995	-0.24172613	0.15074433
1.77599995	0.17824188	0.20918430
1.77699995	0.56499141	0.28005046
1.77799995	0.80007380	0.33556840
1.77899995	0.84667200	0.36764887
1.77999995	0.70217150	0.36764887
1.78099995	0.39050198	0.33556840
1.78199995	-0.02669783	0.28005046
1.78299995	-0.48861960	0.20918430
1.78399995	-0.78718626	0.15074433
1.78499995	-0.88096702	0.11318897
1.78599995	-0.76015007	0.10749877
1.78699995	-0.43992987	0.13475025
1.78799995	-0.03755536	0.18423967
1.78899995	0.38794905	0.24843135
1.78999995	0.69881892	0.30963951
1.79099995	0.84707183	0.35869834
1.79199995	0.80133492	0.37644562
1.79299995	0.57018948	0.36069760
1.79399995	0.19134474	0.31382260
1.79499995	-0.27900466	0.24234129
1.79599995	-0.64443898	0.17821112
1.79699995	-0.85325420	0.13096702
1.79799995	-0.84676427	0.10768332
1.79899995	-0.62463093	0.11189715
1.79999995	-0.26568651	0.14969857
1.80099995	0.17799582	0.21512057
1.80199995	0.55050445	0.28235728
1.80299995	0.79561394	0.34171999
1.80399995	0.85125494	0.37376967
1.80499995	0.70964569	0.37376967
1.80599995	0.39243972	0.34171999
1.80699995	-0.05247293	0.28235728
1.80799995	-0.46164492	0.21512057
1.80899995	-0.77700543	0.14969857
1.80999995	-0.87899852	0.11189715
1.81099995	-0.75246060	0.10768332
1.81199995	-0.45420152	0.13096702
1.81299995	-0.02626722	0.17821112
1.81399995	0.37841412	0.24234129
1.81499995	0.69921875	0.31382260
1.81599995	0.84759474	0.36069760
1.81699995	0.80099654	0.37644562
1.81799995	0.56296134	0.35869834
1.81899995	0.17076771	0.30963951
1.81999995	-0.25550565	0.24843135
1.82099995	-0.65443528	0.18423967
1.82199995	-0.86211246	0.13475025
1.82299995	-0.84937871	0.10749877
1.82399995	-0.63247418	0.11318897
1.82499995	-0.24080339	0.15074433
1.82599995	0.17590427	0.20918430
1.82699995	0.55597931	0.28005046
1.82799995	0.79121554	0.33556840
1.82899995	0.84510332	0.36764887
1.82999995	0.70044905	0.36764887
1.83099995	0.38087475	0.33556840
1.83199995	-0.03337229	0.28005046
1.83299995	-0.48194513	0.20918430
1.83399995	-0.77725148	0.15089813
1.83499995	-0.87770671	0.11395792
1.83599995	-0.76325667	0.10516117
1.83699995	-0.44909573	0.12576894
1.83799995	-0.04653666	0.17525837
1.83899995	0.38561147	0.24612451
1.83999995	0.69974160	0.31040847
1.84099995	0.84799457	0.35885212
1.84199995	0.79902804	0.37629184
1.84299995	0.56117743	0.35992864
1.84399995	0.18236344	0.31616017
1.84499995	-0.28131151	0.25132260
1.84599995	-0.64382380	0.18719243
1.84699995	-0.85386932	0.13327387
1.84799995	-0.84461123	0.10691437
1.84899995	-0.61638778	0.11174335
1.84999995	-0.25436762	0.14969857
1.85099995	0.18931471	0.21512057
1.85199995	0.55887055	0.28235728
1.85299995	0.79853594	0.34171999
1.85399995	0.84814835	0.37376967
1.85499995	0.70051056	0.37376967
1.85599995	0.38345841	0.34171999
1.85699995	-0.05477977	0.28235728
1.85799995	-0.46072221	0.21512057
1.85899995	-0.77608269	0.14969857
1.85999995	-0.88130534	0.11174335
1.86099995	-0.76144195	0.10691437
1.86199995	-0.46321359	0.13327387
1.86299995	-0.02860482	0.18719243
1.86399995	0.37918308	0.25132260
1.86499995	0.69937253	0.31616017
1.86599995	0.84744096	0.35992864
1.86699995	0.80022758	0.37629184
1.86799995	0.56529897	0.35885212
1.86899995	0.17974901	0.31040847
1.86999995	-0.24652436	0.24612451
1.87099995	-0.65212846	0.17525837
1.87199995	-0.86288142	0.12576894
1.87299995	-0.84953249	0.10516117
1.87399995	-0.63247418	0.11395792
1.87499995	-0.24080339	0.15089813
1.87599995	0.17590427	0.20918430
1.87699995	0.55597931	0.28005046
1.87799995	0.79106176	0.33541462
1.87899995	0.84433442	0.36687991
1.87999995	0.70294046	0.36995572
1.88099995	0.39065576	0.34454972
1.88199995	-0.02669783	0.28903174
1.88299995	-0.48861960	0.21149114
1.88399995	-0.78718626	0.15012918
1.88499995	-0.88096702	0.11380413
1.88599995	-0.76015007	0.10500738
1.88699995	-0.43992987	0.12500000
1.88799995	-0.03755536	0.17756520
1.88899995	0.38794905	0.25510579
1.88999995	0.69897270	0.31938976
1.89099995	0.84784079	0.36118972
1.89199995	0.79902804	0.37567666
1.89299995	0.56117743	0.36054379
1.89399995	0.18236344	0.31382260
1.89499995	-0.28131151	0.24234129
1.89599995	-0.64382380	0.17805733
1.89699995	-0.85386932	0.13019808
1.89799995	-0.84461123	0.10999016
1.89899995	-0.61638778	0.12090920
1.89999995	-0.25436762	0.15867987
1.90099995	0.18931471	0.21742742
1.90199995	0.55887055	0.28158835
1.90299995	0.79853594	0.34156618
1.90399995	0.84814835	0.37376967
1.90499995	0.70051056	0.37376967
1.90599995	0.38345841	0.34171999
1.90699995	-0.05477977	0.28235728
1.90799995	-0.46072221	0.21512057
1.90899995	-0.77608269	0.14969857
1.90999995	-0.88130534	0.11189715
1.91099995	-0.76144195	0.10768332
1.91199995	-0.46321359	0.13112082
1.91299995	-0.02860482	0.17898007
1.91399995	0.37918308	0.24003445
1.91499995	0.69937253	0.30484128
1.91599995	0.84744096	0.35171628
1.91699995	0.80022758	0.37410802
1.91799995	0.56529897	0.35946727
1.91899995	0.17974901	0.30979329
1.91999995	-0.24652436	0.24843135
1.92099995	-0.65212846	0.18423967
1.92199995	-0.86288142	0.13475025
1.92299995	-0.84953249	0.10749877
1.92399995	-0.63247418	0.11318897
1.92499995	-0.24080339	0.15074433
1.92599995	0.17590427	0.20918430
1.92699995	0.55597931	0.28005046
1.92799995	0.79121554	0.33556840
1.92899995	0.84510332	0.36764887
1.92999995	0.70044905	0.36764887
1.93099995	0.38087475	0.33556840
1.93199995	-0.03337229	0.28005046
1.93299995	-0.48194513	0.20918430
1.93399995	-0.77740526	0.15074433
1.93499995	-0.87847567	0.11318897
1.93599995	-0.76091903	0.10749877
1.93699995	-0.44008365	0.13475025
1.93799995	-0.03755536	0.18423967
1.93899995	0.38794905	0.24843135
1.93999995	0.69897270	0.30963951
1.94099995	0.84784079	0.35869834
1.94199995	0.79902804	0.37644562
1.94299995	0.56117743	0.36069760
1.94399995	0.18220964	0.31382260
1.94499995	-0.28208047	0.24234129
1.94599995	-0.64136320	0.17821112
1.94699995	-0.84408832	0.13096702
1.94799995	-0.83793676	0.10768332
1.94899995	-0.62306225	0.11189715
1.94999995	-0.26427165	0.14969857
1.95099995	0.18608513	0.21512057
1.95199995	0.56197709	0.28251109
1.95299994	0.80770177	0.34248891
1.95399994	0.85716045	0.37146285
1.95499994	0.70281744	0.36478838
1.95599994	0.38253567	0.33270791
1.95699994	-0.05570251	0.28001967
1.95799994	-0.45841536	0.21588951
1.95899994	-0.76710135	0.14985237
1.95999994	-0.87232405	0.11174335
1.96099994	-0.75913507	0.10691437
1.96199994	-0.46395177	0.13342765
1.96299994	-0.02875861	0.18796137
1.96399994	0.37918308	0.24901575
1.96499994	0.69937253	0.30714813
1.96599994	0.84759474	0.35094735
1.96699994	0.80099654	0.37395424
1.96799994	0.56280756	0.35962105
1.96899994	0.16999876	0.31056225
1.96999994	-0.25319883	0.24612451
1.97099994	-0.64545399	0.17525837
1.97199994	-0.85313118	0.12576894
1.97299994	-0.84707183	0.10516117
1.97399994	-0.63324308	0.11395792
1.97499994	-0.24095719	0.15089813
1.97599994	0.17590427	0.20918430
1.97699994	0.55597931	0.28005046
1.97799994	0.79106176	0.33556840
1.97899994	0.84433442	0.36764887
1.97999994	0.70275593	0.36764887
1.98099994	0.38988680	0.33556840
1.98199994	-0.02439099	0.28005046
1.98299994	-0.47960752	0.20918430
1.98399994	-0.77817422	0.15074433
1.98499994	-0.87862945	0.11318897
1.98599994	-0.76076525	0.10749877
1.98699994	-0.43934548	0.13475025
1.98799994	-0.03986220	0.18423967
1.98899994	0.37896776	0.24843135
1.98999994	0.68983757	0.30963951
1.99099994	0.84476501	0.35869834
1.99199994	0.80210382	0.37644562
1.99299994	0.57034326	0.36069760
1.99399994	0.19134474	0.31382260
1.99499994	-0.27900466	0.24234129
1.99599994	-0.64459276	0.17821112
1.99699994	-0.85402310	0.13096702
1.99799994	-0.84461123	0.10768332
1.99899994	-0.61638778	0.11189715
1.99999994	-0.25436762	0.14969857
2.00099994	0.18931471	0.21512057
2.00199994	0.55871677	0.28251109
2.00299994	0.79776698	0.34248891
