Time	Channel A	Channel B
(us)	(V)	(V)

-0.00400000	-0.80401081	0.23163755
-0.00300000	-0.52134597	0.30191928
-0.00200000	-0.13312007	0.35448450
-0.00100000	0.30450296	0.38173598
0.00000000	0.64154774	0.37312376
0.00100000	0.82612574	0.33012426
0.00200000	0.82381892	0.26565576
0.00300000	0.63625735	0.18873031
0.00400000	0.28407973	0.13336614
0.00500000	-0.17959523	0.10796013
0.00600000	-0.56859004	0.11088213
0.00700000	-0.82827878	0.14173228
0.00800000	-0.86863309	0.20001845
0.00900000	-0.68279403	0.27697465
0.01000000	-0.34694883	0.33849040
0.01100000	0.09067421	0.37604576
0.01200000	0.48074558	0.37866017
0.01300000	0.76460999	0.34531865
0.01400000	0.86072832	0.29290724
0.01500000	0.75482899	0.22933070
0.01600000	0.46982652	0.16812254
0.01700000	0.04918184	0.11844857
0.01800000	-0.36847934	0.10380782
0.01900000	-0.72320992	0.12619956
0.02000000	-0.87220103	0.17292076
0.02100000	-0.79410678	0.23711245
0.02200000	-0.53066558	0.30124262
0.02300000	-0.11844857	0.35577634
0.02400000	0.29226133	0.37921384
0.02500000	0.64028668	0.36832553
0.02600000	0.82621801	0.32747909
0.02700000	0.82138902	0.26264149
0.02800000	0.62435406	0.19555856
0.02900000	0.26667076	0.13619587
0.03000000	-0.15652682	0.10396162
0.03100000	-0.58390749	0.10337722
0.03200000	-0.83270794	0.13853346
0.03300000	-0.86838704	0.20457062
0.03400000	-0.69229823	0.27180734
0.03500000	-0.32790971	0.33055487
0.03600000	0.08606053	0.36540353
0.03700000	0.48852730	0.37084767
0.03800000	0.75858146	0.34464198
0.03900000	0.85420769	0.29072341
0.04000000	0.75329107	0.22659326
0.04100000	0.47311762	0.16175567
0.04200000	0.07071235	0.11783341
0.04300000	-0.39480808	0.10085507
0.04400000	-0.72539371	0.12121678
0.04500000	-0.87490773	0.17575049
0.04600000	-0.80385703	0.24295644
0.04700000	-0.52057701	0.31323817
0.04800000	-0.13558070	0.36269686
0.04900000	0.29475272	0.38388902
0.05000000	0.63505781	0.37235484
0.05100000	0.83356917	0.32993972
0.05200000	0.83126229	0.26565576
0.05300000	0.62973672	0.18873031
0.05400000	0.27417567	0.13336614
0.05500000	-0.18282481	0.10796013
0.05600000	-0.56536049	0.11103593
0.05700000	-0.81837475	0.14250124
0.05800000	-0.86195868	0.19771162
0.05900000	-0.68946850	0.26799336
0.06000000	-0.35669905	0.32950911
0.06100000	0.08818282	0.37370816
0.06200000	0.48166829	0.37958291
0.06300000	0.76553273	0.34624138
0.06400000	0.85842150	0.29060039
0.06500000	0.74581695	0.22031865
0.06600000	0.46081448	0.15929502
0.06700000	0.04684424	0.11687992
0.06800000	-0.36755660	0.10223917
0.06900000	-0.72228718	0.11737204
0.07000000	-0.87450784	0.16375493
0.07100000	-0.80305731	0.23403667
0.07200000	-0.53980070	0.30434915
0.07300000	-0.12152436	0.36494216
0.07400000	0.29533711	0.38822588
0.07500000	0.64942175	0.37063238
0.07600000	0.83507627	0.32671013
0.07700000	0.82295769	0.26248771
0.07800000	0.62592274	0.19540477
0.07900000	0.27549827	0.13542692
0.08000000	-0.14754552	0.10645300
0.08100000	-0.58160067	0.11312746
0.08200000	-0.83347684	0.14505413
0.08300000	-0.86857158	0.19712721
0.08400000	-0.69214445	0.26436391
0.08500000	-0.32714075	0.33707553
0.08600000	0.08372293	0.37500000
0.08700000	0.47954601	0.37257013
0.08800000	0.74975395	0.34617987
0.08900000	0.85266978	0.29955092
0.09000000	0.75190699	0.23557456
0.09100000	0.46502829	0.16409326
0.09200000	0.05939345	0.11721826
0.09300000	-0.40609622	0.10147022
0.09400000	-0.73363680	0.11906373
0.09500000	-0.87706077	0.16750738
0.09600000	-0.80324185	0.23163755
0.09700000	-0.52116144	0.30191928
0.09800000	-0.13327387	0.35448450
0.09900000	0.30373400	0.38173598
0.10000000	0.64403909	0.37312376
0.10100000	0.83590674	0.33012426
0.10200000	0.83049333	0.26565576
0.10300000	0.62958294	0.18873031
0.10400000	0.27432948	0.13336614
0.10500000	-0.18208662	0.10796013
0.10600000	-0.56782109	0.11103593
0.10700000	-0.82812500	0.14250124
0.10800000	-0.86863309	0.19771162
0.10900000	-0.68279403	0.26799336
0.11000000	-0.34679502	0.32935530
0.11100000	0.09144316	0.37296999
0.11200000	0.47840798	0.38173598
0.11300000	0.75559795	0.35448450
0.11400000	0.85190082	0.30191928
0.11500000	0.75326031	0.23163755
0.11600000	0.46828863	0.16735359
0.11700000	0.04032357	0.11829478
0.11800000	-0.37730685	0.10380782
0.11900000	-0.72477853	0.12619956
0.12000000	-0.87373894	0.17292076
0.12100000	-0.80290353	0.23711245
0.12200000	-0.53964692	0.30124262
0.12300000	-0.12078617	0.35577634
0.12400000	0.29303026	0.37921384
0.12500000	0.64044046	0.36832553
0.12600000	0.82621801	0.32747909
0.12700000	0.82138902	0.26264149
0.12800000	0.62435406	0.19555856
0.12900000	0.26667076	0.13619587
0.13000000	-0.15668061	0.10396162
0.13100000	-0.58467644	0.10337722
0.13200000	-0.83040106	0.13853346
0.13300000	-0.85943651	0.20457062
0.13400000	-0.68334770	0.27180734
0.13500000	-0.32557210	0.33055487
0.13600000	0.08529159	0.36540353
0.13700000	0.48837352	0.37084767
0.13800000	0.75873524	0.34464198
0.13900000	0.85497659	0.29072341
0.14000000	0.75098425	0.22659326
0.14100000	0.46410555	0.16175567
0.14200000	0.06173105	0.11783341
0.14300000	-0.39711490	0.10085507
0.14400000	-0.72447097	0.12137057
0.14500000	-0.87398499	0.17651944
0.14600000	-0.80634844	0.24064961
0.14700000	-0.53032726	0.30422613
0.14800000	-0.14225517	0.35371554
0.14900000	0.30139640	0.38158217
0.15000000	0.64477730	0.37312376
0.15100000	0.83606052	0.33012426
0.15200000	0.83049333	0.26580954
0.15300000	0.62958294	0.18949926
0.15400000	0.27432948	0.13090551
0.15500000	-0.18208662	0.09817913
0.15600000	-0.56782109	0.10420768
0.15700000	-0.82812500	0.14840674
0.15800000	-0.86863309	0.20976870
0.15900000	-0.68279403	0.27946603
0.16000000	-0.34694883	0.33756766
0.16100000	0.09067421	0.37512302
0.16200000	0.48089936	0.38096702
0.16300000	0.76537895	0.35433072
0.16400000	0.85842150	0.30191928
0.16500000	0.74581695	0.23163755
0.16600000	0.46081448	0.16735359
0.16700000	0.04684424	0.11829478
0.16800000	-0.36755660	0.10380782
0.16900000	-0.72228718	0.12619956
0.17000000	-0.87450784	0.17292076
0.17100000	-0.80305731	0.23711245
0.17200000	-0.53980070	0.30124262
0.17300000	-0.12152436	0.35577634
0.17400000	0.29533711	0.37921384
0.17500000	0.64942175	0.36832553
0.17600000	0.83523005	0.32747909
0.17700000	0.82372659	0.26264149
0.17800000	0.62358516	0.19555856
0.17900000	0.26651698	0.13619587
0.18000000	-0.15652682	0.10396162
0.18100000	-0.58390749	0.10337722
0.18200000	-0.83270794	0.13853346
0.18300000	-0.86838704	0.20457062
0.18400000	-0.69229823	0.27165353
0.18499999	-0.32790971	0.32978591
0.18599999	0.08606053	0.36771038
0.18699999	0.48852730	0.37982899
0.18799999	0.75858146	0.35362327
0.18899999	0.85420769	0.29306102
0.18999999	0.75347567	0.22582431
0.19099999	0.47388655	0.16160187
0.19199999	0.06840551	0.11798720
0.19299999	-0.40378937	0.10162401
0.19399999	-0.73440576	0.11906373
0.19499999	-0.87721455	0.16750738
0.19599999	-0.80324185	0.23163755
0.19699999	-0.52116144	0.30191928
0.19799999	-0.13327387	0.35448450
0.19899999	0.30373400	0.38173598
0.19999999	0.64403909	0.37312376
0.20099999	0.83590674	0.33012426
0.20199999	0.83049333	0.26580954
0.20299999	0.62958294	0.18949926
0.20399999	0.27432948	0.13105930
0.20499999	-0.18208662	0.09894808
0.20599999	-0.56782109	0.10202387
0.20699999	-0.82812500	0.14019439
0.20799999	-0.86863309	0.19844981
0.20899999	-0.68279403	0.26814714
0.20999999	-0.34694883	0.32950911
0.21099999	0.09067421	0.37370816
0.21199999	0.48089936	0.37942913
0.21299999	0.76537895	0.34547243
0.21399999	0.85857528	0.29290724
0.21499999	0.74658585	0.22933070
0.21599999	0.45850763	0.16812254
0.21699999	0.03786294	0.11844857
0.21799999	-0.37656865	0.10380782
0.21899999	-0.72462475	0.12619956
0.21999999	-0.87373894	0.17292076
0.22099999	-0.80290353	0.23711245
0.22199999	-0.53964692	0.30124262
0.22299999	-0.12078617	0.35577634
0.22399999	0.29303026	0.37921384
0.22499999	0.64044046	0.36832553
0.22599999	0.82621801	0.32747909
0.22699999	0.82138902	0.26264149
0.22799999	0.62435406	0.19555856
0.22899999	0.26667076	0.13619587
0.22999999	-0.15668061	0.10396162
0.23099999	-0.58467644	0.10337722
0.23199999	-0.83040106	0.13853346
0.23299999	-0.85943651	0.20457062
0.23399999	-0.68334770	0.27165353
0.23499999	-0.32557210	0.32978591
0.23599999	0.08529159	0.36771038
0.23699999	0.48837352	0.37982899
0.23799999	0.75873524	0.35362327
0.23899999	0.85497659	0.29306102
0.23999999	0.75098425	0.22582431
0.24099999	0.46410555	0.16160187
0.24199999	0.06173105	0.11798720
0.24299999	-0.39711490	0.10162401
0.24399999	-0.72462475	0.11906373
0.24499999	-0.87475395	0.16750738
0.24599999	-0.80401081	0.23163755
0.24699999	-0.52134597	0.30191928
0.24799999	-0.13327387	0.35448450
0.24899999	0.30373400	0.38173598
0.24999999	0.64403909	0.37296999
0.25099999	0.83590674	0.32935530
0.25199999	0.83049333	0.26799336
0.25299999	0.62958294	0.19771162
0.25399999	0.27417567	0.14234744
0.25499999	-0.18282481	0.11026698
0.25599999	-0.56551427	0.11011319
0.25699999	-0.81911296	0.14157850
0.25799999	-0.85965180	0.20001845
0.25899999	-0.68048722	0.27697465
0.25999999	-0.34771776	0.33849040
0.26099999	0.09052042	0.37604576
0.26199999	0.48089936	0.37866017
0.26299999	0.76537895	0.34531865
0.26399999	0.85842150	0.29290724
0.26499999	0.74581695	0.22933070
0.26599999	0.46081448	0.16812254
0.26699999	0.04684424	0.11844857
0.26799999	-0.36755660	0.10380782
0.26899999	-0.72228718	0.12619956
0.26999999	-0.87450784	0.17292076
0.27099999	-0.80305731	0.23711245
0.27199999	-0.53980070	0.30124262
0.27299999	-0.12152436	0.35577634
0.27399999	0.29533711	0.37921384
0.27499999	0.64942175	0.36832553
0.27599999	0.83523005	0.32747909
0.27699999	0.82372659	0.26264149
0.27799999	0.62358516	0.19555856
0.27899999	0.26651698	0.13619587
0.27999999	-0.15652682	0.10396162
0.28099999	-0.58390749	0.10337722
0.28199999	-0.83270794	0.13837968
0.28299999	-0.86838704	0.20380168
0.28399999	-0.69245201	0.27411416
0.28499999	-0.32864788	0.33953616
0.28599999	0.08836737	0.37423104
0.28699999	0.49750862	0.37241635
0.28799999	0.76771653	0.34617987
0.28899999	0.85728347	0.29955092
0.28999999	0.75021529	0.23557456
0.29099999	0.46395177	0.16409326
0.29199999	0.06173105	0.11721826
0.29299999	-0.39711490	0.10147022
0.29399999	-0.72462475	0.11890994
0.29499999	-0.87475395	0.16673844
0.29599999	-0.80385703	0.23397514
0.29699999	-0.52057701	0.31090060
0.29799999	-0.13558070	0.36346579
0.29899999	0.29475272	0.38407359
0.29999999	0.63505781	0.37235484
0.30099999	0.83356917	0.32993972
0.30199999	0.83126229	0.26580954
0.30299999	0.62973672	0.18949926
0.30399999	0.27417567	0.13105930
0.30499999	-0.18282481	0.09894808
0.30599999	-0.56551427	0.10187007
0.30699999	-0.81911296	0.13942544
0.30799999	-0.85965180	0.20078740
0.30899999	-0.68048722	0.27712846
0.30999999	-0.34756398	0.33833662
0.31099999	0.09125862	0.37527683
0.31199999	0.47840798	0.38096702
0.31299999	0.75559795	0.35433072
0.31399999	0.85174704	0.30191928
0.31499999	0.75252217	0.23163755
0.31599999	0.47074926	0.16735359
0.31699999	0.05010458	0.11829478
0.31799999	-0.37063238	0.10380782
0.31899999	-0.73145300	0.12619956
0.31999999	-0.88351995	0.17292076
0.32099999	-0.80539495	0.23711245
0.32199999	-0.53903174	0.30124262
0.32299999	-0.12137057	0.35577634
0.32399999	0.29533711	0.37921384
0.32499999	0.64942175	0.36832553
0.32599999	0.83523005	0.32747909
0.32699999	0.82372659	0.26264149
0.32799999	0.62343132	0.19540477
0.32899999	0.26574802	0.13542692
0.32999999	-0.15421999	0.10629921
0.33099999	-0.57492620	0.11235851
0.33199999	-0.82372659	0.14751476
0.33299999	-0.86608022	0.20687746
0.33399999	-0.69306719	0.27088460
0.33499999	-0.32806349	0.32963213
0.33599999	0.08606053	0.36771038
0.33699999	0.48852730	0.37982899
0.33799999	0.75858146	0.35362327
0.33899999	0.85420769	0.29306102
0.33999999	0.75329107	0.22582431
0.34099999	0.47311762	0.16160187
0.34199999	0.07055856	0.11798720
0.34299999	-0.39554626	0.10162401
0.34399999	-0.72308683	0.11906373
0.34499999	-0.86592644	0.16750738
0.34599999	-0.79506028	0.23163755
0.34699999	-0.51900834	0.30191928
0.34799999	-0.13404281	0.35463828
0.34899999	0.30358022	0.38250491
0.34999999	0.64403909	0.37063238
0.35099999	0.83590674	0.32034326
0.35199999	0.83049333	0.25913510
0.35299999	0.62958294	0.19614296
0.35399999	0.27417567	0.14080955
0.35499999	-0.18282481	0.10140871
0.35599999	-0.56551427	0.10125492
0.35699999	-0.81911296	0.14004061
0.35799999	-0.85965180	0.19844981
0.35899999	-0.68048722	0.26814714
0.35999999	-0.34771776	0.32950911
0.36099999	0.09052042	0.37370816
0.36199999	0.48089936	0.37942913
0.36299999	0.76537895	0.34547243
0.36399999	0.85842150	0.29290724
0.36499999	0.74581695	0.22933070
0.36599999	0.46081448	0.16812254
0.36699999	0.04684424	0.11844857
0.36799999	-0.36755660	0.10380782
0.36899999	-0.72228718	0.12619956
0.36999999	-0.87450784	0.17292076
0.37099999	-0.80305731	0.23711245
0.37199999	-0.53964692	0.30124262
0.37299999	-0.12078617	0.35577634
0.37399999	0.29303026	0.37921384
0.37499999	0.64044046	0.36832553
0.37599999	0.82621801	0.32747909
0.37699999	0.82138902	0.26264149
0.37799999	0.62435406	0.19540477
0.37899999	0.26667076	0.13542692
0.37999999	-0.15652682	0.10629921
0.38099999	-0.58390749	0.11235851
0.38199999	-0.83270794	0.14736098
0.38299999	-0.86838704	0.20610851
0.38399999	-0.69229823	0.27319142
0.38499999	-0.32790971	0.33864421
0.38599999	0.08606053	0.37672243
0.38699999	0.48852730	0.38213584
0.38799999	0.75858146	0.35285434
0.38899999	0.85420769	0.29287648
0.38999999	0.75329107	0.22582431
0.39099999	0.47311762	0.16160187
0.39199999	0.07071235	0.11798720
0.39299999	-0.39480808	0.10162401
0.39399999	-0.72539371	0.11906373
0.39499999	-0.87490773	0.16750738
0.39599999	-0.80401081	0.23163755
0.39699999	-0.52134597	0.30191928
0.39799999	-0.13327387	0.35448450
0.39899999	0.30373400	0.38173598
0.39999999	0.64403909	0.37312376
0.40099999	0.83590674	0.33012426
0.40199999	0.83064717	0.26565576
0.40299999	0.63035184	0.18873031
0.40399999	0.27199188	0.13336614
0.40499999	-0.19106792	0.10796013
0.40599999	-0.57683319	0.11103593
0.40699999	-0.83043182	0.14250124
0.40799999	-0.86786419	0.19771162
0.40899999	-0.68264025	0.26799336
0.40999999	-0.34679502	0.32950911
0.41099999	0.09144316	0.37370816
0.41199999	0.47840798	0.37958291
0.41299999	0.75559795	0.34624138
0.41399999	0.85174704	0.29060039
0.41499999	0.75252217	0.22031865
0.41599999	0.47059548	0.15911049
0.41699999	0.04933563	0.11611097
0.41799999	-0.36832553	0.10457677
0.41899999	-0.72244096	0.12638411
0.41999999	-0.87450784	0.17292076
0.42099999	-0.80305731	0.23711245
0.42199999	-0.53980070	0.30124262
0.42299999	-0.12152436	0.35577634
0.42399999	0.29533711	0.37921384
0.42499999	0.64942175	0.36832553
0.42599999	0.83523005	0.32747909
0.42699999	0.82372659	0.26264149
0.42799999	0.62358516	0.19540477
0.42899999	0.26651698	0.13542692
0.42999999	-0.15668061	0.10629921
0.43099999	-0.58467644	0.11235851
0.43199999	-0.83040106	0.14736098
0.43299999	-0.85943651	0.20610851
0.43399999	-0.68334770	0.27319142
0.43499999	-0.32557210	0.33864421
0.43599999	0.08529159	0.37672243
0.43699999	0.48837352	0.38213584
0.43799999	0.75873524	0.35285434
0.43899999	0.85497659	0.29287648
0.43999999	0.75098425	0.22582431
0.44099999	0.46410555	0.16160187
0.44199999	0.06173105	0.11783341
0.44299999	-0.39711490	0.10085507
0.44399999	-0.72462475	0.12137057
0.44499999	-0.87475395	0.17651944
0.44599999	-0.80401081	0.24064961
0.44699999	-0.52134597	0.30422613
0.44799999	-0.13327387	0.35371554
0.44899999	0.30373400	0.38158217
0.44999999	0.64403909	0.37312376
0.45099999	0.83590674	0.33012426
0.45199999	0.83049333	0.26580954
0.45299999	0.62958294	0.18949926
0.45399999	0.27417567	0.13105930
0.45499999	-0.18282481	0.09894808
0.45599999	-0.56551427	0.10202387
0.45699999	-0.81911296	0.14019439
0.45799999	-0.85980558	0.19844981
0.45899999	-0.68125618	0.26814714
0.45999999	-0.34541091	0.32950911
0.46099999	0.09950172	0.37370816
0.46199999	0.48972687	0.37942913
0.46299999	0.76691681	0.34547243
0.46399999	0.85999018	0.29290724
0.46499999	0.75467521	0.22933070
0.46599999	0.46982652	0.16812254
0.46699999	0.04918184	0.11844857
0.46799999	-0.36832553	0.10380782
0.46899999	-0.72244096	0.12619956
0.46999999	-0.87450784	0.17292076
0.47099999	-0.80305731	0.23711245
0.47199999	-0.53980070	0.30124262
0.47299999	-0.12152436	0.35577634
0.47399999	0.29533711	0.37921384
0.47499999	0.64942175	0.36832553
0.47599999	0.83507627	0.32747909
0.47699999	0.82295769	0.26264149
0.47799999	0.62592274	0.19555856
0.47899999	0.27549827	0.13619587
0.47999999	-0.14754552	0.10396162
0.48099999	-0.58160067	0.10337722
0.48199999	-0.83347684	0.13837968
0.48299999	-0.86857158	0.20380168
0.48399999	-0.69229823	0.27396038
0.48499999	-0.32790971	0.33879799
0.48599999	0.08606053	0.37672243
0.48699999	0.48852730	0.38213584
0.48799999	0.75858146	0.35285434
0.48899999	0.85420769	0.29287648
0.48999999	0.75347567	0.22582431
0.49099999	0.47388655	0.16160187
0.49199999	0.06840551	0.11783341
0.49299999	-0.40378937	0.10085507
0.49399999	-0.73440576	0.12137057
0.49499999	-0.87721455	0.17651944
0.49599999	-0.80324185	0.24064961
0.49699999	-0.52116144	0.30422613
0.49799999	-0.13327387	0.35386935
0.49899999	0.30373400	0.38235113
0.49999999	0.64403909	0.37063238
0.50099999	0.83590674	0.32034326
0.50199999	0.83049333	0.25913510
0.50299999	0.62958294	0.19614296
0.50399999	0.27417567	0.14080955
0.50499999	-0.18282481	0.10140871
0.50599999	-0.56551427	0.10125492
0.50699999	-0.81911296	0.14004061
0.50799999	-0.85965180	0.19844981
0.50899999	-0.68048722	0.26814714
0.50999999	-0.34771776	0.32935530
0.51099999	0.09052042	0.37296999
0.51199999	0.48074558	0.38173598
0.51299999	0.76460999	0.35448450
0.51399999	0.86072832	0.30191928
0.51499999	0.75482899	0.23163755
0.51599999	0.46982652	0.16750738
0.51699999	0.04918184	0.11906373
0.51799999	-0.36847934	0.10147022
0.51899999	-0.72320992	0.11721826
0.51999999	-0.87220103	0.16393946
0.52099999	-0.79410678	0.23480561
0.52199999	-0.53066558	0.30201155
0.52299999	-0.11844857	0.35593012
0.52399999	0.29226133	0.37921384
0.52499999	0.64028668	0.36832553
0.52599999	0.82621801	0.32747909
0.52699999	0.82138902	0.26264149
0.52799999	0.62435406	0.19555856
0.52899999	0.26667076	0.13619587
0.52999999	-0.15652682	0.10396162
0.53099999	-0.58390749	0.10337722
0.53199999	-0.83270794	0.13837968
0.53299999	-0.86838704	0.20380168
0.53399999	-0.69229823	0.27396038
0.53499999	-0.32790971	0.33879799
0.53599999	0.08606053	0.37672243
0.53699999	0.48852730	0.38213584
0.53799999	0.75873524	0.35285434
0.53899998	0.85497659	0.29287648
0.53999998	0.75098425	0.22582431
0.54099998	0.46410555	0.16160187
0.54199998	0.06157726	0.11798720
0.54299998	-0.39788386	0.10162401
0.54399998	-0.72231793	0.11906373
0.54499998	-0.86577260	0.16750738
0.54599998	-0.79506028	0.23163755
0.54699998	-0.51900834	0.30191928
0.54799998	-0.13404281	0.35448450
0.54899998	0.30358022	0.38173598
0.54999998	0.64403909	0.37312376
0.55099998	0.83590674	0.33012426
0.55199998	0.83049333	0.26565576
0.55299998	0.62958294	0.18873031
0.55399998	0.27417567	0.13336614
0.55499998	-0.18282481	0.10796013
0.55599998	-0.56551427	0.11103593
0.55699998	-0.81911296	0.14250124
0.55799998	-0.85980558	0.19771162
0.55899998	-0.68125618	0.26799336
0.55999998	-0.34525713	0.32950911
0.56099998	0.10027067	0.37370816
0.56199998	0.48757380	0.37942913
0.56299998	0.75870448	0.34547243
0.56399998	0.84867126	0.29290724
0.56499998	0.74335629	0.22933070
0.56599998	0.46158341	0.16812254
0.56699998	0.04699803	0.11844857
0.56799998	-0.36755660	0.10380782
0.56899998	-0.72228718	0.12619956
0.56999998	-0.87450784	0.17292076
0.57099998	-0.80305731	0.23711245
0.57199998	-0.53964692	0.30124262
0.57299998	-0.12078617	0.35577634
0.57399998	0.29303026	0.37921384
0.57499998	0.64044046	0.36832553
0.57599998	0.82621801	0.32747909
0.57699998	0.82138902	0.26264149
0.57799998	0.62435406	0.19540477
0.57899998	0.26667076	0.13542692
0.57999998	-0.15652682	0.10629921
0.58099998	-0.58390749	0.11235851
0.58199998	-0.83270794	0.14736098
0.58299998	-0.86838704	0.20610851
0.58399998	-0.69229823	0.27319142
0.58499998	-0.32790971	0.33864421
0.58599998	0.08606053	0.37672243
0.58699998	0.48852730	0.38213584
0.58799998	0.75873524	0.35285434
0.58899998	0.85497659	0.29287648
0.58999998	0.75098425	0.22582431
0.59099998	0.46410555	0.16160187
0.59199998	0.06173105	0.11798720
0.59299998	-0.39711490	0.10162401
0.59399998	-0.72462475	0.11906373
0.59499998	-0.87475395	0.16750738
0.59599998	-0.80401081	0.23163755
0.59699998	-0.52134597	0.30191928
0.59799998	-0.13327387	0.35448450
0.59899998	0.30373400	0.38173598
0.59999998	0.64388531	0.37312376
0.60099998	0.83513778	0.33012426
0.60199998	0.83283097	0.26565576
0.60299998	0.63856423	0.18873031
0.60399998	0.28315699	0.13336614
0.60499998	-0.18051796	0.10796013
0.60599998	-0.56628323	0.11088213
0.60699998	-0.81926674	0.14173228
0.60799998	-0.85965180	0.20001845
0.60899998	-0.68048722	0.27697465
0.60999998	-0.34771776	0.33849040
0.61099998	0.09052042	0.37604576
0.61199998	0.48074558	0.37866017
0.61299998	0.76460999	0.34531865
0.61399998	0.86072832	0.29290724
0.61499998	0.75482899	0.22933070
0.61599998	0.46982652	0.16812254
0.61699998	0.04918184	0.11844857
0.61799998	-0.36832553	0.10380782
0.61899998	-0.72244096	0.12619956
0.61999998	-0.87450784	0.17292076
0.62099998	-0.80305731	0.23711245
0.62199998	-0.53980070	0.30124262
0.62299998	-0.12152436	0.35577634
0.62399998	0.29533711	0.37921384
0.62499998	0.64942175	0.36832553
0.62599998	0.83523005	0.32747909
0.62699998	0.82372659	0.26264149
0.62799998	0.62343132	0.19555856
0.62899998	0.26574802	0.13619587
0.62999998	-0.15421999	0.10414616
0.63099998	-0.57492620	0.10414616
0.63199998	-0.82372659	0.13604207
0.63299998	-0.86608022	0.19478962
0.63399998	-0.69306719	0.26494834
0.63499998	-0.32806349	0.33646038
0.63599998	0.08606053	0.37746063
0.63699998	0.48852730	0.38228962
0.63799998	0.75873524	0.35285434
0.63899998	0.85497659	0.29287648
0.63999998	0.75098425	0.22582431
0.64099998	0.46410555	0.16160187
0.64199998	0.06173105	0.11798720
0.64299998	-0.39711490	0.10162401
0.64399998	-0.72462475	0.11906373
0.64499998	-0.87475395	0.16750738
0.64599998	-0.80401081	0.23163755
0.64699998	-0.52134597	0.30191928
0.64799998	-0.13327387	0.35463828
0.64899998	0.30373400	0.38250491
0.64999998	0.64403909	0.37078616
0.65099998	0.83590674	0.32111222
0.65199998	0.83049333	0.25682825
0.65299998	0.62958294	0.18716167
0.65399998	0.27432948	0.13167445
0.65499998	-0.18208662	0.09833292
0.65599998	-0.56782109	0.10420768
0.65699998	-0.82812500	0.14840674
0.65799998	-0.86863309	0.20992249
0.65899998	-0.68279403	0.28020424
0.65999998	-0.34679502	0.33541462
0.66099998	0.09144316	0.36687991
0.66199998	0.47856176	0.36980191
0.66299998	0.75636685	0.34378076
0.66399998	0.84940946	0.29136935
0.66499998	0.74351007	0.22047244
0.66599998	0.46158341	0.15911049
0.66699998	0.04699803	0.11611097
0.66799998	-0.36755660	0.10457677
0.66899998	-0.72228718	0.12638411
0.66999998	-0.87450784	0.17292076
0.67099998	-0.80305731	0.23711245
0.67199998	-0.53980070	0.30124262
0.67299998	-0.12152436	0.35577634
0.67399998	0.29533711	0.37921384
0.67499998	0.64942175	0.36832553
0.67599998	0.83523005	0.32747909
0.67699998	0.82372659	0.26264149
0.67799998	0.62358516	0.19540477
0.67899998	0.26651698	0.13542692
0.67999998	-0.15652682	0.10629921
0.68099998	-0.58390749	0.11235851
0.68199998	-0.83270794	0.14736098
0.68299998	-0.86838704	0.20610851
0.68399998	-0.69229823	0.27319142
0.68499998	-0.32790971	0.33864421
0.68599998	0.08621432	0.37672243
0.68699998	0.48929626	0.38213584
0.68799998	0.75627458	0.35285434
0.68899998	0.84522635	0.29287648
0.68999998	0.74434054	0.22582431
0.69099998	0.47081077	0.16160187
0.69199998	0.07148130	0.11783341
0.69299998	-0.39462352	0.10085507
0.69399998	-0.72539371	0.12137057
0.69499998	-0.87490773	0.17651944
0.69599998	-0.80385703	0.24064961
0.69699998	-0.52057701	0.30422613
0.69799998	-0.13558070	0.35371554
0.69899998	0.29475272	0.38158217
0.69999998	0.63505781	0.37312376
0.70099998	0.83356917	0.33012426
0.70199998	0.83126229	0.26580954
0.70299998	0.62973672	0.18949926
0.70399998	0.27417567	0.13090551
0.70499998	-0.18282481	0.09817913
0.70599998	-0.56551427	0.10436147
0.70699998	-0.81911296	0.14917569
0.70799998	-0.85980558	0.20746186
0.70899998	-0.68125618	0.27045399
0.70999998	-0.34541091	0.32858637
0.71099998	0.09950172	0.37278542
0.71199998	0.48972687	0.38173598
0.71299998	0.76691681	0.35448450
0.71399998	0.86014396	0.30191928
0.71499998	0.75544417	0.23163755
0.71599998	0.46751967	0.16735359
0.71699998	0.04016978	0.11829478
0.71799998	-0.37730685	0.10380782
0.71899998	-0.72477853	0.12619956
0.71999998	-0.87373894	0.17292076
0.72099998	-0.80290353	0.23711245
0.72199998	-0.53964692	0.30124262
0.72299998	-0.12078617	0.35577634
0.72399998	0.29303026	0.37921384
0.72499998	0.64044046	0.36832553
0.72599998	0.82621801	0.32747909
0.72699998	0.82138902	0.26264149
0.72799998	0.62435406	0.19540477
0.72899998	0.26667076	0.13542692
0.72999998	-0.15652682	0.10629921
0.73099998	-0.58390749	0.11235851
0.73199998	-0.83270794	0.14736098
0.73299998	-0.86838704	0.20610851
0.73399998	-0.69229823	0.27319142
0.73499998	-0.32790971	0.33864421
0.73599998	0.08606053	0.37672243
0.73699998	0.48852730	0.38213584
0.73799998	0.75873524	0.35285434
0.73899998	0.85497659	0.29287648
0.73999998	0.75098425	0.22582431
0.74099998	0.46410555	0.16160187
0.74199998	0.06157726	0.11798720
0.74299998	-0.39788386	0.10162401
0.74399998	-0.72231793	0.11890994
0.74499998	-0.86577260	0.16673844
0.74599998	-0.79506028	0.23397514
0.74699998	-0.51900834	0.31090060
0.74799998	-0.13404281	0.36346579
0.74899998	0.30358022	0.38407359
0.74999998	0.64403909	0.37235484
0.75099998	0.83590674	0.32993972
0.75199998	0.83049333	0.26565576
0.75299998	0.62958294	0.18873031
0.75399998	0.27432948	0.13336614
0.75499998	-0.18208662	0.10796013
0.75599998	-0.56782109	0.11103593
0.75699998	-0.82812500	0.14250124
0.75799998	-0.86863309	0.19771162
0.75899998	-0.68279403	0.26799336
0.75999998	-0.34694883	0.32935530
0.76099998	0.09067421	0.37296999
0.76199998	0.48089936	0.38188976
0.76299998	0.76537895	0.35525346
0.76399998	0.85842150	0.29958171
0.76499998	0.74581695	0.22265625
0.76599998	0.46081448	0.15852608
0.76699998	0.04684424	0.11672613
0.76799998	-0.36755660	0.10223917
0.76899998	-0.72228718	0.11737204
0.76999998	-0.87450784	0.16393946
0.77099998	-0.80305731	0.23480561
0.77199998	-0.53980070	0.30201155
0.77299998	-0.12152436	0.35593012
0.77399998	0.29533711	0.37921384
0.77499998	0.64942175	0.36832553
0.77599998	0.83523005	0.32747909
0.77699998	0.82372659	0.26264149
0.77799998	0.62343132	0.19555856
0.77899998	0.26574802	0.13619587
0.77999998	-0.15421999	0.10396162
0.78099998	-0.57492620	0.10337722
0.78199998	-0.82372659	0.13837968
0.78299998	-0.86608022	0.20380168
0.78399998	-0.69306719	0.27411416
0.78499998	-0.32806349	0.33953616
0.78599998	0.08606053	0.37438485
0.78699998	0.48852730	0.37318528
0.78799998	0.75858146	0.34387302
0.78899998	0.85420769	0.29056963
0.78999998	0.75329107	0.22659326
0.79099998	0.47311762	0.16175567
0.79199998	0.07071235	0.11798720
0.79299998	-0.39480808	0.10162401
0.79399998	-0.72539371	0.11906373
0.79499998	-0.87490773	0.16750738
0.79599998	-0.80401081	0.23163755
0.79699998	-0.52134597	0.30191928
0.79799998	-0.13327387	0.35448450
0.79899998	0.30373400	0.38173598
0.79999998	0.64388531	0.37312376
0.80099998	0.83513778	0.33012426
0.80199998	0.83298475	0.26580954
0.80299998	0.63933319	0.18949926
0.80399998	0.28100392	0.13105930
0.80499998	-0.18876107	0.09894808
0.80599998	-0.57760209	0.10202387
0.80699998	-0.83058560	0.14019439
0.80799998	-0.86801797	0.19844981
0.80899998	-0.68340921	0.26814714
0.80999998	-0.34464198	0.32950911
0.81099998	0.09965551	0.37370816
0.81199998	0.48972687	0.37942913
0.81299998	0.76691681	0.34547243
0.81399998	0.85999018	0.29290724
0.81499998	0.75467521	0.22933070
0.81599998	0.46982652	0.16812254
0.81699998	0.04918184	0.11844857
0.81799998	-0.36832553	0.10380782
0.81899998	-0.72244096	0.12619956
0.81999998	-0.87450784	0.17292076
0.82099998	-0.80305731	0.23711245
0.82199998	-0.53964692	0.30139640
0.82299998	-0.12078617	0.35654527
0.82399998	0.29303026	0.37690699
0.82499998	0.64044046	0.35931349
0.82599998	0.82621801	0.31862080
0.82699998	0.82138902	0.26107284
0.82799998	0.62435406	0.19402067
0.82899998	0.26667076	0.12739912
0.82999998	-0.15668061	0.09501107
0.83099998	-0.58467644	0.10103962
0.83199998	-0.83040106	0.13911787
0.83299998	-0.85943651	0.20395546
0.83399998	-0.68334770	0.27396038
0.83499998	-0.32557210	0.33879799
0.83599998	0.08529159	0.37672243
0.83699998	0.48837352	0.38213584
0.83799998	0.75873524	0.35285434
0.83899998	0.85497659	0.29287648
0.83999998	0.75098425	0.22582431
0.84099998	0.46410555	0.16160187
0.84199998	0.06173105	0.11783341
0.84299998	-0.39711490	0.10085507
0.84399998	-0.72462475	0.12137057
0.84499998	-0.87475395	0.17651944
0.84599998	-0.80401081	0.24064961
0.84699998	-0.52134597	0.30422613
0.84799998	-0.13327387	0.35386935
0.84899998	0.30373400	0.38235113
0.84999998	0.64403909	0.37078616
0.85099998	0.83590674	0.32111222
0.85199998	0.83049333	0.25682825
0.85299998	0.62958294	0.18716167
0.85399998	0.27417567	0.13182825
0.85499998	-0.18282481	0.09910187
0.85599998	-0.56536049	0.10187007
0.85699998	-0.81837475	0.13942544
0.85799998	-0.86211246	0.20078740
0.85899998	-0.69020671	0.27712846
0.85999998	-0.35420766	0.33849040
0.86099998	0.09796382	0.37604576
0.86199998	0.48834276	0.37866017
0.86299998	0.75885826	0.34531865
0.86399998	0.84867126	0.29290724
0.86499998	0.74335629	0.22933070
0.86599998	0.46158341	0.16812254
0.86699998	0.04699803	0.11844857
0.86799998	-0.36755660	0.10380782
0.86899998	-0.72228718	0.12619956
0.86999998	-0.87450784	0.17292076
0.87099998	-0.80305731	0.23711245
0.87199998	-0.53980070	0.30124262
0.87299998	-0.12152436	0.35577634
0.87399998	0.29533711	0.37921384
0.87499998	0.64942175	0.36832553
0.87599998	0.83523005	0.32747909
0.87699998	0.82372659	0.26264149
0.87799998	0.62358516	0.19540477
0.87899998	0.26651698	0.13542692
0.87999998	-0.15652682	0.10629921
0.88099998	-0.58390749	0.11235851
0.88199998	-0.83270794	0.14736098
0.88299998	-0.86838704	0.20610851
0.88399998	-0.69229823	0.27319142
0.88499998	-0.32790971	0.33864421
0.88599998	0.08621432	0.37672243
0.88699998	0.48929626	0.38213584
0.88799998	0.75627458	0.35285434
0.88899998	0.84522635	0.29287648
0.88999998	0.74434054	0.22582431
0.89099998	0.47081077	0.16160187
0.89199997	0.07132751	0.11798720
0.89299997	-0.39539248	0.10162401
0.89399997	-0.72308683	0.11906373
0.89499997	-0.86592644	0.16750738
0.89599997	-0.79506028	0.23163755
0.89699997	-0.51900834	0.30191928
0.89799997	-0.13388902	0.35463828
0.89899997	0.30431840	0.38250491
0.89999997	0.64170152	0.37078616
0.90099997	0.82689470	0.32111222
0.90199997	0.82151204	0.25667447
0.90299997	0.62724531	0.18639271
0.90399997	0.27494463	0.13413508
0.90499997	-0.18267101	0.10811393
0.90599997	-0.56551427	0.11103593
0.90699997	-0.81911296	0.14250124
0.90799997	-0.85980558	0.19771162
0.90899997	-0.68125618	0.26799336
0.90999997	-0.34541091	0.32950911
0.91099997	0.09950172	0.37370816
0.91199997	0.48972687	0.37942913
0.91299997	0.76691681	0.34547243
0.91399997	0.86014396	0.29290724
0.91499997	0.75544417	0.22933070
0.91599997	0.46751967	0.16827632
0.91699997	0.04016978	0.11921752
0.91799997	-0.37730685	0.10147022
0.91899997	-0.72477853	0.11721826
0.91999997	-0.87373894	0.16393946
0.92099997	-0.80290353	0.23480561
0.92199997	-0.53980070	0.30201155
0.92299997	-0.12152436	0.35593012
0.92399997	0.29518330	0.37921384
0.92499997	0.64865279	0.36832553
0.92599997	0.83753693	0.32747909
0.92699997	0.83267719	0.26264149
0.92799997	0.63256645	0.19540477
0.92899997	0.26882383	0.13542692
0.92999997	-0.15729576	0.10629921
0.93099997	-0.58406126	0.11235851
0.93199997	-0.83270794	0.14736098
0.93299997	-0.86838704	0.20610851
0.93399997	-0.69229823	0.27319142
0.93499997	-0.32790971	0.33864421
0.93599997	0.08606053	0.37672243
0.93699997	0.48852730	0.38213584
0.93799997	0.75873524	0.35285434
0.93899997	0.85497659	0.29287648
0.93999997	0.75098425	0.22582431
0.94099997	0.46410555	0.16160187
0.94199997	0.06173105	0.11798720
0.94299997	-0.39711490	0.10162401
0.94399997	-0.72447097	0.11906373
0.94499997	-0.87398499	0.16750738
0.94599997	-0.80634844	0.23163755
0.94699997	-0.53032726	0.30191928
0.94799997	-0.14225517	0.35448450
0.94899997	0.30139640	0.38173598
0.94999997	0.64477730	0.37312376
0.95099997	0.83606052	0.33012426
0.95199997	0.83049333	0.26580954
0.95299997	0.62958294	0.18949926
0.95399997	0.27417567	0.13105930
0.95499997	-0.18282481	0.09894808
0.95599997	-0.56536049	0.10202387
0.95699997	-0.81837475	0.14019439
0.95799997	-0.86211246	0.19844981
0.95899997	-0.69020671	0.26814714
0.95999997	-0.35420766	0.32950911
0.96099997	0.09796382	0.37370816
0.96199997	0.48818898	0.37958291
0.96299997	0.75808930	0.34624138
0.96399997	0.85097808	0.29060039
0.96499997	0.75233757	0.22031865
0.96599997	0.47059548	0.15911049
0.96699997	0.04933563	0.11611097
0.96799997	-0.36832553	0.10457677
0.96899997	-0.72244096	0.12638411
0.96999997	-0.87450784	0.17292076
0.97099997	-0.80305731	0.23711245
0.97199997	-0.53980070	0.30124262
0.97299997	-0.12152436	0.35577634
0.97399997	0.29533711	0.37921384
0.97499997	0.64942175	0.36832553
0.97599997	0.83523005	0.32747909
0.97699997	0.82372659	0.26264149
0.97799997	0.62358516	0.19555856
0.97899997	0.26651698	0.13619587
0.97999997	-0.15652682	0.10396162
0.98099997	-0.58390749	0.10337722
0.98199997	-0.83270794	0.13837968
0.98299997	-0.86838704	0.20380168
0.98399997	-0.69229823	0.27396038
0.98499997	-0.32790971	0.33879799
0.98599997	0.08621432	0.37672243
0.98699997	0.48929626	0.38213584
0.98799997	0.75627458	0.35300812
0.98899997	0.84522635	0.29364541
0.98999997	0.74434054	0.22351746
0.99099997	0.47081077	0.15262057
0.99199997	0.07148130	0.10897515
0.99299997	-0.39462352	0.09931718
0.99399997	-0.72539371	0.11983268
0.99499997	-0.87490773	0.16766118
0.99599997	-0.80401081	0.23163755
0.99699997	-0.52134597	0.30191928
0.99799997	-0.13312007	0.35463828
0.99899997	0.30450296	0.38250491
0.99999997	0.64170152	0.37078616
1.00099997	0.82689470	0.32111222
1.00199997	0.82151204	0.25682825
1.00299997	0.62724531	0.18716167
1.00399997	0.27494463	0.13182825
1.00499997	-0.18267101	0.09910187
1.00599997	-0.56551427	0.10202387
1.00699997	-0.81911296	0.14019439
1.00799997	-0.85965180	0.19844981
1.00899997	-0.68048722	0.26814714
1.00999997	-0.34771776	0.32950911
1.01099997	0.09052042	0.37370816
1.01199997	0.48074558	0.37942913
1.01299997	0.76460999	0.34547243
1.01399997	0.86088210	0.29290724
1.01499997	0.75559795	0.22933070
1.01599997	0.46751967	0.16827632
1.01699997	0.04016978	0.11921752
1.01799997	-0.37749138	0.10147022
1.01899997	-0.72554749	0.11721826
1.01999997	-0.87143207	0.16393946
1.02099997	-0.79395300	0.23480561
1.02199997	-0.53066558	0.30201155
1.02299997	-0.11844857	0.35593012
1.02399997	0.29226133	0.37921384
1.02499997	0.64028668	0.36832553
1.02599997	0.82621801	0.32747909
1.02699997	0.82138902	0.26264149
1.02799997	0.62435406	0.19555856
1.02899997	0.26667076	0.13619587
1.02999997	-0.15668061	0.10396162
1.03099997	-0.58467644	0.10337722
1.03199997	-0.83040106	0.13853346
1.03299997	-0.85943651	0.20457062
1.03399997	-0.68334770	0.27165353
1.03499997	-0.32557210	0.32978591
1.03599997	0.08529159	0.36755660
1.03699997	0.48837352	0.37906003
1.03799997	0.75873524	0.35593012
1.03899997	0.85497659	0.30201155
1.03999997	0.75098425	0.23480561
1.04099997	0.46410555	0.16393946
1.04199997	0.06173105	0.11721826
1.04299997	-0.39711490	0.10147022
1.04399997	-0.72462475	0.11906373
1.04499997	-0.87475395	0.16750738
1.04599997	-0.80385703	0.23179133
1.04699997	-0.52057701	0.30265749
1.04799997	-0.13558070	0.35214689
1.04899997	0.29475272	0.37275466
1.04999997	0.63505781	0.36395791
1.05099997	0.83356917	0.32701772
1.05199997	0.83126229	0.26873153
1.05299997	0.62973672	0.19786540
1.05399997	0.27432948	0.14234744
1.05499997	-0.18208662	0.11026698
1.05599997	-0.56782109	0.11026698
1.05699997	-0.82812500	0.14234744
1.05799997	-0.86878693	0.19771162
1.05899997	-0.68356299	0.26799336
1.05999997	-0.34464198	0.32950911
1.06099997	0.09965551	0.37370816
1.06199997	0.48988065	0.37942913
1.06299997	0.76768577	0.34547243
1.06399997	0.85765254	0.29290724
1.06499997	0.74566317	0.22933070
1.06599997	0.46081448	0.16812254
1.06699997	0.04684424	0.11844857
1.06799997	-0.36771038	0.10380782
1.06899997	-0.72305608	0.12619956
1.06999997	-0.87220103	0.17292076
1.07099997	-0.79410678	0.23711245
1.07199997	-0.53081942	0.30124262
1.07299997	-0.11921752	0.35577634
1.07399997	0.29456815	0.37936762
1.07499997	0.64926797	0.36909449
1.07599997	0.83523005	0.32514149
1.07699997	0.82372659	0.25362942
1.07799997	0.62358516	0.18657726
1.07899997	0.26651698	0.13388902
1.07999997	-0.15652682	0.10473056
1.08099997	-0.58390749	0.10353100
1.08199997	-0.83270794	0.13837968
1.08299997	-0.86838704	0.20380168
1.08399997	-0.69229823	0.27396038
1.08499997	-0.32790971	0.33879799
1.08599997	0.08621432	0.37672243
1.08699997	0.48929626	0.38213584
1.08799997	0.75627458	0.35285434
1.08899997	0.84522635	0.29287648
1.08999997	0.74449432	0.22582431
1.09099997	0.47157973	0.16160187
1.09199997	0.06902067	0.11798720
1.09299997	-0.40440452	0.10162401
1.09399997	-0.73225272	0.11906373
1.09499997	-0.86900222	0.16750738
1.09599997	-0.79198450	0.23163755
1.09699997	-0.50990403	0.30191928
1.09799997	-0.12490772	0.35463828
1.09899997	0.30665600	0.38250491
1.09999997	0.64093256	0.37063238
1.10099997	0.82674092	0.32034326
1.10199997	0.82151204	0.25913510
1.10299997	0.62724531	0.19614296
1.10399997	0.27509841	0.14080955
1.10499997	-0.18190207	0.10140871
1.10599997	-0.56782109	0.10125492
1.10699997	-0.82812500	0.14004061
1.10799997	-0.86863309	0.19844981
1.10899997	-0.68279403	0.26814714
1.10999997	-0.34679502	0.32950911
1.11099997	0.09144316	0.37370816
1.11199997	0.47840798	0.37942913
1.11299997	0.75559795	0.34547243
1.11399997	0.85190082	0.29290724
1.11499997	0.75326031	0.22933070
1.11599997	0.46828863	0.16812254
1.11699997	0.04032357	0.11844857
1.11799997	-0.37749138	0.10380782
1.11899997	-0.72554749	0.12619956
1.11999997	-0.87143207	0.17292076
1.12099997	-0.79395300	0.23711245
1.12199997	-0.53081942	0.30124262
1.12299997	-0.11921752	0.35577634
1.12399997	0.29441437	0.37921384
1.12499997	0.64849901	0.36832553
1.12599997	0.83753693	0.32747909
1.12699997	0.83267719	0.26264149
1.12799997	0.63256645	0.19555856
1.12899997	0.26882383	0.13619587
1.12999997	-0.15729576	0.10396162
1.13099997	-0.58406126	0.10337722
1.13199997	-0.83270794	0.13837968
1.13299997	-0.86838704	0.20380168
1.13399997	-0.69229823	0.27396038
1.13499997	-0.32790971	0.33879799
1.13599997	0.08606053	0.37656865
1.13699997	0.48852730	0.38136688
1.13799997	0.75873524	0.35516116
1.13899997	0.85497659	0.30185777
1.13999997	0.75098425	0.23480561
1.14099997	0.46410555	0.16393946
1.14199997	0.06157726	0.11706447
1.14299997	-0.39788386	0.10070128
1.14399997	-0.72231793	0.12137057
1.14499997	-0.86577260	0.17651944
1.14599997	-0.79506028	0.24064961
1.14699997	-0.51900834	0.30422613
1.14799997	-0.13388902	0.35386935
1.14899997	0.30431840	0.38235113
1.14999997	0.64170152	0.37078616
1.15099997	0.82689470	0.32111222
1.15199997	0.82151204	0.25667447
1.15299997	0.62724531	0.18639271
1.15399997	0.27494463	0.13413508
1.15499997	-0.18267101	0.10811393
1.15599997	-0.56551427	0.11088213
1.15699997	-0.81911296	0.14173228
1.15799997	-0.85965180	0.20001845
1.15899997	-0.68048722	0.27697465
1.15999997	-0.34771776	0.33833662
1.16099997	0.09052042	0.37527683
1.16199997	0.48074558	0.38096702
1.16299997	0.76460999	0.35433072
1.16399997	0.86072832	0.30191928
1.16499997	0.75482899	0.23163755
1.16599997	0.46982652	0.16735359
1.16699997	0.04918184	0.11829478
1.16799997	-0.36832553	0.10380782
1.16899997	-0.72244096	0.12619956
1.16999997	-0.87450784	0.17292076
1.17099997	-0.80305731	0.23711245
1.17199997	-0.53964692	0.30124262
1.17299997	-0.12078617	0.35577634
1.17399997	0.29303026	0.37921384
1.17499997	0.64044046	0.36832553
1.17599997	0.82621801	0.32747909
1.17699997	0.82138902	0.26264149
1.17799997	0.62435406	0.19540477
1.17899997	0.26667076	0.13542692
1.17999997	-0.15652682	0.10645300
1.18099997	-0.58390749	0.11312746
1.18199997	-0.83270794	0.14520793
1.18299997	-0.86838704	0.19789617
1.18399997	-0.69229823	0.26187253
1.18499997	-0.32790971	0.32732528
1.18599997	0.08621432	0.36847934
1.18699997	0.48929626	0.37998277
1.18799997	0.75642842	0.35362327
1.18899997	0.84599531	0.29306102
1.18999997	0.74200296	0.22582431
1.19099997	0.46179873	0.16160187
1.19199997	0.06250000	0.11798720
1.19299997	-0.39696112	0.10162401
1.19399997	-0.72462475	0.11906373
1.19499997	-0.87475395	0.16750738
1.19599997	-0.80401081	0.23163755
1.19699997	-0.52134597	0.30191928
1.19799997	-0.13312007	0.35448450
1.19899997	0.30450296	0.38173598
1.19999997	0.64154774	0.37312376
1.20099997	0.82612574	0.33012426
1.20199997	0.82397270	0.26580954
1.20299997	0.63702631	0.18949926
1.20399997	0.28177288	0.13105930
1.20499997	-0.18860728	0.09894808
1.20599997	-0.57760209	0.10187007
1.20699997	-0.83058560	0.13942544
1.20799997	-0.86786419	0.20078740
1.20899997	-0.68264025	0.27712846
1.20999997	-0.34694883	0.33849040
1.21099997	0.09067421	0.37604576
1.21199997	0.48089936	0.37866017
1.21299997	0.76537895	0.34531865
1.21399997	0.85842150	0.29290724
1.21499997	0.74581695	0.22933070
1.21599997	0.46099901	0.16827632
1.21699997	0.04761319	0.11921752
1.21799997	-0.37001723	0.10147022
1.21899997	-0.73206818	0.11721826
1.21999997	-0.88118231	0.16393946
1.22099997	-0.79641360	0.23480561
1.22199997	-0.52989668	0.30201155
1.22299997	-0.11829478	0.35593012
1.22399997	0.29226133	0.37921384
1.22499997	0.64028668	0.36832553
1.22599997	0.82621801	0.32747909
1.22699997	0.82138902	0.26264149
1.22799997	0.62435406	0.19555856
1.22899997	0.26667076	0.13619587
1.22999997	-0.15652682	0.10414616
1.23099997	-0.58390749	0.10414616
1.23199997	-0.83270794	0.13619587
1.23299997	-0.86838704	0.19555856
1.23399997	-0.69229823	0.26264149
1.23499997	-0.32790971	0.32747909
1.23599997	0.08606053	0.36832553
1.23699997	0.48852730	0.37921384
1.23799997	0.75873524	0.35593012
1.23899997	0.85497659	0.30201155
1.23999997	0.75098425	0.23480561
1.24099997	0.46410555	0.16393946
1.24199997	0.06157726	0.11721826
1.24299997	-0.39788386	0.10147022
1.24399997	-0.72231793	0.11906373
1.24499997	-0.86577260	0.16750738
1.24599996	-0.79506028	0.23163755
1.24699996	-0.51900834	0.30191928
1.24799996	-0.13404281	0.35463828
1.24899996	0.30358022	0.38250491
1.24999996	0.64403909	0.37078616
1.25099996	0.83590674	0.32111222
1.25199996	0.83049333	0.25682825
1.25299996	0.62958294	0.18716167
1.25399996	0.27417567	0.13182825
1.25499996	-0.18282481	0.09910187
1.25599996	-0.56551427	0.10202387
1.25699996	-0.81911296	0.14019439
1.25799996	-0.85965180	0.19863436
1.25899996	-0.68048722	0.26888534
1.25999996	-0.34771776	0.32701772
1.26099996	0.09052042	0.36395791
1.26199996	0.48089936	0.37275466
1.26299996	0.76537895	0.35214689
1.26399996	0.85842150	0.30265749
1.26499996	0.74581695	0.23179133
1.26599996	0.46081448	0.16735359
1.26699996	0.04684424	0.11829478
1.26799996	-0.36755660	0.10380782
1.26899996	-0.72228718	0.12619956
1.26999996	-0.87450784	0.17292076
1.27099996	-0.80305731	0.23711245
1.27199996	-0.53964692	0.30124262
1.27299996	-0.12078617	0.35577634
1.27399996	0.29303026	0.37921384
1.27499996	0.64044046	0.36832553
1.27599996	0.82621801	0.32747909
1.27699996	0.82138902	0.26264149
1.27799996	0.62435406	0.19540477
1.27899996	0.26667076	0.13542692
1.27999996	-0.15652682	0.10645300
1.28099996	-0.58390749	0.11312746
1.28199996	-0.83270794	0.14505413
1.28299996	-0.86838704	0.19712721
1.28399996	-0.69229823	0.26436391
1.28499996	-0.32790971	0.33707553
1.28599996	0.08606053	0.37515378
1.28699996	0.48852730	0.37333909
1.28799996	0.75873524	0.34387302
1.28899996	0.85497659	0.29056963
1.28999996	0.75113803	0.22659326
1.29099996	0.46487451	0.16175567
1.29199996	0.05923967	0.11798720
1.29299996	-0.40686515	0.10162401
1.29399996	-0.73132998	0.11906373
1.29499996	-0.86807948	0.16750738
1.29599996	-0.79429132	0.23163755
1.29699996	-0.51885456	0.30191928
1.29799996	-0.13404281	0.35448450
1.29899996	0.30358022	0.38173598
1.29999996	0.64403909	0.37312376
1.30099996	0.83590674	0.33012426
1.30199996	0.83064717	0.26580954
1.30299996	0.63035184	0.18949926
1.30399996	0.27199188	0.13090551
1.30499996	-0.19106792	0.09817913
1.30599996	-0.57683319	0.10420768
1.30699996	-0.83043182	0.14840674
1.30799996	-0.86786419	0.20976870
1.30899996	-0.68264025	0.27946603
1.30999996	-0.34694883	0.33756766
1.31099996	0.09067421	0.37512302
1.31199996	0.48074558	0.38096702
1.31299996	0.76460999	0.35433072
1.31399996	0.86088210	0.30191928
1.31499996	0.75559795	0.23163755
1.31599996	0.46751967	0.16735359
1.31699996	0.04016978	0.11829478
1.31799996	-0.37749138	0.10380782
1.31899996	-0.72554749	0.12619956
1.31999996	-0.87143207	0.17292076
1.32099996	-0.79395300	0.23711245
1.32199996	-0.53066558	0.30124262
1.32299996	-0.11844857	0.35577634
1.32399996	0.29210752	0.37921384
1.32499996	0.63951772	0.36832553
1.32599996	0.82852483	0.32747909
1.32699996	0.83037031	0.26264149
1.32799996	0.63333535	0.19555856
1.32899996	0.26897761	0.13619587
1.32999996	-0.15729576	0.10396162
1.33099996	-0.58406126	0.10337722
1.33199996	-0.83270794	0.13837968
1.33299996	-0.86838704	0.20380168
1.33399996	-0.69229823	0.27396038
1.33499996	-0.32790971	0.33879799
1.33599996	0.08606053	0.37672243
1.33699996	0.48852730	0.38213584
1.33799996	0.75873524	0.35285434
1.33899996	0.85497659	0.29287648
1.33999996	0.75113803	0.22582431
1.34099996	0.46487451	0.16160187
1.34199996	0.05939345	0.11798720
1.34299996	-0.40609622	0.10162401
1.34399996	-0.73363680	0.11906373
1.34499996	-0.87706077	0.16750738
1.34599996	-0.80324185	0.23163755
1.34699996	-0.52116144	0.30191928
1.34799996	-0.13327387	0.35463828
1.34899996	0.30373400	0.38250491
1.34999996	0.64403909	0.37063238
1.35099996	0.83590674	0.32034326
1.35199996	0.83049333	0.25898129
1.35299996	0.62958294	0.19537401
1.35399996	0.27417567	0.14311638
1.35499996	-0.18282481	0.11042077
1.35599996	-0.56551427	0.11011319
1.35699996	-0.81911296	0.14157850
1.35799996	-0.85965180	0.20001845
1.35899996	-0.68048722	0.27697465
1.35999996	-0.34771776	0.33849040
1.36099996	0.09052042	0.37604576
1.36199996	0.48074558	0.37881398
1.36299996	0.76460999	0.34608760
1.36399996	0.86088210	0.29060039
1.36499996	0.75559795	0.22031865
1.36599996	0.46751967	0.15911049
1.36699996	0.04016978	0.11611097
1.36799996	-0.37730685	0.10457677
1.36899996	-0.72477853	0.12638411
1.36999996	-0.87373894	0.17292076
1.37099996	-0.80290353	0.23711245
1.37199996	-0.53980070	0.30124262
1.37299996	-0.12152436	0.35577634
1.37399996	0.29533711	0.37921384
1.37499996	0.64942175	0.36832553
1.37599996	0.83523005	0.32747909
1.37699996	0.82372659	0.26264149
1.37799996	0.62358516	0.19555856
1.37899996	0.26651698	0.13619587
1.37999996	-0.15652682	0.10396162
1.38099996	-0.58390749	0.10337722
1.38199996	-0.83270794	0.13837968
1.38299996	-0.86838704	0.20380168
1.38399996	-0.69229823	0.27396038
1.38499996	-0.32790971	0.33879799
1.38599996	0.08621432	0.37672243
1.38699996	0.48929626	0.38213584
1.38799996	0.75627458	0.35285434
1.38899996	0.84522635	0.29287648
1.38999996	0.74434054	0.22582431
1.39099996	0.47081077	0.16160187
1.39199996	0.07148130	0.11783341
1.39299996	-0.39462352	0.10085507
1.39399996	-0.72539371	0.12137057
1.39499996	-0.87490773	0.17651944
1.39599996	-0.80401081	0.24064961
1.39699996	-0.52134597	0.30422613
1.39799996	-0.13327387	0.35371554
1.39899996	0.30373400	0.38158217
1.39999996	0.64403909	0.37312376
1.40099996	0.83590674	0.33012426
1.40199996	0.83049333	0.26565576
1.40299996	0.62958294	0.18873031
1.40399996	0.27432948	0.13336614
1.40499996	-0.18208662	0.10796013
1.40599996	-0.56782109	0.11103593
1.40699996	-0.82812500	0.14250124
1.40799996	-0.86863309	0.19771162
1.40899996	-0.68279403	0.26799336
1.40999996	-0.34694883	0.32950911
1.41099996	0.09067421	0.37370816
1.41199996	0.48074558	0.37958291
1.41299996	0.76460999	0.34624138
1.41399996	0.86072832	0.29060039
1.41499996	0.75482899	0.22031865
1.41599996	0.46982652	0.15911049
1.41699996	0.04918184	0.11611097
1.41799996	-0.36847934	0.10442298
1.41899996	-0.72320992	0.12561515
1.41999996	-0.87220103	0.17525837
1.42099996	-0.79410678	0.24612451
1.42199996	-0.53081942	0.31025466
1.42299996	-0.11921752	0.35808316
1.42399996	0.29456815	0.37844488
1.42499996	0.64926797	0.36817175
1.42599996	0.83523005	0.32747909
1.42699996	0.82372659	0.26264149
1.42799996	0.62358516	0.19555856
1.42899996	0.26651698	0.13619587
1.42999996	-0.15652682	0.10396162
1.43099996	-0.58390749	0.10337722
1.43199996	-0.83270794	0.13837968
1.43299996	-0.86838704	0.20380168
1.43399996	-0.69229823	0.27396038
1.43499996	-0.32790971	0.33879799
1.43599996	0.08606053	0.37672243
1.43699996	0.48852730	0.38213584
1.43799996	0.75873524	0.35285434
1.43899996	0.85497659	0.29287648
1.43999996	0.75098425	0.22582431
1.44099996	0.46410555	0.16160187
1.44199996	0.06173105	0.11798720
1.44299996	-0.39711490	0.10162401
1.44399996	-0.72462475	0.11906373
1.44499996	-0.87475395	0.16750738
1.44599996	-0.80401081	0.23163755
1.44699996	-0.52134597	0.30191928
1.44799996	-0.13327387	0.35448450
1.44899996	0.30373400	0.38173598
1.44999996	0.64403909	0.37312376
1.45099996	0.83590674	0.33012426
1.45199996	0.83049333	0.26580954
1.45299996	0.62958294	0.18949926
1.45399996	0.27417567	0.13105930
1.45499996	-0.18282481	0.09894808
1.45599996	-0.56551427	0.10202387
1.45699996	-0.81911296	0.14019439
1.45799996	-0.85965180	0.19844981
1.45899996	-0.68048722	0.26814714
1.45999996	-0.34771776	0.32935530
1.46099996	0.09052042	0.37296999
1.46199996	0.48089936	0.38188976
1.46299996	0.76537895	0.35525346
1.46399996	0.85842150	0.29958171
1.46499996	0.74581695	0.22265625
1.46599996	0.46081448	0.15837230
1.46699996	0.04684424	0.11595719
1.46799996	-0.36755660	0.10457677
1.46899996	-0.72228718	0.12638411
1.46999996	-0.87450784	0.17292076
1.47099996	-0.80305731	0.23711245
1.47199996	-0.53980070	0.30124262
1.47299996	-0.12152436	0.35577634
1.47399996	0.29533711	0.37921384
1.47499996	0.64942175	0.36832553
1.47599996	0.83523005	0.32747909
1.47699996	0.82372659	0.26264149
1.47799996	0.62358516	0.19555856
1.47899996	0.26651698	0.13619587
1.47999996	-0.15652682	0.10396162
1.48099996	-0.58390749	0.10337722
1.48199996	-0.83270794	0.13837968
1.48299996	-0.86838704	0.20380168
1.48399996	-0.69229823	0.27396038
1.48499996	-0.32790971	0.33879799
1.48599996	0.08606053	0.37672243
1.48699996	0.48852730	0.38213584
1.48799996	0.75858146	0.35285434
1.48899996	0.85420769	0.29287648
1.48999996	0.75329107	0.22582431
1.49099996	0.47311762	0.16160187
1.49199996	0.07071235	0.11798720
1.49299996	-0.39480808	0.10162401
1.49399996	-0.72554749	0.11906373
1.49499996	-0.87564594	0.16750738
1.49599996	-0.80155021	0.23163755
1.49699996	-0.51159573	0.30191928
1.49799996	-0.12659942	0.35448450
1.49899996	0.29705954	0.38173598
1.49999996	0.63428885	0.37296999
1.50099996	0.83341533	0.32935530
1.50199996	0.83126229	0.26799336
1.50299996	0.62973672	0.19771162
1.50399996	0.27417567	0.14234744
1.50499996	-0.18282481	0.11026698
1.50599996	-0.56551427	0.11011319
1.50699996	-0.81911296	0.14157850
1.50799996	-0.85980558	0.20001845
1.50899996	-0.68125618	0.27697465
1.50999996	-0.34541091	0.33849040
1.51099996	0.09950172	0.37604576
1.51199996	0.48972687	0.37866017
1.51299996	0.76691681	0.34531865
1.51399996	0.86014396	0.29290724
1.51499996	0.75544417	0.22933070
1.51599996	0.46751967	0.16812254
1.51699996	0.04016978	0.11844857
1.51799996	-0.37730685	0.10380782
1.51899996	-0.72477853	0.12619956
1.51999996	-0.87389272	0.17292076
1.52099996	-0.80367249	0.23711245
1.52199996	-0.53730929	0.30124262
1.52299996	-0.11177412	0.35577634
1.52399996	0.30201155	0.37921384
1.52499996	0.64274728	0.36832553
1.52599996	0.82544905	0.32747909
1.52699996	0.82123524	0.26264149
1.52799996	0.62420028	0.19555856
1.52899996	0.26590183	0.13619587
1.52999996	-0.15421999	0.10396162
1.53099996	-0.57492620	0.10337722
1.53199996	-0.82372659	0.13853346
1.53299996	-0.86608022	0.20457062
1.53399996	-0.69306719	0.27165353
1.53499996	-0.32806349	0.32978591
1.53599996	0.08606053	0.36771038
1.53699996	0.48852730	0.37982899
1.53799996	0.75873524	0.35362327
1.53899996	0.85497659	0.29306102
1.53999996	0.75098425	0.22582431
1.54099996	0.46410555	0.16160187
1.54199996	0.06173105	0.11798720
1.54299996	-0.39711490	0.10162401
1.54399996	-0.72462475	0.11906373
1.54499996	-0.87475395	0.16750738
1.54599996	-0.80385703	0.23163755
1.54699996	-0.52057701	0.30191928
1.54799996	-0.13558070	0.35448450
1.54899996	0.29475272	0.38173598
1.54999996	0.63505781	0.37296999
1.55099996	0.83356917	0.32935530
1.55199996	0.83126229	0.26799336
1.55299996	0.62973672	0.19771162
1.55399996	0.27432948	0.14234744
1.55499996	-0.18208662	0.11026698
1.55599996	-0.56782109	0.11026698
1.55699996	-0.82812500	0.14234744
1.55799996	-0.86878693	0.19771162
1.55899996	-0.68356299	0.26799336
1.55999996	-0.34448817	0.32935530
1.56099996	0.10042446	0.37296999
1.56199996	0.48757380	0.38188976
1.56299996	0.75870448	0.35525346
1.56399996	0.84867126	0.29958171
1.56499996	0.74335629	0.22265625
1.56599996	0.46158341	0.15837230
1.56699996	0.04699803	0.11595719
1.56799996	-0.36755660	0.10457677
1.56899996	-0.72228718	0.12638411
1.56999996	-0.87450784	0.17292076
1.57099996	-0.80305731	0.23711245
1.57199996	-0.53980070	0.30124262
1.57299996	-0.12152436	0.35577634
1.57399996	0.29533711	0.37921384
1.57499996	0.64942175	0.36832553
1.57599996	0.83523005	0.32747909
1.57699996	0.82372659	0.26264149
1.57799996	0.62358516	0.19555856
1.57899996	0.26651698	0.13619587
1.57999996	-0.15652682	0.10396162
1.58099996	-0.58390749	0.10337722
1.58199996	-0.83270794	0.13837968
1.58299996	-0.86838704	0.20380168
1.58399996	-0.69229823	0.27411416
1.58499996	-0.32790971	0.33953616
1.58599996	0.08606053	0.37438485
1.58699996	0.48852730	0.37318528
1.58799996	0.75873524	0.34387302
1.58899996	0.85497659	0.29056963
1.58999996	0.75098425	0.22659326
1.59099996	0.46410555	0.16175567
1.59199996	0.06173105	0.11798720
1.59299996	-0.39711490	0.10162401
1.59399996	-0.72462475	0.11906373
1.59499996	-0.87475395	0.16750738
1.59599996	-0.80401081	0.23163755
1.59699996	-0.52134597	0.30191928
1.59799996	-0.13312007	0.35448450
1.59899995	0.30450296	0.38173598
1.59999995	0.64170152	0.37312376
1.60099995	0.82689470	0.33012426
1.60199995	0.82166582	0.26580954
1.60299995	0.62801427	0.18949926
1.60399995	0.27276084	0.13105930
1.60499995	-0.19091412	0.09894808
1.60599995	-0.57698697	0.10202387
1.60699995	-0.83120078	0.14019439
1.60799995	-0.86555731	0.19844981
1.60899995	-0.67365897	0.26814714
1.60999995	-0.33781374	0.32950911
1.61099995	0.09375000	0.37370816
1.61199995	0.47763902	0.37958291
1.61299995	0.75544417	0.34624138
1.61399995	0.85190082	0.29060039
1.61499995	0.75326031	0.22031865
1.61599995	0.46828863	0.15911049
1.61699995	0.04032357	0.11611097
1.61799995	-0.37749138	0.10457677
1.61899995	-0.72554749	0.12638411
1.61999995	-0.87143207	0.17292076
1.62099995	-0.79395300	0.23711245
1.62199995	-0.53081942	0.30139640
1.62299995	-0.11921752	0.35654527
1.62399995	0.29456815	0.37690699
1.62499995	0.64926797	0.35931349
1.62599995	0.83523005	0.31846702
1.62699995	0.82372659	0.26033464
1.62799995	0.62358516	0.19632751
1.62899995	0.26651698	0.13634965
1.62999995	-0.15652682	0.10396162
1.63099995	-0.58390749	0.10337722
1.63199995	-0.83270794	0.13837968
1.63299995	-0.86838704	0.20380168
1.63399995	-0.69229823	0.27396038
1.63499995	-0.32790971	0.33879799
1.63599995	0.08606053	0.37672243
1.63699995	0.48852730	0.38213584
1.63799995	0.75873524	0.35285434
1.63899995	0.85497659	0.29287648
1.63999995	0.75098425	0.22582431
1.64099995	0.46410555	0.16160187
1.64199995	0.06173105	0.11783341
1.64299995	-0.39711490	0.10085507
1.64399995	-0.72462475	0.12137057
1.64499995	-0.87475395	0.17651944
1.64599995	-0.80401081	0.24064961
1.64699995	-0.52134597	0.30422613
1.64799995	-0.13327387	0.35386935
1.64899995	0.30373400	0.38235113
1.64999995	0.64403909	0.37078616
1.65099995	0.83590674	0.32111222
1.65199995	0.83049333	0.25682825
1.65299995	0.62958294	0.18716167
1.65399995	0.27417567	0.13182825
1.65499995	-0.18282481	0.09910187
1.65599995	-0.56551427	0.10202387
1.65699995	-0.81911296	0.14019439
1.65799995	-0.85980558	0.19844981
1.65899995	-0.68125618	0.26814714
1.65999995	-0.34541091	0.32950911
1.66099995	0.09950172	0.37370816
1.66199995	0.48972687	0.37958291
1.66299995	0.76691681	0.34624138
1.66399995	0.85999018	0.29060039
1.66499995	0.75467521	0.22031865
1.66599995	0.46982652	0.15911049
1.66699995	0.04918184	0.11611097
1.66799995	-0.36832553	0.10457677
1.66899995	-0.72244096	0.12638411
1.66999995	-0.87450784	0.17292076
1.67099995	-0.80305731	0.23711245
1.67199995	-0.53980070	0.30124262
1.67299995	-0.12152436	0.35577634
1.67399995	0.29533711	0.37921384
1.67499995	0.64942175	0.36832553
1.67599995	0.83523005	0.32747909
1.67699995	0.82372659	0.26264149
1.67799995	0.62358516	0.19540477
1.67899995	0.26651698	0.13542692
1.67999995	-0.15652682	0.10629921
1.68099995	-0.58390749	0.11235851
1.68199995	-0.83270794	0.14751476
1.68299995	-0.86838704	0.20687746
1.68399995	-0.69229823	0.27088460
1.68499995	-0.32790971	0.32963213
1.68599995	0.08606053	0.36771038
1.68699995	0.48852730	0.37982899
1.68799995	0.75858146	0.35362327
1.68899995	0.85420769	0.29306102
1.68999995	0.75347567	0.22582431
1.69099995	0.47388655	0.16160187
1.69199995	0.06840551	0.11798720
1.69299995	-0.40378937	0.10162401
1.69399995	-0.73440576	0.11906373
1.69499995	-0.87721455	0.16750738
1.69599995	-0.80308807	0.23163755
1.69699995	-0.52042323	0.30191928
1.69799995	-0.13542692	0.35448450
1.69899995	0.29552165	0.38173598
1.69999995	0.63272023	0.37296999
1.70099995	0.82458782	0.32935530
1.70199995	0.82243478	0.26814714
1.70299995	0.62816805	0.19844981
1.70399995	0.27260703	0.14004061
1.70499995	-0.19168307	0.10125492
1.70599995	-0.57449555	0.10110113
1.70699995	-0.82145053	0.13927165
1.70799995	-0.85888284	0.20078740
1.70899995	-0.68033344	0.27712846
1.70999995	-0.34771776	0.33849040
1.71099995	0.09052042	0.37604576
1.71199995	0.48074558	0.37866017
1.71299995	0.76460999	0.34531865
1.71399995	0.86088210	0.29290724
1.71499995	0.75559795	0.22933070
1.71599995	0.46751967	0.16812254
1.71699995	0.04016978	0.11844857
1.71799995	-0.37749138	0.10380782
1.71899995	-0.72554749	0.12619956
1.71999995	-0.87143207	0.17292076
1.72099995	-0.79395300	0.23711245
1.72199995	-0.53066558	0.30124262
1.72299995	-0.11844857	0.35577634
1.72399995	0.29226133	0.37921384
1.72499995	0.64028668	0.36832553
1.72599995	0.82621801	0.32747909
1.72699995	0.82138902	0.26264149
1.72799995	0.62435406	0.19555856
1.72899995	0.26667076	0.13619587
1.72999995	-0.15652682	0.10396162
1.73099995	-0.58390749	0.10337722
1.73199995	-0.83270794	0.13837968
1.73299995	-0.86838704	0.20380168
1.73399995	-0.69229823	0.27396038
1.73499995	-0.32790971	0.33879799
1.73599995	0.08606053	0.37672243
1.73699995	0.48852730	0.38213584
1.73799995	0.75873524	0.35285434
1.73899995	0.85497659	0.29287648
1.73999995	0.75098425	0.22582431
1.74099995	0.46410555	0.16160187
1.74199995	0.06157726	0.11798720
1.74299995	-0.39788386	0.10162401
1.74399995	-0.72231793	0.11906373
1.74499995	-0.86577260	0.16750738
1.74599995	-0.79506028	0.23163755
1.74699995	-0.51900834	0.30191928
1.74799995	-0.13404281	0.35448450
1.74899995	0.30358022	0.38173598
1.74999995	0.64403909	0.37312376
1.75099995	0.83590674	0.33012426
1.75199995	0.83049333	0.26565576
1.75299995	0.62958294	0.18873031
1.75399995	0.27417567	0.13336614
1.75499995	-0.18282481	0.10796013
1.75599995	-0.56551427	0.11088213
1.75699995	-0.81911296	0.14173228
1.75799995	-0.85980558	0.20001845
1.75899995	-0.68125618	0.27697465
1.75999995	-0.34541091	0.33849040
1.76099995	0.09950172	0.37604576
1.76199995	0.48988065	0.37866017
1.76299995	0.76768577	0.34531865
1.76399995	0.85780632	0.29290724
1.76499995	0.74643207	0.22933070
1.76599995	0.45850763	0.16812254
1.76699995	0.03786294	0.11844857
1.76799995	-0.37656865	0.10380782
1.76899995	-0.72462475	0.12619956
1.76999995	-0.87389272	0.17292076
1.77099995	-0.80367249	0.23711245
1.77199995	-0.53746307	0.30124262
1.77299995	-0.11254306	0.35577634
1.77399995	0.30434915	0.37921384
1.77499995	0.65172857	0.36832553
1.77599995	0.83446109	0.32747909
1.77699995	0.82357281	0.26264149
1.77799995	0.62358516	0.19555856
1.77899995	0.26651698	0.13619587
1.77999995	-0.15652682	0.10396162
1.78099995	-0.58390749	0.10337722
1.78199995	-0.83270794	0.13837968
1.78299995	-0.86838704	0.20380168
1.78399995	-0.69229823	0.27396038
1.78499995	-0.32790971	0.33879799
1.78599995	0.08621432	0.37672243
1.78699995	0.48929626	0.38213584
1.78799995	0.75642842	0.35285434
1.78899995	0.84599531	0.29287648
1.78999995	0.74200296	0.22582431
1.79099995	0.46179873	0.16160187
1.79199995	0.06250000	0.11798720
1.79299995	-0.39696112	0.10162401
1.79399995	-0.72462475	0.11906373
1.79499995	-0.87475395	0.16750738
1.79599995	-0.80401081	0.23163755
1.79699995	-0.52134597	0.30191928
1.79799995	-0.13312007	0.35463828
1.79899995	0.30450296	0.38250491
1.79999995	0.64170152	0.37078616
1.80099995	0.82689470	0.32111222
1.80199995	0.82166582	0.25667447
1.80299995	0.62801427	0.18639271
1.80399995	0.27276084	0.13413508
1.80499995	-0.19091412	0.10811393
1.80599995	-0.57683319	0.11088213
1.80699995	-0.83043182	0.14173228
1.80799995	-0.86786419	0.20001845
1.80899995	-0.68264025	0.27697465
1.80999995	-0.34694883	0.33849040
1.81099995	0.09067421	0.37604576
1.81199995	0.48074558	0.37866017
1.81299995	0.76460999	0.34531865
1.81399995	0.86088210	0.29290724
1.81499995	0.75559795	0.22933070
1.81599995	0.46751967	0.16812254
1.81699995	0.04016978	0.11844857
1.81799995	-0.37730685	0.10380782
1.81899995	-0.72477853	0.12619956
1.81999995	-0.87373894	0.17292076
1.82099995	-0.80290353	0.23711245
1.82199995	-0.53980070	0.30124262
1.82299995	-0.12152436	0.35577634
1.82399995	0.29533711	0.37921384
1.82499995	0.64942175	0.36832553
1.82599995	0.83523005	0.32747909
1.82699995	0.82372659	0.26264149
1.82799995	0.62358516	0.19555856
1.82899995	0.26651698	0.13619587
1.82999995	-0.15668061	0.10396162
1.83099995	-0.58467644	0.10337722
1.83199995	-0.83040106	0.13853346
1.83299995	-0.85943651	0.20457062
1.83399995	-0.68334770	0.27165353
1.83499995	-0.32557210	0.32978591
1.83599995	0.08529159	0.36771038
1.83699995	0.48837352	0.37982899
1.83799995	0.75873524	0.35362327
1.83899995	0.85497659	0.29306102
1.83999995	0.75098425	0.22582431
1.84099995	0.46410555	0.16160187
1.84199995	0.06173105	0.11783341
1.84299995	-0.39711490	0.10085507
1.84399995	-0.72462475	0.12137057
1.84499995	-0.87475395	0.17651944
1.84599995	-0.80401081	0.24080339
1.84699995	-0.52134597	0.30499509
1.84799995	-0.13327387	0.35137796
1.84899995	0.30373400	0.37260088
1.84999995	0.64403909	0.36411172
1.85099995	0.83590674	0.32778665
1.85199995	0.83049333	0.26657850
1.85299995	0.62958294	0.18965305
1.85399995	0.27417567	0.13105930
1.85499995	-0.18282481	0.09894808
1.85599995	-0.56536049	0.10187007
1.85699995	-0.81837475	0.13942544
1.85799995	-0.86195868	0.20078740
1.85899995	-0.68946850	0.27712846
1.85999995	-0.35669905	0.33833662
1.86099995	0.08818282	0.37527683
1.86199995	0.48166829	0.38096702
1.86299995	0.76553273	0.35433072
1.86399995	0.85842150	0.30191928
1.86499995	0.74581695	0.23163755
1.86599995	0.46081448	0.16750738
1.86699995	0.04684424	0.11906373
1.86799995	-0.36755660	0.10147022
1.86899995	-0.72228718	0.11721826
1.86999995	-0.87466168	0.16393946
1.87099995	-0.80382627	0.23480561
1.87199995	-0.53730929	0.30201155
1.87299995	-0.11177412	0.35593012
1.87399995	0.30201155	0.37921384
1.87499995	0.64274728	0.36832553
1.87599995	0.82544905	0.32747909
1.87699995	0.82123524	0.26264149
1.87799995	0.62435406	0.19540477
1.87899995	0.26667076	0.13542692
1.87999995	-0.15652682	0.10629921
1.88099995	-0.58390749	0.11235851
1.88199995	-0.83270794	0.14736098
1.88299995	-0.86838704	0.20610851
1.88399995	-0.69229823	0.27319142
1.88499995	-0.32790971	0.33864421
1.88599995	0.08606053	0.37672243
1.88699995	0.48852730	0.38213584
1.88799995	0.75873524	0.35285434
1.88899995	0.85497659	0.29287648
1.88999995	0.75098425	0.22582431
1.89099995	0.46410555	0.16160187
1.89199995	0.06173105	0.11798720
1.89299995	-0.39711490	0.10162401
1.89399995	-0.72462475	0.11906373
1.89499995	-0.87475395	0.16750738
1.89599995	-0.80401081	0.23163755
1.89699995	-0.52134597	0.30191928
1.89799995	-0.13312007	0.35463828
1.89899995	0.30450296	0.38250491
1.89999995	0.64170152	0.37063238
1.90099995	0.82689470	0.32034326
1.90199995	0.82166582	0.25913510
1.90299995	0.62801427	0.19614296
1.90399995	0.27260703	0.14080955
1.90499995	-0.19168307	0.10140871
1.90599995	-0.57449555	0.10110113
1.90699995	-0.82145053	0.13927165
1.90799995	-0.85888284	0.20078740
1.90899995	-0.68033344	0.27712846
1.90999995	-0.34771776	0.33849040
1.91099995	0.09052042	0.37604576
1.91199995	0.48074558	0.37881398
1.91299995	0.76460999	0.34608760
1.91399995	0.86088210	0.29060039
1.91499995	0.75559795	0.22031865
1.91599995	0.46751967	0.15911049
1.91699995	0.04016978	0.11611097
1.91799995	-0.37749138	0.10457677
1.91899995	-0.72554749	0.12638411
1.91999995	-0.87143207	0.17292076
1.92099995	-0.79395300	0.23711245
1.92199995	-0.53081942	0.30124262
1.92299995	-0.11921752	0.35577634
1.92399995	0.29441437	0.37921384
1.92499995	0.64849901	0.36832553
1.92599995	0.83753693	0.32747909
1.92699995	0.83267719	0.26264149
1.92799995	0.63256645	0.19555856
1.92899995	0.26882383	0.13619587
1.92999995	-0.15729576	0.10396162
1.93099995	-0.58406126	0.10337722
1.93199995	-0.83270794	0.13853346
1.93299995	-0.86838704	0.20457062
1.93399995	-0.69229823	0.27165353
1.93499995	-0.32790971	0.32978591
1.93599995	0.08606053	0.36771038
1.93699995	0.48852730	0.37982899
1.93799995	0.75873524	0.35362327
1.93899995	0.85497659	0.29306102
1.93999995	0.75098425	0.22582431
1.94099995	0.46410555	0.16160187
1.94199995	0.06157726	0.11798720
1.94299995	-0.39788386	0.10162401
1.94399995	-0.72231793	0.11906373
1.94499995	-0.86577260	0.16750738
1.94599995	-0.79506028	0.23163755
1.94699995	-0.51900834	0.30191928
1.94799995	-0.13404281	0.35448450
1.94899995	0.30358022	0.38173598
1.94999995	0.64403909	0.37296999
1.95099995	0.83590674	0.32935530
1.95199995	0.83049333	0.26814714
1.95299994	0.62958294	0.19844981
1.95399994	0.27417567	0.13988681
1.95499994	-0.18282481	0.10048597
1.95599994	-0.56551427	0.10343873
1.95699994	-0.81911296	0.14825295
1.95799994	-0.85965180	0.20976870
1.95899994	-0.68048722	0.27946603
1.95999994	-0.34771776	0.33756766
1.96099994	0.09052042	0.37512302
1.96199994	0.48074558	0.38096702
1.96299994	0.76460999	0.35433072
1.96399994	0.86088210	0.30191928
1.96499994	0.75559795	0.23163755
1.96599994	0.46751967	0.16735359
1.96699994	0.04016978	0.11829478
1.96799994	-0.37730685	0.10380782
1.96899994	-0.72477853	0.12619956
1.96999994	-0.87373894	0.17292076
1.97099994	-0.80290353	0.23711245
1.97199994	-0.53964692	0.30124262
1.97299994	-0.12078617	0.35577634
1.97399994	0.29303026	0.37921384
1.97499994	0.64044046	0.36832553
1.97599994	0.82621801	0.32747909
1.97699994	0.82138902	0.26264149
1.97799994	0.62435406	0.19555856
1.97899994	0.26667076	0.13619587
1.97999994	-0.15652682	0.10396162
1.98099994	-0.58390749	0.10337722
1.98199994	-0.83270794	0.13853346
1.98299994	-0.86838704	0.20457062
1.98399994	-0.69229823	0.27165353
1.98499994	-0.32790971	0.32978591
1.98599994	0.08621432	0.36771038
1.98699994	0.48929626	0.37982899
1.98799994	0.75642842	0.35362327
1.98899994	0.84599531	0.29306102
1.98999994	0.74200296	0.22582431
1.99099994	0.46179873	0.16160187
1.99199994	0.06234621	0.11798720
1.99299994	-0.39773008	0.10162401
1.99399994	-0.72231793	0.11906373
1.99499994	-0.86577260	0.16750738
1.99599994	-0.79506028	0.23163755
1.99699994	-0.51900834	0.30191928
1.99799994	-0.13388902	0.35463828
1.99899994	0.30431840	0.38250491
1.99999994	0.64170152	0.37078616
2.00099994	0.82689470	0.32111222
2.00199994	0.82166582	0.25682825
2.00299994	0.62801427	0.18716167
