Time	Channel A	Channel B
(us)	(V)	(V)

-0.00400000	-0.01153420	0.17525837
-0.00300000	-0.45949188	0.24612451
-0.00200000	-0.76067299	0.31025466
-0.00100000	-0.87263167	0.35808316
0.00000000	-0.76679379	0.37859866
0.00100000	-0.45687747	0.36894071
0.00200000	-0.06019316	0.32514149
0.00300000	0.36531126	0.25362942
0.00400000	0.68236345	0.18642348
0.00500000	0.84276575	0.13312007
0.00600000	0.80256522	0.10706816
0.00700000	0.56895918	0.11251231
0.00800000	0.19598918	0.14736098
0.00900000	-0.26104209	0.20610851
0.01000000	-0.62632257	0.27334523
0.01100000	-0.84784079	0.33938238
0.01200000	-0.85045522	0.37438485
0.01300000	-0.63315082	0.37318528
0.01400000	-0.27694389	0.34387302
0.01500000	0.16670768	0.29056963
0.01600000	0.54213828	0.22659326
0.01700000	0.79269195	0.16175567
0.01800000	0.85402310	0.11783341
0.01900000	0.71724284	0.10085507
0.02000000	0.40591165	0.12121678
0.02100000	-0.03291092	0.17575049
0.02200000	-0.44177535	0.24295644
0.02300000	-0.76199555	0.31323817
0.02400000	-0.87601501	0.36285064
0.02500000	-0.76765501	0.38465798
0.02600000	-0.47523990	0.37001723
0.02700000	-0.04004675	0.32095841
0.02800000	0.37081692	0.25667447
0.02900000	0.69645053	0.18639271
0.03000000	0.85036296	0.13398130
0.03100000	0.80859375	0.10734498
0.03200000	0.57627952	0.11318897
0.03300000	0.18953001	0.15074433
0.03400000	-0.23366757	0.20903051
0.03500000	-0.63198203	0.27928150
0.03600000	-0.84538019	0.33772147
0.03700000	-0.84353471	0.37589198
0.03800000	-0.63862574	0.37881398
0.03900000	-0.25907359	0.34608760
0.04000000	0.15778789	0.29060039
0.04100000	0.55059671	0.22031865
0.04200000	0.79475272	0.15911049
0.04300000	0.85285431	0.11611097
0.04400000	0.71389025	0.10442298
0.04500000	0.40040600	0.12561515
0.04600000	-0.01387180	0.17525837
0.04700000	-0.46847317	0.24612451
0.04800000	-0.76980805	0.31025466
0.04900000	-0.87570745	0.35808316
0.05000000	-0.76387179	0.37859866
0.05100000	-0.44848055	0.36894071
0.05200000	-0.04887426	0.32514149
0.05300000	0.37663016	0.25362942
0.05400000	0.69045275	0.18642348
0.05500000	0.84414983	0.13312007
0.05600000	0.80410308	0.10691437
0.05700000	0.57778668	0.11174335
0.05800000	0.20497048	0.14969857
0.05900000	-0.25873524	0.21512057
0.06000000	-0.62709153	0.28220350
0.06100000	-0.84799457	0.34095103
0.06200000	-0.85045522	0.37595350
0.06300000	-0.63315082	0.38198203
0.06400000	-0.27694389	0.35285434
0.06500000	0.16670768	0.29287648
0.06600000	0.54213828	0.22582431
0.06700000	0.79269195	0.16160187
0.06800000	0.85402310	0.11783341
0.06900000	0.71724284	0.10085507
0.07000000	0.40591165	0.12121678
0.07100000	-0.03291092	0.17575049
0.07200000	-0.44192913	0.24311024
0.07300000	-0.76276451	0.31397638
0.07400000	-0.87355435	0.36054379
0.07500000	-0.75790477	0.37567666
0.07600000	-0.46859622	0.36103591
0.07700000	-0.04672121	0.31862080
0.07800000	0.36106667	0.25744340
0.07900000	0.69398993	0.18654650
0.08000000	0.85110110	0.13398130
0.08100000	0.80874753	0.10734498
0.08200000	0.57627952	0.11318897
0.08300000	0.18953001	0.15074433
0.08400000	-0.23366757	0.20903051
0.08500000	-0.63198203	0.27928150
0.08600000	-0.84538019	0.33772147
0.08700000	-0.84353471	0.37589198
0.08800000	-0.63847196	0.37881398
0.08900000	-0.25833538	0.34608760
0.09000000	0.15548106	0.29060039
0.09100000	0.54161543	0.22031865
0.09200000	0.78577143	0.15911049
0.09300000	0.85054749	0.11611097
0.09400000	0.71465921	0.10442298
0.09500000	0.40055978	0.12561515
0.09600000	-0.01402559	0.17525837
0.09700000	-0.46921137	0.24612451
0.09800000	-0.76731670	0.31025466
0.09900000	-0.86595720	0.35808316
0.10000000	-0.75704354	0.37859866
0.10100000	-0.45441684	0.36894071
0.10200000	-0.06093135	0.32514149
0.10300000	0.36515749	0.25362942
0.10400000	0.68220967	0.18642348
0.10500000	0.84199679	0.13312007
0.10600000	0.80487204	0.10706816
0.10700000	0.57794046	0.11251231
0.10800000	0.20481668	0.14736098
0.10900000	-0.25950417	0.20610851
0.11000000	-0.62475395	0.27334523
0.11100000	-0.83901328	0.33938238
0.11200000	-0.84147394	0.37453863
0.11300000	-0.63081324	0.37395424
0.11400000	-0.27771285	0.34156618
0.11500000	0.16655388	0.28158835
0.11600000	0.54213828	0.21758120
0.11700000	0.79269195	0.15944882
0.11800000	0.85402310	0.11875615
0.11900000	0.71724284	0.10177781
0.12000000	0.40591165	0.11890994
0.12100000	-0.03291092	0.16673844
0.12200000	-0.44177535	0.23397514
0.12300000	-0.76199555	0.31090060
0.12400000	-0.87601501	0.36361960
0.12500000	-0.76765501	0.38481176
0.12600000	-0.47523990	0.37001723
0.12700000	-0.04004675	0.32095841
0.12800000	0.37100148	0.25667447
0.12900000	0.69721949	0.18639271
0.13000000	0.84787154	0.13398130
0.13100000	0.79884350	0.10734498
0.13200000	0.56975883	0.11318897
0.13300000	0.19697343	0.15074433
0.13400000	-0.22622417	0.20903051
0.13500000	-0.63850272	0.27928150
0.13600000	-0.85525346	0.33772147
0.13700000	-0.84676427	0.37589198
0.13800000	-0.63554996	0.37881398
0.13900000	-0.24996924	0.34608760
0.14000000	0.16676919	0.29060039
0.14100000	0.55290353	0.22031865
0.14200000	0.79398376	0.15911049
0.14300000	0.85270053	0.11611097
0.14400000	0.71373647	0.10442298
0.14500000	0.39963704	0.12561515
0.14600000	-0.01153420	0.17525837
0.14700000	-0.45949188	0.24612451
0.14800000	-0.76067299	0.31040847
0.14900000	-0.87263167	0.35885212
0.15000000	-0.76679379	0.37613803
0.15100000	-0.45687747	0.35915971
0.15200000	-0.06019316	0.31846702
0.15300000	0.36531126	0.26033464
0.15400000	0.68220967	0.19617371
0.15500000	0.84199679	0.13558070
0.15600000	0.80487204	0.10614542
0.15700000	0.57794046	0.11158957
0.15800000	0.20481668	0.14969857
0.15900000	-0.25950417	0.21512057
0.16000000	-0.62490773	0.28235728
0.16100000	-0.83978224	0.34171999
0.16200000	-0.83916706	0.37361589
0.16300000	-0.62186271	0.37303150
0.16400000	-0.26876229	0.34402683
0.16500000	0.16886073	0.29133859
0.16600000	0.54136932	0.22428642
0.16700000	0.79253817	0.15277436
0.16800000	0.85402310	0.10882135
0.16900000	0.71724284	0.09854823
0.17000000	0.40591165	0.12198573
0.17100000	-0.03291092	0.17590427
0.17200000	-0.44192913	0.24311024
0.17300000	-0.76276451	0.31397638
0.17400000	-0.87355435	0.36054379
0.17500000	-0.75790477	0.37567666
0.17600000	-0.46859622	0.36103591
0.17700000	-0.04672121	0.31862080
0.17800000	0.36106667	0.25744340
0.17900000	0.69398993	0.18654650
0.18000000	0.85110110	0.13398130
0.18100000	0.80874753	0.10734498
0.18200000	0.57627952	0.11318897
0.18300000	0.18953001	0.15074433
0.18400000	-0.23366757	0.20903051
0.18499999	-0.63198203	0.27928150
0.18599999	-0.84538019	0.33772147
0.18699999	-0.84353471	0.37589198
0.18799999	-0.63847196	0.37881398
0.18899999	-0.25833538	0.34608760
0.18999999	0.15548106	0.29060039
0.19099999	0.54161543	0.22031865
0.19199999	0.78577143	0.15911049
0.19299999	0.85054749	0.11611097
0.19399999	0.71450543	0.10442298
0.19499999	0.39979085	0.12561515
0.19599999	-0.01153420	0.17525837
0.19699999	-0.45949188	0.24612451
0.19799999	-0.76067299	0.31040847
0.19899999	-0.87263167	0.35885212
0.19999999	-0.76679379	0.37629184
0.20099999	-0.45687747	0.35992864
0.20199999	-0.06034695	0.31616017
0.20299999	0.36457309	0.25132260
0.20399999	0.68454725	0.18719243
0.20499999	0.85097808	0.13327387
0.20599999	0.81385332	0.10706816
0.20699999	0.58024728	0.11251231
0.20799999	0.20404774	0.14736098
0.20899999	-0.25965798	0.20610851
0.20999999	-0.62475395	0.27334523
0.21099999	-0.83901328	0.33938238
0.21199999	-0.84147394	0.37438485
0.21299999	-0.63081324	0.37318528
0.21399999	-0.27771285	0.34387302
0.21499999	0.16655388	0.29056963
0.21599999	0.54229206	0.22659326
0.21699999	0.79346085	0.16175567
0.21799999	0.85168552	0.11783341
0.21899999	0.70826155	0.10085507
0.21999999	0.39693037	0.12121678
0.22099999	-0.03521777	0.17575049
0.22199999	-0.44100639	0.24295644
0.22299999	-0.76184177	0.31323817
0.22399999	-0.87601501	0.36285064
0.22499999	-0.76765501	0.38465798
0.22599999	-0.47508612	0.37001723
0.22699999	-0.03927780	0.32095841
0.22799999	0.36851010	0.25682825
0.22899999	0.68743849	0.18716167
0.22999999	0.84135085	0.13167445
0.23099999	0.80625618	0.09833292
0.23199999	0.57720226	0.10420768
0.23299999	0.19042200	0.14840674
0.23399999	-0.23597440	0.20976870
0.23499999	-0.64096332	0.27946603
0.23599999	-0.85448450	0.33772147
0.23699999	-0.84661049	0.37589198
0.23799999	-0.63554996	0.37881398
0.23899999	-0.24996924	0.34608760
0.23999999	0.16692299	0.29075417
0.24099999	0.55367249	0.22108760
0.24199999	0.79152310	0.15680364
0.24299999	0.84295028	0.10712968
0.24399999	0.70724654	0.09541093
0.24499999	0.40708047	0.12327756
0.24599999	-0.00409080	0.17599656
0.24699999	-0.46598178	0.24627830
0.24799999	-0.77054626	0.31025466
0.24899999	-0.87586123	0.35808316
0.24999999	-0.76387179	0.37859866
0.25099999	-0.44848055	0.36894071
0.25199999	-0.04887426	0.32514149
0.25299999	0.37663016	0.25362942
0.25399999	0.69045275	0.18642348
0.25499999	0.84414983	0.13312007
0.25599999	0.80410308	0.10706816
0.25699999	0.57778668	0.11251231
0.25799999	0.20497048	0.14736098
0.25899999	-0.25873524	0.20610851
0.25999999	-0.62709153	0.27334523
0.26099999	-0.84799457	0.33938238
0.26199999	-0.85045522	0.37438485
0.26299999	-0.63315082	0.37318528
0.26399999	-0.27694389	0.34387302
0.26499999	0.16670768	0.29056963
0.26599999	0.54213828	0.22659326
0.26699999	0.79269195	0.16175567
0.26799999	0.85402310	0.11783341
0.26899999	0.71724284	0.10085507
0.26999999	0.40591165	0.12121678
0.27099999	-0.03291092	0.17575049
0.27199999	-0.44177535	0.24295644
0.27299999	-0.76199555	0.31323817
0.27399999	-0.87586123	0.36285064
0.27499999	-0.76688606	0.38465798
0.27599999	-0.47742373	0.37001723
0.27699999	-0.04825911	0.32095841
0.27799999	0.35952878	0.25682825
0.27899999	0.68513167	0.18716167
0.27999999	0.84211981	0.13167445
0.28099999	0.80640996	0.09833292
0.28199999	0.57704848	0.10420768
0.28299999	0.18968381	0.14840674
0.28399999	-0.23366757	0.20976870
0.28499999	-0.63198203	0.27946603
0.28599999	-0.84538019	0.33772147
0.28699999	-0.84353471	0.37589198
0.28799999	-0.63847196	0.37881398
0.28899999	-0.25833538	0.34608760
0.28999999	0.15548106	0.29060039
0.29099999	0.54161543	0.22031865
0.29199999	0.78577143	0.15911049
0.29299999	0.85054749	0.11611097
0.29399999	0.71450543	0.10442298
0.29499999	0.39979085	0.12561515
0.29599999	-0.01153420	0.17525837
0.29699999	-0.45949188	0.24612451
0.29799999	-0.76067299	0.31025466
0.29899999	-0.87263167	0.35808316
0.29999999	-0.76694757	0.37859866
0.30099999	-0.45764640	0.36894071
0.30199999	-0.05800935	0.32514149
0.30299999	0.37355438	0.25362942
0.30399999	0.69352853	0.18642348
0.30499999	0.85331571	0.13312007
0.30599999	0.81308442	0.10706816
0.30699999	0.58009350	0.11251231
0.30799999	0.20404774	0.14736098
0.30899999	-0.25965798	0.20610851
0.30999999	-0.62475395	0.27334523
0.31099999	-0.83901328	0.33938238
0.31199999	-0.84147394	0.37438485
0.31299999	-0.63081324	0.37318528
0.31399999	-0.27771285	0.34387302
0.31499999	0.16655388	0.29056963
0.31599999	0.54229206	0.22659326
0.31699999	0.79346085	0.16175567
0.31799999	0.85168552	0.11783341
0.31899999	0.70826155	0.10085507
0.31999999	0.39693037	0.12121678
0.32099999	-0.03521777	0.17575049
0.32199999	-0.44100639	0.24295644
0.32299999	-0.76184177	0.31323817
0.32399999	-0.87586123	0.36285064
0.32499999	-0.76688606	0.38465798
0.32599999	-0.47757751	0.37001723
0.32699999	-0.04902805	0.32095841
0.32799999	0.36198941	0.25682825
0.32899999	0.69488192	0.18716167
0.32999999	0.84864050	0.13167445
0.33099999	0.79899728	0.09833292
0.33199999	0.56975883	0.10436147
0.33299999	0.19697343	0.14917569
0.33399999	-0.22622417	0.20746186
0.33499999	-0.63850272	0.27045399
0.33599999	-0.85525346	0.32874015
0.33699999	-0.84676427	0.37355438
0.33799999	-0.63539618	0.37958291
0.33899999	-0.24920030	0.34624138
0.33999999	0.16446236	0.29060039
0.34099999	0.54392225	0.22031865
0.34199999	0.78503323	0.15911049
0.34299999	0.85039371	0.11611097
0.34399999	0.71465921	0.10442298
0.34499999	0.40055978	0.12561515
0.34599999	-0.01387180	0.17525837
0.34699999	-0.46847317	0.24612451
0.34799999	-0.76962352	0.31025466
0.34899999	-0.87493849	0.35808316
0.34999999	-0.76617867	0.37859866
0.35099999	-0.45749262	0.36894071
0.35199999	-0.05785556	0.32514149
0.35299999	0.37432334	0.25362942
0.35399999	0.69122171	0.18642348
0.35499999	0.84430367	0.13312007
0.35599999	0.80410308	0.10706816
0.35699999	0.57778668	0.11251231
0.35799999	0.20497048	0.14736098
0.35899999	-0.25873524	0.20610851
0.35999999	-0.62724531	0.27334523
0.36099999	-0.84876353	0.33938238
0.36199999	-0.84814835	0.37438485
0.36299999	-0.62416953	0.37318528
0.36399999	-0.26799336	0.34402683
0.36499999	0.16901451	0.29133859
0.36599999	0.54136932	0.22428642
0.36699999	0.79253817	0.15277436
0.36799999	0.85402310	0.10882135
0.36899999	0.71724284	0.09854823
0.36999999	0.40591165	0.12198573
0.37099999	-0.03291092	0.17590427
0.37199999	-0.44192913	0.24311024
0.37299999	-0.76276451	0.31397638
0.37399999	-0.87355435	0.36054379
0.37499999	-0.75790477	0.37567666
0.37599999	-0.46859622	0.36103591
0.37699999	-0.04672121	0.31862080
0.37799999	0.36106667	0.25744340
0.37899999	0.69398993	0.18654650
0.37999999	0.85110110	0.13398130
0.38099999	0.80874753	0.10734498
0.38199999	0.57643330	0.11318897
0.38299999	0.19026820	0.15074433
0.38399999	-0.23597440	0.20903051
0.38499999	-0.64096332	0.27928150
0.38599999	-0.85433072	0.33772147
0.38699999	-0.84584153	0.37589198
0.38799999	-0.63785678	0.37881398
0.38899999	-0.25891978	0.34608760
0.38999999	0.15778789	0.29060039
0.39099999	0.55059671	0.22031865
0.39199999	0.79475272	0.15911049
0.39299999	0.85285431	0.11611097
0.39399999	0.71389025	0.10442298
0.39499999	0.40040600	0.12561515
0.39599999	-0.01387180	0.17525837
0.39699999	-0.46847317	0.24612451
0.39799999	-0.76962352	0.31025466
0.39899999	-0.87493849	0.35808316
0.39999999	-0.76617867	0.37844488
0.40099999	-0.45749262	0.36817175
0.40199999	-0.05785556	0.32747909
0.40299999	0.37432334	0.26264149
0.40399999	0.69122171	0.19540477
0.40499999	0.84430367	0.13542692
0.40599999	0.80410308	0.10629921
0.40699999	0.57778668	0.11235851
0.40799999	0.20497048	0.14736098
0.40899999	-0.25873524	0.20610851
0.40999999	-0.62709153	0.27334523
0.41099999	-0.84799457	0.33938238
0.41199999	-0.85060900	0.37438485
0.41299999	-0.63391978	0.37318528
0.41399999	-0.27463704	0.34387302
0.41499999	0.17568898	0.29056963
0.41599999	0.55111957	0.22659326
0.41699999	0.79499876	0.16175567
0.41799999	0.85325420	0.11783341
0.41899999	0.71708906	0.10085507
0.41999999	0.40606546	0.12121678
0.42099999	-0.03214198	0.17575049
0.42199999	-0.44426674	0.24311024
0.42299999	-0.77177656	0.31397638
0.42399999	-0.88268948	0.36054379
0.42499999	-0.76101130	0.37567666
0.42599999	-0.46552041	0.36103591
0.42699999	-0.03755536	0.31862080
0.42799999	0.37023252	0.25744340
0.42899999	0.69706571	0.18654650
0.42999999	0.84787154	0.13413508
0.43099999	0.79884350	0.10811393
0.43199999	0.56960505	0.11088213
0.43299999	0.19620448	0.14173228
0.43399999	-0.22391732	0.20017225
0.43499999	-0.62952143	0.27774361
0.43599999	-0.84630293	0.33618355
0.43699999	-0.84445745	0.36703372
0.43799999	-0.63631892	0.36980191
0.43899999	-0.25012302	0.34378076
0.43999999	0.16692299	0.29136935
0.44099999	0.55367249	0.22047244
0.44199999	0.79152310	0.15911049
0.44299999	0.84295028	0.11611097
0.44399999	0.70724654	0.10442298
0.44499999	0.40708047	0.12561515
0.44599999	-0.00409080	0.17525837
0.44699999	-0.46598178	0.24612451
0.44799999	-0.77054626	0.31025466
0.44899999	-0.87586123	0.35808316
0.44999999	-0.76371801	0.37859866
0.45099999	-0.44771162	0.36894071
0.45199999	-0.05118110	0.32529527
0.45299999	0.36764887	0.25439838
0.45399999	0.68144071	0.18411663
0.45499999	0.84184301	0.12413878
0.45599999	0.80487204	0.09808686
0.45699999	0.57794046	0.11020546
0.45799999	0.20497048	0.14812993
0.45899999	-0.25873524	0.20626231
0.45999999	-0.62709153	0.27334523
0.46099999	-0.84799457	0.33938238
0.46199999	-0.85045522	0.37438485
0.46299999	-0.63315082	0.37318528
0.46399999	-0.27694389	0.34402683
0.46499999	0.16670768	0.29133859
0.46599999	0.54213828	0.22428642
0.46699999	0.79269195	0.15277436
0.46799999	0.85402310	0.10882135
0.46899999	0.71724284	0.09854823
0.46999999	0.40591165	0.12198573
0.47099999	-0.03291092	0.17590427
0.47199999	-0.44177535	0.24295644
0.47299999	-0.76199555	0.31323817
0.47399999	-0.87586123	0.36285064
0.47499999	-0.76688606	0.38465798
0.47599999	-0.47757751	0.37001723
0.47699999	-0.04902805	0.32095841
0.47799999	0.36183563	0.25682825
0.47899999	0.69414371	0.18716167
0.47999999	0.85110110	0.13167445
0.48099999	0.80874753	0.09833292
0.48199999	0.57627952	0.10420768
0.48299999	0.18953001	0.14840674
0.48399999	-0.23366757	0.20976870
0.48499999	-0.63198203	0.27946603
0.48599999	-0.84538019	0.33772147
0.48699999	-0.84353471	0.37589198
0.48799999	-0.63847196	0.37881398
0.48899999	-0.25833538	0.34608760
0.48999999	0.15548106	0.29060039
0.49099999	0.54161543	0.22031865
0.49199999	0.78577143	0.15911049
0.49299999	0.85054749	0.11611097
0.49399999	0.71465921	0.10442298
0.49499999	0.40055978	0.12561515
0.49599999	-0.01387180	0.17525837
0.49699999	-0.46847317	0.24612451
0.49799999	-0.76962352	0.31025466
0.49899999	-0.87493849	0.35808316
0.49999999	-0.76617867	0.37859866
0.50099999	-0.45749262	0.36894071
0.50199999	-0.05785556	0.32514149
0.50299999	0.37432334	0.25362942
0.50399999	0.69122171	0.18642348
0.50499999	0.84430367	0.13312007
0.50599999	0.80410308	0.10706816
0.50699999	0.57778668	0.11251231
0.50799999	0.20481668	0.14736098
0.50899999	-0.25950417	0.20610851
0.50999999	-0.62475395	0.27334523
0.51099999	-0.83901328	0.33938238
0.51199999	-0.84147394	0.37438485
0.51299999	-0.63081324	0.37318528
0.51399999	-0.27771285	0.34402683
0.51499999	0.16655388	0.29133859
0.51599999	0.54229206	0.22428642
0.51699999	0.79346085	0.15277436
0.51799999	0.85168552	0.10882135
0.51899999	0.70826155	0.09854823
0.51999999	0.39693037	0.12198573
0.52099999	-0.03521777	0.17590427
0.52199999	-0.44100639	0.24311024
0.52299999	-0.76184177	0.31397638
0.52399999	-0.87601501	0.36054379
0.52499999	-0.76765501	0.37567666
0.52599999	-0.47523990	0.36103591
0.52699999	-0.04004675	0.31862080
0.52799999	0.37081692	0.25744340
0.52899999	0.69645053	0.18654650
0.52999999	0.85020918	0.13413508
0.53099999	0.80782479	0.10811393
0.53199999	0.57874018	0.11088213
0.53299999	0.19928026	0.14173228
0.53399999	-0.22699311	0.20001845
0.53499999	-0.63865650	0.27697465
0.53599999	-0.85525346	0.33849040
0.53699999	-0.84676427	0.37604576
0.53799999	-0.63554996	0.37881398
0.53899998	-0.24996924	0.34608760
0.53999998	0.16692299	0.29060039
0.54099998	0.55367249	0.22031865
0.54199998	0.79167694	0.15911049
0.54299998	0.84371924	0.11611097
0.54399998	0.70493972	0.10442298
0.54499998	0.39806840	0.12561515
0.54599998	-0.01310285	0.17525837
0.54699998	-0.46831939	0.24612451
0.54799998	-0.76980805	0.31025466
0.54899998	-0.87570745	0.35808316
0.54999998	-0.76387179	0.37859866
0.55099998	-0.44848055	0.36894071
0.55199998	-0.04887426	0.32514149
0.55299998	0.37663016	0.25362942
0.55399998	0.69045275	0.18642348
0.55499998	0.84414983	0.13312007
0.55599998	0.80425692	0.10691437
0.55699998	0.57855558	0.11174335
0.55799998	0.20266363	0.14969857
0.55899998	-0.26768577	0.21512057
0.55999998	-0.63619584	0.28235728
0.56099998	-0.85107034	0.34171999
0.56199998	-0.84737945	0.37361589
0.56299998	-0.62401575	0.37303150
0.56399998	-0.26799336	0.34402683
0.56499998	0.16901451	0.29133859
0.56599998	0.54136932	0.22428642
0.56699998	0.79253817	0.15277436
0.56799998	0.85402310	0.10882135
0.56899998	0.71724284	0.09854823
0.56999998	0.40591165	0.12198573
0.57099998	-0.03291092	0.17590427
0.57199998	-0.44192913	0.24295644
0.57299998	-0.76276451	0.31323817
0.57399998	-0.87370819	0.36285064
0.57499998	-0.75867373	0.38465798
0.57599998	-0.46628937	0.37001723
0.57699998	-0.03770915	0.32095841
0.57799998	0.37007874	0.25682825
0.57899998	0.69629675	0.18716167
0.57999998	0.85036296	0.13167445
0.58099998	0.80859375	0.09833292
0.58199998	0.57643330	0.10420768
0.58299998	0.19026820	0.14840674
0.58399998	-0.23597440	0.20976870
0.58499998	-0.64096332	0.27946603
0.58599998	-0.85448450	0.33772147
0.58699998	-0.84661049	0.37589198
0.58799998	-0.63539618	0.37881398
0.58899998	-0.24920030	0.34608760
0.58999998	0.16446236	0.29060039
0.59099998	0.54392225	0.22031865
0.59199998	0.78503323	0.15911049
0.59299998	0.85039371	0.11611097
0.59399998	0.71450543	0.10442298
0.59499998	0.39979085	0.12561515
0.59599998	-0.01153420	0.17525837
0.59699998	-0.45949188	0.24612451
0.59799998	-0.76067299	0.31040847
0.59899998	-0.87263167	0.35885212
0.59999998	-0.76679379	0.37629184
0.60099998	-0.45687747	0.35992864
0.60199998	-0.06034695	0.31616017
0.60299998	0.36457309	0.25132260
0.60399998	0.68454725	0.18719243
0.60499998	0.85097808	0.13327387
0.60599998	0.81385332	0.10706816
0.60699998	0.58024728	0.11251231
0.60799998	0.20404774	0.14751476
0.60899998	-0.25965798	0.20687746
0.60999998	-0.62490773	0.27103838
0.61099998	-0.83978224	0.33040109
0.61199998	-0.83916706	0.36540353
0.61299998	-0.62186271	0.37084767
0.61399998	-0.26876229	0.34464198
0.61499998	0.16886073	0.29072341
0.61599998	0.54136932	0.22659326
0.61699998	0.79253817	0.16175567
0.61799998	0.85402310	0.11783341
0.61899998	0.71724284	0.10085507
0.61999998	0.40591165	0.12121678
0.62099998	-0.03291092	0.17575049
0.62199998	-0.44192913	0.24311024
0.62299998	-0.76276451	0.31397638
0.62399998	-0.87370819	0.36054379
0.62499998	-0.75867373	0.37567666
0.62599998	-0.46628937	0.36103591
0.62699998	-0.03770915	0.31862080
0.62799998	0.37023252	0.25759721
0.62899998	0.69706571	0.18731545
0.62999998	0.84787154	0.13167445
0.63099998	0.79884350	0.09833292
0.63199998	0.56975883	0.10420768
0.63299998	0.19697343	0.14840674
0.63399998	-0.22622417	0.20976870
0.63499998	-0.63850272	0.27946603
0.63599998	-0.85509968	0.33772147
0.63699998	-0.84599531	0.37589198
0.63799998	-0.63785678	0.37881398
0.63899998	-0.25891978	0.34608760
0.63999998	0.15794168	0.29075417
0.64099998	0.55136567	0.22108760
0.64199998	0.79229206	0.15680364
0.64299998	0.84313482	0.10712968
0.64399998	0.70724654	0.09541093
0.64499998	0.40708047	0.12327756
0.64599998	-0.00409080	0.17599656
0.64699998	-0.46598178	0.24627830
0.64799998	-0.77054626	0.31025466
0.64899998	-0.87586123	0.35808316
0.64999998	-0.76371801	0.37859866
0.65099998	-0.44771162	0.36894071
0.65199998	-0.05118110	0.32514149
0.65299998	0.36764887	0.25362942
0.65399998	0.68144071	0.18642348
0.65499998	0.84184301	0.13312007
0.65599998	0.80487204	0.10706816
0.65699998	0.57794046	0.11251231
0.65799998	0.20497048	0.14736098
0.65899998	-0.25873524	0.20610851
0.65999998	-0.62724531	0.27319142
0.66099998	-0.84876353	0.33864421
0.66199998	-0.84814835	0.37672243
0.66299998	-0.62416953	0.38213584
0.66399998	-0.26799336	0.35285434
0.66499998	0.16901451	0.29287648
0.66599998	0.54136932	0.22582431
0.66699998	0.79253817	0.16160187
0.66799998	0.85402310	0.11783341
0.66899998	0.71724284	0.10085507
0.66999998	0.40591165	0.12121678
0.67099998	-0.03291092	0.17575049
0.67199998	-0.44192913	0.24311024
0.67299998	-0.76276451	0.31397638
0.67399998	-0.87355435	0.36054379
0.67499998	-0.75790477	0.37567666
0.67599998	-0.46844241	0.36103591
0.67699998	-0.04595226	0.31862080
0.67799998	0.35875985	0.25744340
0.67899998	0.68497783	0.18654650
0.67999998	0.84211981	0.13413508
0.68099998	0.80640996	0.10811393
0.68199998	0.57720226	0.11088213
0.68299998	0.19042200	0.14173228
0.68399998	-0.23597440	0.20001845
0.68499998	-0.64096332	0.27697465
0.68599998	-0.85448450	0.33849040
0.68699998	-0.84661049	0.37604576
0.68799998	-0.63539618	0.37881398
0.68899998	-0.24920030	0.34608760
0.68999998	0.16446236	0.29060039
0.69099998	0.54392225	0.22031865
0.69199998	0.78503323	0.15911049
0.69299998	0.85039371	0.11611097
0.69399998	0.71465921	0.10442298
0.69499998	0.40055978	0.12561515
0.69599998	-0.01387180	0.17525837
0.69699998	-0.46847317	0.24612451
0.69799998	-0.76980805	0.31040847
0.69899998	-0.87570745	0.35885212
0.69999998	-0.76387179	0.37613803
0.70099998	-0.44848055	0.35915971
0.70199998	-0.04902805	0.31846702
0.70299998	0.37589198	0.26033464
0.70399998	0.69275957	0.19617371
0.70499998	0.85316193	0.13558070
0.70599998	0.81308442	0.10629921
0.70699998	0.58009350	0.11235851
0.70799998	0.20420152	0.14736098
0.70899998	-0.25888902	0.20610851
0.70999998	-0.62724531	0.27334523
0.71099998	-0.84876353	0.33938238
0.71199998	-0.84814835	0.37438485
0.71299998	-0.62416953	0.37318528
0.71399998	-0.26799336	0.34387302
0.71499998	0.16901451	0.29056963
0.71599998	0.54152310	0.22659326
0.71699998	0.79330707	0.16175567
0.71799998	0.85168552	0.11783341
0.71899998	0.70826155	0.10085507
0.71999998	0.39693037	0.12137057
0.72099998	-0.03521777	0.17651944
0.72199998	-0.44100639	0.24080339
0.72299998	-0.76184177	0.30499509
0.72399998	-0.87586123	0.35153174
0.72499998	-0.76688606	0.37333909
0.72599998	-0.47757751	0.36180487
0.72699998	-0.04902805	0.31880537
0.72799998	0.36198941	0.25759721
0.72899998	0.69488192	0.18731545
0.72999998	0.84864050	0.13167445
0.73099998	0.79899728	0.09833292
0.73199998	0.56975883	0.10420768
0.73299998	0.19697343	0.14840674
0.73399998	-0.22622417	0.20976870
0.73499998	-0.63850272	0.27946603
0.73599998	-0.85525346	0.33772147
0.73699998	-0.84676427	0.37589198
0.73799998	-0.63554996	0.37881398
0.73899998	-0.24996924	0.34608760
0.73999998	0.16676919	0.29060039
0.74099998	0.55290353	0.22031865
0.74199998	0.79382998	0.15911049
0.74299998	0.85193157	0.11611097
0.74399998	0.71622783	0.10442298
0.74499998	0.40938729	0.12561515
0.74599998	-0.00485974	0.17525837
0.74699998	-0.46613559	0.24612451
0.74799998	-0.77054626	0.31025466
0.74899998	-0.87586123	0.35808316
0.74999998	-0.76387179	0.37859866
0.75099998	-0.44848055	0.36894071
0.75199998	-0.04887426	0.32514149
0.75299998	0.37663016	0.25362942
0.75399998	0.69029897	0.18642348
0.75499998	0.84338093	0.13312007
0.75599998	0.80640996	0.10706816
0.75699998	0.58676797	0.11251231
0.75799998	0.21395177	0.14736098
0.75899998	-0.25639763	0.20610851
0.75999998	-0.62798351	0.27334523
0.76099998	-0.84891731	0.33938238
0.76199998	-0.84814835	0.37438485
0.76299998	-0.62416953	0.37318528
0.76399998	-0.26799336	0.34402683
0.76499998	0.16901451	0.29133859
0.76599998	0.54136932	0.22428642
0.76699998	0.79253817	0.15277436
0.76799998	0.85402310	0.10882135
0.76899998	0.71724284	0.09854823
0.76999998	0.40591165	0.12198573
0.77099998	-0.03291092	0.17590427
0.77199998	-0.44177535	0.24311024
0.77299998	-0.76199555	0.31397638
0.77399998	-0.87586123	0.36054379
0.77499998	-0.76688606	0.37567666
0.77599998	-0.47742373	0.36103591
0.77699998	-0.04825911	0.31862080
0.77799998	0.35952878	0.25759721
0.77899998	0.68513167	0.18731545
0.77999998	0.84211981	0.13167445
0.78099998	0.80640996	0.09833292
0.78199998	0.57704848	0.10420768
0.78299998	0.18968381	0.14840674
0.78399998	-0.23366757	0.20976870
0.78499998	-0.63198203	0.27946603
0.78599998	-0.84538019	0.33772147
0.78699998	-0.84353471	0.37589198
0.78799998	-0.63862574	0.37881398
0.78899998	-0.25907359	0.34608760
0.78999998	0.15778789	0.29060039
0.79099998	0.55059671	0.22031865
0.79199998	0.79475272	0.15911049
0.79299998	0.85285431	0.11611097
0.79399998	0.71389025	0.10442298
0.79499998	0.40040600	0.12561515
0.79599998	-0.01387180	0.17525837
0.79699998	-0.46847317	0.24612451
0.79799998	-0.76962352	0.31040847
0.79899998	-0.87493849	0.35885212
0.79999998	-0.76617867	0.37629184
0.80099998	-0.45749262	0.35992864
0.80199998	-0.05785556	0.31631398
0.80299998	0.37432334	0.25209153
0.80399998	0.69122171	0.18485482
0.80499998	0.84430367	0.12429257
0.80599998	0.80410308	0.09808686
0.80699998	0.57778668	0.11020546
0.80799998	0.20497048	0.14812993
0.80899998	-0.25873524	0.20626231
0.80999998	-0.62709153	0.27334523
0.81099998	-0.84799457	0.33938238
0.81199998	-0.85045522	0.37438485
0.81299998	-0.63315082	0.37318528
0.81399998	-0.27694389	0.34402683
0.81499998	0.16670768	0.29133859
0.81599998	0.54213828	0.22428642
0.81699998	0.79269195	0.15277436
0.81799998	0.85402310	0.10882135
0.81899998	0.71724284	0.09854823
0.81999998	0.40591165	0.12213952
0.82099998	-0.03291092	0.17667323
0.82199998	-0.44177535	0.24080339
0.82299998	-0.76199555	0.30499509
0.82399998	-0.87601501	0.35153174
0.82499998	-0.76765501	0.37333909
0.82599998	-0.47523990	0.36180487
0.82699998	-0.04004675	0.31880537
0.82799998	0.37100148	0.25744340
0.82899998	0.69721949	0.18654650
0.82999998	0.84802532	0.13398130
0.83099998	0.79961246	0.10734498
0.83199998	0.56745201	0.11318897
0.83299998	0.18796137	0.15074433
0.83399998	-0.23523621	0.20903051
0.83499998	-0.64080954	0.27928150
0.83599998	-0.85433072	0.33772147
0.83699998	-0.84584153	0.37589198
0.83799998	-0.63785678	0.37881398
0.83899998	-0.25891978	0.34608760
0.83999998	0.15778789	0.29060039
0.84099998	0.55059671	0.22031865
0.84199998	0.79475272	0.15911049
0.84299998	0.85285431	0.11611097
0.84399998	0.71389025	0.10442298
0.84499998	0.40040600	0.12561515
0.84599998	-0.01387180	0.17525837
0.84699998	-0.46847317	0.24612451
0.84799998	-0.76980805	0.31040847
0.84899998	-0.87570745	0.35885212
0.84999998	-0.76371801	0.37629184
0.85099998	-0.44771162	0.35992864
0.85199998	-0.05118110	0.31616017
0.85299998	0.36764887	0.25132260
0.85399998	0.68144071	0.18719243
0.85499998	0.84184301	0.13327387
0.85599998	0.80487204	0.10706816
0.85699998	0.57794046	0.11251231
0.85799998	0.20497048	0.14736098
0.85899998	-0.25873524	0.20610851
0.85999998	-0.62709153	0.27334523
0.86099998	-0.84799457	0.33938238
0.86199998	-0.85045522	0.37438485
0.86299998	-0.63315082	0.37318528
0.86399998	-0.27694389	0.34402683
0.86499998	0.16670768	0.29133859
0.86599998	0.54213828	0.22428642
0.86699998	0.79269195	0.15277436
0.86799998	0.85402310	0.10882135
0.86899998	0.71724284	0.09854823
0.86999998	0.40591165	0.12198573
0.87099998	-0.03291092	0.17590427
0.87199998	-0.44192913	0.24311024
0.87299998	-0.76276451	0.31397638
0.87399998	-0.87355435	0.36054379
0.87499998	-0.75790477	0.37567666
0.87599998	-0.46859622	0.36103591
0.87699998	-0.04672121	0.31862080
0.87799998	0.36106667	0.25759721
0.87899998	0.69398993	0.18731545
0.87999998	0.85110110	0.13167445
0.88099998	0.80874753	0.09833292
0.88199998	0.57627952	0.10420768
0.88299998	0.18953001	0.14840674
0.88399998	-0.23366757	0.20992249
0.88499998	-0.63198203	0.28020424
0.88599998	-0.84538019	0.33541462
0.88699998	-0.84353471	0.36687991
0.88799998	-0.63862574	0.36980191
0.88899998	-0.25907359	0.34378076
0.88999998	0.15778789	0.29136935
0.89099998	0.55059671	0.22047244
0.89199997	0.79475272	0.15911049
0.89299997	0.85285431	0.11611097
0.89399997	0.71389025	0.10442298
0.89499997	0.40040600	0.12561515
0.89599997	-0.01387180	0.17525837
0.89699997	-0.46847317	0.24612451
0.89799997	-0.76962352	0.31025466
0.89899997	-0.87493849	0.35808316
0.89999997	-0.76617867	0.37859866
0.90099997	-0.45749262	0.36894071
0.90199997	-0.05785556	0.32514149
0.90299997	0.37432334	0.25362942
0.90399997	0.69122171	0.18642348
0.90499997	0.84430367	0.13312007
0.90599997	0.80410308	0.10706816
0.90699997	0.57778668	0.11251231
0.90799997	0.20497048	0.14736098
0.90899997	-0.25873524	0.20610851
0.90999997	-0.62724531	0.27319142
0.91099997	-0.84876353	0.33864421
0.91199997	-0.84814835	0.37672243
0.91299997	-0.62416953	0.38213584
0.91399997	-0.26799336	0.35285434
0.91499997	0.16901451	0.29287648
0.91599997	0.54136932	0.22582431
0.91699997	0.79253817	0.16160187
0.91799997	0.85402310	0.11783341
0.91899997	0.71724284	0.10085507
0.91999997	0.40591165	0.12121678
0.92099997	-0.03291092	0.17575049
0.92199997	-0.44177535	0.24295644
0.92299997	-0.76199555	0.31323817
0.92399997	-0.87601501	0.36285064
0.92499997	-0.76765501	0.38465798
0.92599997	-0.47523990	0.37001723
0.92699997	-0.04004675	0.32095841
0.92799997	0.37081692	0.25682825
0.92899997	0.69645053	0.18716167
0.92999997	0.85036296	0.13167445
0.93099997	0.80859375	0.09833292
0.93199997	0.57627952	0.10420768
0.93299997	0.18953001	0.14840674
0.93399997	-0.23366757	0.20992249
0.93499997	-0.63198203	0.28020424
0.93599997	-0.84553397	0.33541462
0.93699997	-0.84430367	0.36687991
0.93799997	-0.63631892	0.36980191
0.93899997	-0.25012302	0.34378076
0.93999997	0.16676919	0.29152313
0.94099997	0.55290353	0.22124138
0.94199997	0.79398376	0.15680364
0.94299997	0.85270053	0.10712968
0.94399997	0.71389025	0.09541093
0.94499997	0.40040600	0.12327756
0.94599997	-0.01387180	0.17599656
0.94699997	-0.46847317	0.24627830
0.94799997	-0.76980805	0.31040847
0.94899997	-0.87570745	0.35885212
0.94999997	-0.76371801	0.37613803
0.95099997	-0.44771162	0.35915971
0.95199997	-0.05118110	0.31846702
0.95299997	0.36764887	0.26033464
0.95399997	0.68144071	0.19617371
0.95499997	0.84184301	0.13558070
0.95599997	0.80487204	0.10629921
0.95699997	0.57794046	0.11235851
0.95799997	0.20497048	0.14736098
0.95899997	-0.25873524	0.20610851
0.95999997	-0.62724531	0.27334523
0.96099997	-0.84876353	0.33938238
0.96199997	-0.84814835	0.37438485
0.96299997	-0.62416953	0.37318528
0.96399997	-0.26799336	0.34402683
0.96499997	0.16901451	0.29133859
0.96599997	0.54136932	0.22428642
0.96699997	0.79253817	0.15277436
0.96799997	0.85402310	0.10882135
0.96899997	0.71724284	0.09854823
0.96999997	0.40591165	0.12198573
0.97099997	-0.03291092	0.17590427
0.97199997	-0.44192913	0.24311024
0.97299997	-0.76276451	0.31397638
0.97399997	-0.87355435	0.36054379
0.97499997	-0.75790477	0.37567666
0.97599997	-0.46844241	0.36103591
0.97699997	-0.04595226	0.31862080
0.97799997	0.35875985	0.25759721
0.97899997	0.68497783	0.18731545
0.97999997	0.84211981	0.13167445
0.98099997	0.80640996	0.09833292
0.98199997	0.57704848	0.10420768
0.98299997	0.18968381	0.14840674
0.98399997	-0.23366757	0.20976870
0.98499997	-0.63198203	0.27946603
0.98599997	-0.84538019	0.33772147
0.98699997	-0.84353471	0.37589198
0.98799997	-0.63862574	0.37881398
0.98899997	-0.25907359	0.34608760
0.98999997	0.15778789	0.29075417
0.99099997	0.55059671	0.22108760
0.99199997	0.79475272	0.15680364
0.99299997	0.85285431	0.10712968
0.99399997	0.71389025	0.09541093
0.99499997	0.40040600	0.12327756
0.99599997	-0.01387180	0.17599656
0.99699997	-0.46847317	0.24627830
0.99799997	-0.76962352	0.31040847
0.99899997	-0.87493849	0.35885212
0.99999997	-0.76617867	0.37613803
1.00099997	-0.45749262	0.35915971
1.00199997	-0.05785556	0.31862080
1.00299997	0.37432334	0.26107284
1.00399997	0.69122171	0.19386688
1.00499997	0.84430367	0.12663017
1.00599997	0.80410308	0.09716412
1.00699997	0.57778668	0.10928272
1.00799997	0.20481668	0.15043676
1.00899997	-0.25950417	0.21527436
1.00999997	-0.62475395	0.28235728
1.01099997	-0.83901328	0.34171999
1.01199997	-0.84147394	0.37361589
1.01299997	-0.63081324	0.37303150
1.01399997	-0.27771285	0.34402683
1.01499997	0.16655388	0.29133859
1.01599997	0.54213828	0.22428642
1.01699997	0.79269195	0.15277436
1.01799997	0.85402310	0.10882135
1.01899997	0.71724284	0.09854823
1.01999997	0.40591165	0.12213952
1.02099997	-0.03291092	0.17667323
1.02199997	-0.44177535	0.24064961
1.02299997	-0.76199555	0.30422613
1.02399997	-0.87601501	0.35386935
1.02499997	-0.76765501	0.38235113
1.02599997	-0.47523990	0.37078616
1.02699997	-0.04004675	0.32111222
1.02799997	0.37100148	0.25667447
1.02899997	0.69721949	0.18639271
1.02999997	0.84802532	0.13398130
1.03099997	0.79961246	0.10734498
1.03199997	0.56729823	0.11318897
1.03299997	0.18719243	0.15074433
1.03399997	-0.23289862	0.20903051
1.03499997	-0.63182825	0.27928150
1.03599997	-0.84553397	0.33772147
1.03699997	-0.84430367	0.37589198
1.03799997	-0.63631892	0.37881398
1.03899997	-0.25012302	0.34608760
1.03999997	0.16676919	0.29060039
1.04099997	0.55290353	0.22031865
1.04199997	0.79398376	0.15911049
1.04299997	0.85270053	0.11611097
1.04399997	0.71389025	0.10442298
1.04499997	0.40040600	0.12561515
1.04599997	-0.01387180	0.17525837
1.04699997	-0.46847317	0.24612451
1.04799997	-0.76980805	0.31040847
1.04899997	-0.87570745	0.35885212
1.04999997	-0.76387179	0.37629184
1.05099997	-0.44848055	0.35992864
1.05199997	-0.04887426	0.31616017
1.05299997	0.37663016	0.25132260
1.05399997	0.69045275	0.18719243
1.05499997	0.84414983	0.13327387
1.05599997	0.80410308	0.10691437
1.05699997	0.57778668	0.11174335
1.05799997	0.20481668	0.14969857
1.05899997	-0.25950417	0.21512057
1.05999997	-0.62490773	0.28220350
1.06099997	-0.83978224	0.34095103
1.06199997	-0.83916706	0.37595350
1.06299997	-0.62186271	0.38198203
1.06399997	-0.26876229	0.35285434
1.06499997	0.16886073	0.29287648
1.06599997	0.54136932	0.22582431
1.06699997	0.79253817	0.16160187
1.06799997	0.85417694	0.11783341
1.06899997	0.71801180	0.10085507
1.06999997	0.40357405	0.12121678
1.07099997	-0.04192298	0.17575049
1.07199997	-0.45094118	0.24311024
1.07299997	-0.76510209	0.31397638
1.07399997	-0.87293923	0.36054379
1.07499997	-0.75851995	0.37567666
1.07599997	-0.46628937	0.36103591
1.07699997	-0.03770915	0.31862080
1.07799997	0.37007874	0.25759721
1.07899997	0.69629675	0.18731545
1.07999997	0.85036296	0.13167445
1.08099997	0.80859375	0.09833292
1.08199997	0.57643330	0.10420768
1.08299997	0.19026820	0.14840674
1.08399997	-0.23597440	0.20976870
1.08499997	-0.64096332	0.27946603
1.08599997	-0.85433072	0.33772147
1.08699997	-0.84584153	0.37589198
1.08799997	-0.63785678	0.37881398
1.08899997	-0.25891978	0.34608760
1.08999997	0.15778789	0.29060039
1.09099997	0.55059671	0.22031865
1.09199997	0.79475272	0.15911049
1.09299997	0.85285431	0.11611097
1.09399997	0.71389025	0.10442298
1.09499997	0.40040600	0.12561515
1.09599997	-0.01387180	0.17525837
1.09699997	-0.46847317	0.24612451
1.09799997	-0.76962352	0.31025466
1.09899997	-0.87493849	0.35808316
1.09999997	-0.76617867	0.37859866
1.10099997	-0.45749262	0.36894071
1.10199997	-0.05785556	0.32514149
1.10299997	0.37432334	0.25362942
1.10399997	0.69122171	0.18642348
1.10499997	0.84430367	0.13312007
1.10599997	0.80410308	0.10706816
1.10699997	0.57778668	0.11251231
1.10799997	0.20481668	0.14736098
1.10899997	-0.25950417	0.20610851
1.10999997	-0.62475395	0.27334523
1.11099997	-0.83901328	0.33938238
1.11199997	-0.84162772	0.37438485
1.11299997	-0.63158220	0.37318528
1.11399997	-0.27540600	0.34387302
1.11499997	0.17553519	0.29056963
1.11599997	0.55127335	0.22659326
1.11699997	0.79576772	0.16175567
1.11799997	0.85091656	0.11783341
1.11899997	0.70810777	0.10085507
1.11999997	0.39693037	0.12121678
1.12099997	-0.03521777	0.17575049
1.12199997	-0.44100639	0.24311024
1.12299997	-0.76184177	0.31397638
1.12399997	-0.87601501	0.36054379
1.12499997	-0.76765501	0.37567666
1.12599997	-0.47523990	0.36103591
1.12699997	-0.04004675	0.31862080
1.12799997	0.37100148	0.25759721
1.12899997	0.69721949	0.18731545
1.12999997	0.84802532	0.13167445
1.13099997	0.79961246	0.09833292
1.13199997	0.56745201	0.10420768
1.13299997	0.18796137	0.14840674
1.13399997	-0.23523621	0.20976870
1.13499997	-0.64080954	0.27946603
1.13599997	-0.85448450	0.33772147
1.13699997	-0.84661049	0.37589198
1.13799997	-0.63554996	0.37881398
1.13899997	-0.24996924	0.34608760
1.13999997	0.16676919	0.29060039
1.14099997	0.55290353	0.22031865
1.14199997	0.79398376	0.15911049
1.14299997	0.85270053	0.11611097
1.14399997	0.71389025	0.10442298
1.14499997	0.40040600	0.12561515
1.14599997	-0.01387180	0.17525837
1.14699997	-0.46847317	0.24612451
1.14799997	-0.76980805	0.31040847
1.14899997	-0.87570745	0.35885212
1.14999997	-0.76371801	0.37629184
1.15099997	-0.44771162	0.35992864
1.15199997	-0.05118110	0.31616017
1.15299997	0.36764887	0.25132260
1.15399997	0.68144071	0.18719243
1.15499997	0.84184301	0.13327387
1.15599997	0.80487204	0.10706816
1.15699997	0.57794046	0.11251231
1.15799997	0.20481668	0.14736098
1.15899997	-0.25950417	0.20610851
1.15999997	-0.62490773	0.27334523
1.16099997	-0.83978224	0.33938238
1.16199997	-0.83916706	0.37438485
1.16299997	-0.62186271	0.37318528
1.16399997	-0.26876229	0.34387302
1.16499997	0.16886073	0.29056963
1.16599997	0.54136932	0.22659326
1.16699997	0.79253817	0.16175567
1.16799997	0.85402310	0.11783341
1.16899997	0.71724284	0.10085507
1.16999997	0.40591165	0.12121678
1.17099997	-0.03291092	0.17575049
1.17199997	-0.44192913	0.24295644
1.17299997	-0.76276451	0.31323817
1.17399997	-0.87355435	0.36285064
1.17499997	-0.75790477	0.38465798
1.17599997	-0.46859622	0.37001723
1.17699997	-0.04672121	0.32095841
1.17799997	0.36106667	0.25667447
1.17899997	0.69398993	0.18639271
1.17999997	0.85110110	0.13398130
1.18099997	0.80874753	0.10734498
1.18199997	0.57627952	0.11318897
1.18299997	0.18953001	0.15074433
1.18399997	-0.23366757	0.20903051
1.18499997	-0.63198203	0.27928150
1.18599997	-0.84538019	0.33772147
1.18699997	-0.84353471	0.37589198
1.18799997	-0.63862574	0.37881398
1.18899997	-0.25907359	0.34608760
1.18999997	0.15778789	0.29060039
1.19099997	0.55059671	0.22031865
1.19199997	0.79475272	0.15911049
1.19299997	0.85285431	0.11611097
1.19399997	0.71389025	0.10457677
1.19499997	0.40040600	0.12638411
1.19599997	-0.01387180	0.17292076
1.19699997	-0.46847317	0.23711245
1.19799997	-0.76962352	0.30139640
1.19899997	-0.87493849	0.35654527
1.19999997	-0.76617867	0.37690699
1.20099997	-0.45749262	0.35931349
1.20199997	-0.05785556	0.31846702
1.20299997	0.37432334	0.26033464
1.20399997	0.69122171	0.19617371
1.20499997	0.84430367	0.13558070
1.20599997	0.80410308	0.10629921
1.20699997	0.57778668	0.11235851
1.20799997	0.20481668	0.14736098
1.20899997	-0.25950417	0.20610851
1.20999997	-0.62475395	0.27334523
1.21099997	-0.83901328	0.33938238
1.21199997	-0.84147394	0.37438485
1.21299997	-0.63081324	0.37318528
1.21399997	-0.27771285	0.34387302
1.21499997	0.16655388	0.29056963
1.21599997	0.54213828	0.22659326
1.21699997	0.79269195	0.16175567
1.21799997	0.85402310	0.11783341
1.21899997	0.71724284	0.10085507
1.21999997	0.40591165	0.12121678
1.22099997	-0.03291092	0.17575049
1.22199997	-0.44177535	0.24311024
1.22299997	-0.76199555	0.31397638
1.22399997	-0.87601501	0.36054379
1.22499997	-0.76765501	0.37567666
1.22599997	-0.47523990	0.36103591
1.22699997	-0.04004675	0.31862080
1.22799997	0.37100148	0.25759721
1.22899997	0.69721949	0.18731545
1.22999997	0.84787154	0.13167445
1.23099997	0.79884350	0.09833292
1.23199997	0.56975883	0.10420768
1.23299997	0.19697343	0.14840674
1.23399997	-0.22607037	0.20976870
1.23499997	-0.63773376	0.27946603
1.23599997	-0.85756028	0.33772147
1.23699997	-0.85574555	0.37589198
1.23799997	-0.64453125	0.37881398
1.23899997	-0.25227609	0.34608760
1.23999997	0.16753814	0.29075417
1.24099997	0.55305731	0.22108760
1.24199997	0.79382998	0.15680364
1.24299997	0.85193157	0.10712968
1.24399997	0.71622783	0.09541093
1.24499997	0.40938729	0.12327756
1.24599996	-0.00485974	0.17599656
1.24699996	-0.46613559	0.24627830
1.24799996	-0.77039248	0.31040847
1.24899996	-0.87509227	0.35885212
1.24999996	-0.76602483	0.37629184
1.25099996	-0.45672366	0.35992864
1.25199996	-0.06019316	0.31616017
1.25299996	0.36531126	0.25132260
1.25399996	0.68220967	0.18719243
1.25499996	0.84199679	0.13327387
1.25599996	0.80487204	0.10706816
1.25699996	0.57794046	0.11251231
1.25799996	0.20497048	0.14751476
1.25899996	-0.25873524	0.20687746
1.25999996	-0.62724531	0.27103838
1.26099996	-0.84876353	0.33040109
1.26199996	-0.84814835	0.36540353
1.26299996	-0.62416953	0.37084767
1.26399996	-0.26799336	0.34464198
1.26499996	0.16901451	0.29072341
1.26599996	0.54136932	0.22659326
1.26699996	0.79253817	0.16175567
1.26799996	0.85417694	0.11783341
1.26899996	0.71801180	0.10085507
1.26999996	0.40357405	0.12121678
1.27099996	-0.04192298	0.17575049
1.27199996	-0.45094118	0.24311024
1.27299996	-0.76510209	0.31397638
1.27399996	-0.87278545	0.36054379
1.27499996	-0.75775099	0.37567666
1.27599996	-0.46859622	0.36103591
1.27699996	-0.04672121	0.31862080
1.27799996	0.36106667	0.25759721
1.27899996	0.69398993	0.18731545
1.27999996	0.85110110	0.13167445
1.28099996	0.80874753	0.09833292
1.28199996	0.57627952	0.10420768
1.28299996	0.18953001	0.14840674
1.28399996	-0.23366757	0.20976870
1.28499996	-0.63198203	0.27946603
1.28599996	-0.84553397	0.33772147
1.28699996	-0.84430367	0.37589198
1.28799996	-0.63631892	0.37881398
1.28899996	-0.25012302	0.34608760
1.28999996	0.16676919	0.29060039
1.29099996	0.55290353	0.22031865
1.29199996	0.79398376	0.15911049
1.29299996	0.85270053	0.11611097
1.29399996	0.71373647	0.10442298
1.29499996	0.39963704	0.12561515
1.29599996	-0.01153420	0.17525837
1.29699996	-0.45949188	0.24612451
1.29799996	-0.76082677	0.31040847
1.29899996	-0.87340057	0.35885212
1.29999996	-0.76460999	0.37629184
1.30099996	-0.44863436	0.35992864
1.30199996	-0.04887426	0.31616017
1.30299996	0.37663016	0.25132260
1.30399996	0.69045275	0.18719243
1.30499996	0.84414983	0.13327387
1.30599996	0.80410308	0.10706816
1.30699996	0.57778668	0.11251231
1.30799996	0.20481668	0.14751476
1.30899996	-0.25950417	0.20687746
1.30999996	-0.62475395	0.27103838
1.31099996	-0.83901328	0.33040109
1.31199996	-0.84147394	0.36540353
1.31299996	-0.63081324	0.37084767
1.31399996	-0.27771285	0.34464198
1.31499996	0.16655388	0.29072341
1.31599996	0.54213828	0.22659326
1.31699996	0.79269195	0.16175567
1.31799996	0.85402310	0.11783341
1.31899996	0.71724284	0.10085507
1.31999996	0.40591165	0.12137057
1.32099996	-0.03291092	0.17651944
1.32199996	-0.44177535	0.24064961
1.32299996	-0.76199555	0.30422613
1.32399996	-0.87601501	0.35386935
1.32499996	-0.76765501	0.38235113
1.32599996	-0.47523990	0.37078616
1.32699996	-0.04004675	0.32111222
1.32799996	0.37081692	0.25667447
1.32899996	0.69645053	0.18639271
1.32999996	0.85020918	0.13398130
1.33099996	0.80782479	0.10734498
1.33199996	0.57874018	0.11318897
1.33299996	0.19928026	0.15074433
1.33399996	-0.22699311	0.20903051
1.33499996	-0.63865650	0.27928150
1.33599996	-0.85525346	0.33772147
1.33699996	-0.84676427	0.37589198
1.33799996	-0.63554996	0.37881398
1.33899996	-0.24996924	0.34608760
1.33999996	0.16692299	0.29075417
1.34099996	0.55367249	0.22108760
1.34199996	0.79152310	0.15680364
1.34299996	0.84295028	0.10712968
1.34399996	0.70724654	0.09541093
1.34499996	0.40708047	0.12327756
1.34599996	-0.00409080	0.17599656
1.34699996	-0.46598178	0.24627830
1.34799996	-0.77054626	0.31025466
1.34899996	-0.87586123	0.35808316
1.34999996	-0.76371801	0.37844488
1.35099996	-0.44771162	0.36817175
1.35199996	-0.05118110	0.32747909
1.35299996	0.36764887	0.26264149
1.35399996	0.68144071	0.19540477
1.35499996	0.84184301	0.13542692
1.35599996	0.80502582	0.10629921
1.35699996	0.57870942	0.11235851
1.35799996	0.20266363	0.14736098
1.35899996	-0.26768577	0.20610851
1.35999996	-0.63619584	0.27334523
1.36099996	-0.85107034	0.33938238
1.36199996	-0.84737945	0.37438485
1.36299996	-0.62401575	0.37318528
1.36399996	-0.26799336	0.34402683
1.36499996	0.16901451	0.29133859
1.36599996	0.54136932	0.22428642
1.36699996	0.79253817	0.15277436
1.36799996	0.85402310	0.10882135
1.36899996	0.71724284	0.09854823
1.36999996	0.40591165	0.12213952
1.37099996	-0.03291092	0.17667323
1.37199996	-0.44192913	0.24064961
1.37299996	-0.76276451	0.30422613
1.37399996	-0.87370819	0.35386935
1.37499996	-0.75867373	0.38235113
1.37599996	-0.46628937	0.37078616
1.37699996	-0.03770915	0.32111222
1.37799996	0.37007874	0.25667447
1.37899996	0.69629675	0.18639271
1.37999996	0.85036296	0.13398130
1.38099996	0.80859375	0.10734498
1.38199996	0.57643330	0.11318897
1.38299996	0.19026820	0.15074433
1.38399996	-0.23597440	0.20903051
1.38499996	-0.64096332	0.27928150
1.38599996	-0.85448450	0.33772147
1.38699996	-0.84661049	0.37589198
1.38799996	-0.63554996	0.37881398
1.38899996	-0.24996924	0.34608760
1.38999996	0.16676919	0.29075417
1.39099996	0.55290353	0.22108760
1.39199996	0.79398376	0.15680364
1.39299996	0.85270053	0.10712968
1.39399996	0.71389025	0.09541093
1.39499996	0.40040600	0.12327756
1.39599996	-0.01387180	0.17599656
1.39699996	-0.46847317	0.24627830
1.39799996	-0.76980805	0.31025466
1.39899996	-0.87570745	0.35808316
1.39999996	-0.76371801	0.37859866
1.40099996	-0.44771162	0.36894071
1.40199996	-0.05133489	0.32514149
1.40299996	0.36687991	0.25362942
1.40399996	0.68377829	0.18642348
1.40499996	0.85082430	0.13312007
1.40599996	0.81385332	0.10706816
1.40699996	0.58024728	0.11251231
1.40799996	0.20404774	0.14736098
1.40899996	-0.25965798	0.20610851
1.40999996	-0.62490773	0.27334523
1.41099996	-0.83978224	0.33938238
1.41199996	-0.83916706	0.37438485
1.41299996	-0.62186271	0.37318528
1.41399996	-0.26876229	0.34387302
1.41499996	0.16886073	0.29056963
1.41599996	0.54136932	0.22659326
1.41699996	0.79253817	0.16175567
1.41799996	0.85402310	0.11798720
1.41899996	0.71724284	0.10162401
1.41999996	0.40591165	0.11890994
1.42099996	-0.03291092	0.16673844
1.42199996	-0.44177535	0.23397514
1.42299996	-0.76199555	0.31090060
1.42399996	-0.87601501	0.36361960
1.42499996	-0.76765501	0.38481176
1.42599996	-0.47523990	0.37001723
1.42699996	-0.04004675	0.32095841
1.42799996	0.37081692	0.25682825
1.42899996	0.69645053	0.18716167
1.42999996	0.85036296	0.13167445
1.43099996	0.80859375	0.09833292
1.43199996	0.57643330	0.10420768
1.43299996	0.19026820	0.14840674
1.43399996	-0.23597440	0.20976870
1.43499996	-0.64096332	0.27946603
1.43599996	-0.85433072	0.33772147
1.43699996	-0.84584153	0.37589198
1.43799996	-0.63785678	0.37881398
1.43899996	-0.25891978	0.34608760
1.43999996	0.15778789	0.29060039
1.44099996	0.55059671	0.22031865
1.44199996	0.79459894	0.15911049
1.44299996	0.85208535	0.11611097
1.44399996	0.71622783	0.10442298
1.44499996	0.40938729	0.12561515
1.44599996	-0.00485974	0.17525837
1.44699996	-0.46613559	0.24612451
1.44799996	-0.77054626	0.31040847
1.44899996	-0.87586123	0.35885212
1.44999996	-0.76387179	0.37629184
1.45099996	-0.44848055	0.35992864
1.45199996	-0.04887426	0.31616017
1.45299996	0.37663016	0.25132260
1.45399996	0.69045275	0.18719243
1.45499996	0.84414983	0.13327387
1.45599996	0.80410308	0.10706816
1.45699996	0.57778668	0.11251231
1.45799996	0.20497048	0.14736098
1.45899996	-0.25873524	0.20610851
1.45999996	-0.62724531	0.27334523
1.46099996	-0.84876353	0.33938238
1.46199996	-0.84814835	0.37438485
1.46299996	-0.62416953	0.37318528
1.46399996	-0.26799336	0.34387302
1.46499996	0.16901451	0.29056963
1.46599996	0.54136932	0.22659326
1.46699996	0.79253817	0.16175567
1.46799996	0.85402310	0.11783341
1.46899996	0.71724284	0.10085507
1.46999996	0.40591165	0.12121678
1.47099996	-0.03291092	0.17575049
1.47199996	-0.44192913	0.24311024
1.47299996	-0.76276451	0.31397638
1.47399996	-0.87370819	0.36054379
1.47499996	-0.75867373	0.37567666
1.47599996	-0.46628937	0.36103591
1.47699996	-0.03770915	0.31862080
1.47799996	0.37007874	0.25759721
1.47899996	0.69629675	0.18731545
1.47999996	0.85036296	0.13167445
1.48099996	0.80859375	0.09833292
1.48199996	0.57643330	0.10420768
1.48299996	0.19026820	0.14840674
1.48399996	-0.23597440	0.20976870
1.48499996	-0.64096332	0.27946603
1.48599996	-0.85433072	0.33772147
1.48699996	-0.84584153	0.37589198
1.48799996	-0.63785678	0.37881398
1.48899996	-0.25891978	0.34608760
1.48999996	0.15778789	0.29060039
1.49099996	0.55059671	0.22031865
1.49199996	0.79475272	0.15911049
1.49299996	0.85285431	0.11611097
1.49399996	0.71389025	0.10442298
1.49499996	0.40040600	0.12561515
1.49599996	-0.01387180	0.17525837
1.49699996	-0.46847317	0.24612451
1.49799996	-0.76962352	0.31040847
1.49899996	-0.87493849	0.35885212
1.49999996	-0.76617867	0.37629184
1.50099996	-0.45749262	0.35992864
1.50199996	-0.05800935	0.31616017
1.50299996	0.37355438	0.25132260
1.50399996	0.69352853	0.18719243
1.50499996	0.85331571	0.13327387
1.50599996	0.81308442	0.10706816
1.50699996	0.58009350	0.11251231
1.50799996	0.20404774	0.14736098
1.50899996	-0.25965798	0.20610851
1.50999996	-0.62490773	0.27319142
1.51099996	-0.83978224	0.33864421
1.51199996	-0.83916706	0.37672243
1.51299996	-0.62186271	0.38213584
1.51399996	-0.26876229	0.35285434
1.51499996	0.16886073	0.29287648
1.51599996	0.54152310	0.22582431
1.51699996	0.79330707	0.16160187
1.51799996	0.85168552	0.11783341
1.51899996	0.70826155	0.10085507
1.51999996	0.39693037	0.12121678
1.52099996	-0.03521777	0.17575049
1.52199996	-0.44116017	0.24311024
1.52299996	-0.76261073	0.31397638
1.52399996	-0.87370819	0.36054379
1.52499996	-0.75867373	0.37567666
1.52599996	-0.46628937	0.36103591
1.52699996	-0.03770915	0.31862080
1.52799996	0.37007874	0.25759721
1.52899996	0.69629675	0.18731545
1.52999996	0.85036296	0.13167445
1.53099996	0.80859375	0.09833292
1.53199996	0.57643330	0.10420768
1.53299996	0.19026820	0.14840674
1.53399996	-0.23597440	0.20976870
1.53499996	-0.64096332	0.27946603
1.53599996	-0.85448450	0.33772147
1.53699996	-0.84661049	0.37589198
1.53799996	-0.63539618	0.37881398
1.53899996	-0.24920030	0.34608760
1.53999996	0.16446236	0.29060039
1.54099996	0.54392225	0.22031865
1.54199996	0.78503323	0.15911049
1.54299996	0.85039371	0.11611097
1.54399996	0.71465921	0.10442298
1.54499996	0.40055978	0.12561515
1.54599996	-0.01387180	0.17525837
1.54699996	-0.46847317	0.24612451
1.54799996	-0.76980805	0.31040847
1.54899996	-0.87570745	0.35885212
1.54999996	-0.76387179	0.37629184
1.55099996	-0.44848055	0.35992864
1.55199996	-0.04887426	0.31616017
1.55299996	0.37663016	0.25132260
1.55399996	0.69045275	0.18719243
1.55499996	0.84414983	0.13327387
1.55599996	0.80410308	0.10691437
1.55699996	0.57778668	0.11174335
1.55799996	0.20497048	0.14985237
1.55899996	-0.25873524	0.21588951
1.55999996	-0.62724531	0.28001967
1.56099996	-0.84876353	0.33270791
1.56199996	-0.84814835	0.36463460
1.56299996	-0.62416953	0.37069389
1.56399996	-0.26799336	0.34464198
1.56499996	0.16901451	0.29072341
1.56599996	0.54136932	0.22659326
1.56699996	0.79253817	0.16175567
1.56799996	0.85402310	0.11783341
1.56899996	0.71724284	0.10085507
1.56999996	0.40591165	0.12121678
1.57099996	-0.03291092	0.17575049
1.57199996	-0.44192913	0.24311024
1.57299996	-0.76276451	0.31397638
1.57399996	-0.87370819	0.36054379
1.57499996	-0.75867373	0.37567666
1.57599996	-0.46628937	0.36103591
1.57699996	-0.03770915	0.31862080
1.57799996	0.37007874	0.25759721
1.57899996	0.69629675	0.18731545
1.57999996	0.85036296	0.13167445
1.58099996	0.80859375	0.09833292
1.58199996	0.57643330	0.10436147
1.58299996	0.19026820	0.14917569
1.58399996	-0.23597440	0.20746186
1.58499996	-0.64096332	0.27045399
1.58599996	-0.85448450	0.32874015
1.58699996	-0.84661049	0.37355438
1.58799996	-0.63539618	0.37958291
1.58899996	-0.24920030	0.34624138
1.58999996	0.16446236	0.29060039
1.59099996	0.54392225	0.22031865
1.59199996	0.78503323	0.15911049
1.59299996	0.85039371	0.11611097
1.59399996	0.71465921	0.10442298
1.59499996	0.40055978	0.12561515
1.59599996	-0.01387180	0.17525837
1.59699996	-0.46847317	0.24612451
1.59799996	-0.76962352	0.31040847
1.59899995	-0.87493849	0.35885212
1.59999995	-0.76602483	0.37629184
1.60099995	-0.45672366	0.35992864
1.60199995	-0.06034695	0.31616017
1.60299995	0.36457309	0.25132260
1.60399995	0.68454725	0.18719243
1.60499995	0.85097808	0.13327387
1.60599995	0.81400710	0.10706816
1.60699995	0.58101624	0.11251231
1.60799995	0.20174089	0.14736098
1.60899995	-0.26860851	0.20610851
1.60999995	-0.63373524	0.27334523
1.61099995	-0.84132010	0.33938238
1.61199995	-0.84085876	0.37453863
1.61299995	-0.63142842	0.37395424
1.61399995	-0.27540600	0.34171999
1.61499995	0.17553519	0.28235728
1.61599995	0.55127335	0.21527436
1.61699995	0.79576772	0.15043676
1.61799995	0.85091656	0.10959031
1.61899995	0.70810777	0.09870202
1.61999995	0.39693037	0.12198573
1.62099995	-0.03521777	0.17590427
1.62199995	-0.44100639	0.24311024
1.62299995	-0.76184177	0.31397638
1.62399995	-0.87601501	0.36054379
1.62499995	-0.76765501	0.37567666
1.62599995	-0.47508612	0.36103591
1.62699995	-0.03927780	0.31862080
1.62799995	0.36866388	0.25759721
1.62899995	0.68820745	0.18731545
1.62999995	0.83904403	0.13167445
1.63099995	0.79730558	0.09833292
1.63199995	0.56822097	0.10420768
1.63299995	0.18811515	0.14840674
1.63399995	-0.23523621	0.20992249
1.63499995	-0.64080954	0.28020424
1.63599995	-0.85448450	0.33541462
1.63699995	-0.84661049	0.36687991
1.63799995	-0.63554996	0.36980191
1.63899995	-0.24996924	0.34378076
1.63999995	0.16692299	0.29136935
1.64099995	0.55367249	0.22047244
1.64199995	0.79167694	0.15911049
1.64299995	0.84371924	0.11611097
1.64399995	0.70493972	0.10442298
1.64499995	0.39806840	0.12561515
1.64599995	-0.01310285	0.17525837
1.64699995	-0.46831939	0.24612451
1.64799995	-0.76980805	0.31040847
1.64899995	-0.87570745	0.35885212
1.64999995	-0.76387179	0.37629184
1.65099995	-0.44848055	0.35992864
1.65199995	-0.04887426	0.31616017
1.65299995	0.37663016	0.25132260
1.65399995	0.69045275	0.18719243
1.65499995	0.84414983	0.13327387
1.65599995	0.80425692	0.10706816
1.65699995	0.57855558	0.11251231
1.65799995	0.20266363	0.14751476
1.65899995	-0.26768577	0.20687746
1.65999995	-0.63619584	0.27088460
1.66099995	-0.85107034	0.32963213
1.66199995	-0.84737945	0.36771038
1.66299995	-0.62401575	0.37982899
1.66399995	-0.26799336	0.35377705
1.66499995	0.16901451	0.29379922
1.66599995	0.54136932	0.22351746
1.66699995	0.79253817	0.15262057
1.66799995	0.85402310	0.10882135
1.66899995	0.71724284	0.09854823
1.66999995	0.40591165	0.12198573
1.67099995	-0.03291092	0.17590427
1.67199995	-0.44192913	0.24295644
1.67299995	-0.76276451	0.31323817
1.67399995	-0.87370819	0.36285064
1.67499995	-0.75867373	0.38465798
1.67599995	-0.46628937	0.37001723
1.67699995	-0.03770915	0.32095841
1.67799995	0.37007874	0.25667447
1.67899995	0.69629675	0.18639271
1.67999995	0.85036296	0.13398130
1.68099995	0.80859375	0.10734498
1.68199995	0.57643330	0.11318897
1.68299995	0.19026820	0.15074433
1.68399995	-0.23597440	0.20903051
1.68499995	-0.64096332	0.27928150
1.68599995	-0.85448450	0.33772147
1.68699995	-0.84661049	0.37589198
1.68799995	-0.63554996	0.37881398
1.68899995	-0.24996924	0.34608760
1.68999995	0.16676919	0.29060039
1.69099995	0.55290353	0.22031865
1.69199995	0.79398376	0.15911049
1.69299995	0.85270053	0.11611097
1.69399995	0.71389025	0.10442298
1.69499995	0.40040600	0.12561515
1.69599995	-0.01387180	0.17525837
1.69699995	-0.46847317	0.24612451
1.69799995	-0.76962352	0.31040847
1.69899995	-0.87493849	0.35885212
1.69999995	-0.76617867	0.37613803
1.70099995	-0.45749262	0.35915971
1.70199995	-0.05785556	0.31846702
1.70299995	0.37432334	0.26033464
1.70399995	0.69122171	0.19617371
1.70499995	0.84430367	0.13558070
1.70599995	0.80410308	0.10629921
1.70699995	0.57778668	0.11235851
1.70799995	0.20481668	0.14736098
1.70899995	-0.25950417	0.20610851
1.70999995	-0.62490773	0.27334523
1.71099995	-0.83978224	0.33938238
1.71199995	-0.83916706	0.37438485
1.71299995	-0.62186271	0.37318528
1.71399995	-0.26876229	0.34402683
1.71499995	0.16886073	0.29133859
1.71599995	0.54152310	0.22428642
1.71699995	0.79330707	0.15277436
1.71799995	0.85168552	0.10882135
1.71899995	0.70826155	0.09854823
1.71999995	0.39693037	0.12198573
1.72099995	-0.03521777	0.17590427
1.72199995	-0.44100639	0.24311024
1.72299995	-0.76184177	0.31397638
1.72399995	-0.87601501	0.36054379
1.72499995	-0.76765501	0.37567666
1.72599995	-0.47508612	0.36103591
1.72699995	-0.03927780	0.31862080
1.72799995	0.36851010	0.25744340
1.72899995	0.68743849	0.18654650
1.72999995	0.84119707	0.13413508
1.73099995	0.80548722	0.10811393
1.73199995	0.57950908	0.11088213
1.73299995	0.19943406	0.14173228
1.73399995	-0.22699311	0.20001845
1.73499995	-0.63865650	0.27697465
1.73599995	-0.85525346	0.33849040
1.73699995	-0.84676427	0.37604576
1.73799995	-0.63554996	0.37881398
1.73899995	-0.24996924	0.34608760
1.73999995	0.16676919	0.29060039
1.74099995	0.55290353	0.22031865
1.74199995	0.79398376	0.15911049
1.74299995	0.85270053	0.11611097
1.74399995	0.71389025	0.10442298
1.74499995	0.40040600	0.12561515
1.74599995	-0.01387180	0.17525837
1.74699995	-0.46847317	0.24612451
1.74799995	-0.76980805	0.31040847
1.74899995	-0.87570745	0.35885212
1.74999995	-0.76387179	0.37629184
1.75099995	-0.44848055	0.35992864
1.75199995	-0.04887426	0.31616017
1.75299995	0.37663016	0.25132260
1.75399995	0.69045275	0.18734621
1.75499995	0.84414983	0.13404281
1.75599995	0.80410308	0.10473056
1.75699995	0.57778668	0.10353100
1.75799995	0.20497048	0.13837968
1.75899995	-0.25873524	0.20380168
1.75999995	-0.62724531	0.27411416
1.76099995	-0.84876353	0.33953616
1.76199995	-0.84814835	0.37438485
1.76299995	-0.62416953	0.37318528
1.76399995	-0.26799336	0.34387302
1.76499995	0.16901451	0.29056963
1.76599995	0.54136932	0.22659326
1.76699995	0.79253817	0.16175567
1.76799995	0.85417694	0.11783341
1.76899995	0.71801180	0.10085507
1.76999995	0.40357405	0.12137057
1.77099995	-0.04192298	0.17651944
1.77199995	-0.45094118	0.24080339
1.77299995	-0.76510209	0.30499509
1.77399995	-0.87293923	0.35153174
1.77499995	-0.75851995	0.37333909
1.77599995	-0.46628937	0.36180487
1.77699995	-0.03770915	0.31880537
1.77799995	0.37007874	0.25744340
1.77899995	0.69629675	0.18654650
1.77999995	0.85036296	0.13398130
1.78099995	0.80859375	0.10734498
1.78199995	0.57627952	0.11318897
1.78299995	0.18953001	0.15074433
1.78399995	-0.23366757	0.20903051
1.78499995	-0.63198203	0.27928150
1.78599995	-0.84553397	0.33772147
1.78699995	-0.84430367	0.37589198
1.78799995	-0.63631892	0.37881398
1.78899995	-0.25012302	0.34608760
1.78999995	0.16676919	0.29060039
1.79099995	0.55290353	0.22031865
1.79199995	0.79398376	0.15911049
1.79299995	0.85270053	0.11611097
1.79399995	0.71389025	0.10442298
1.79499995	0.40040600	0.12561515
1.79599995	-0.01387180	0.17525837
1.79699995	-0.46847317	0.24612451
1.79799995	-0.76962352	0.31025466
1.79899995	-0.87493849	0.35808316
1.79999995	-0.76617867	0.37844488
1.80099995	-0.45749262	0.36817175
1.80199995	-0.05800935	0.32747909
1.80299995	0.37355438	0.26264149
1.80399995	0.69352853	0.19540477
1.80499995	0.85331571	0.13542692
1.80599995	0.81308442	0.10629921
1.80699995	0.58009350	0.11235851
1.80799995	0.20404774	0.14736098
1.80899995	-0.25965798	0.20610851
1.80999995	-0.62490773	0.27334523
1.81099995	-0.83978224	0.33938238
1.81199995	-0.83932084	0.37453863
1.81299995	-0.62260091	0.37395424
1.81399995	-0.26645547	0.34156618
1.81499995	0.17784202	0.28158835
1.81599995	0.55035067	0.21758120
1.81699995	0.79484499	0.15944882
1.81799995	0.85325420	0.11860237
1.81899995	0.71708906	0.10100885
1.81999995	0.40591165	0.12137057
1.82099995	-0.03291092	0.17651944
1.82199995	-0.44192913	0.24064961
1.82299995	-0.76276451	0.30422613
1.82399995	-0.87370819	0.35386935
1.82499995	-0.75867373	0.38235113
1.82599995	-0.46628937	0.37078616
1.82699995	-0.03770915	0.32111222
1.82799995	0.37007874	0.25682825
1.82899995	0.69629675	0.18716167
1.82999995	0.85036296	0.13167445
1.83099995	0.80859375	0.09833292
1.83199995	0.57627952	0.10420768
1.83299995	0.18953001	0.14840674
1.83399995	-0.23366757	0.20976870
1.83499995	-0.63198203	0.27946603
1.83599995	-0.84553397	0.33772147
1.83699995	-0.84430367	0.37589198
1.83799995	-0.63631892	0.37881398
1.83899995	-0.25012302	0.34608760
1.83999995	0.16692299	0.29060039
1.84099995	0.55367249	0.22031865
1.84199995	0.79167694	0.15911049
1.84299995	0.84371924	0.11611097
1.84399995	0.70493972	0.10442298
1.84499995	0.39806840	0.12561515
1.84599995	-0.01310285	0.17525837
1.84699995	-0.46831939	0.24612451
1.84799995	-0.76962352	0.31025466
1.84899995	-0.87493849	0.35808316
1.84999995	-0.76617867	0.37859866
1.85099995	-0.45749262	0.36894071
1.85199995	-0.05785556	0.32514149
1.85299995	0.37432334	0.25362942
1.85399995	0.69122171	0.18642348
1.85499995	0.84430367	0.13312007
1.85599995	0.80425692	0.10706816
1.85699995	0.57855558	0.11251231
1.85799995	0.20250984	0.14736098
1.85899995	-0.26845473	0.20610851
1.85999995	-0.63373524	0.27334523
1.86099995	-0.84132010	0.33938238
1.86199995	-0.84070498	0.37438485
1.86299995	-0.63065946	0.37318528
1.86399995	-0.27771285	0.34387302
1.86499995	0.16655388	0.29056963
1.86599995	0.54213828	0.22659326
1.86699995	0.79269195	0.16175567
1.86799995	0.85402310	0.11783341
1.86899995	0.71724284	0.10085507
1.86999995	0.40591165	0.12121678
1.87099995	-0.03291092	0.17575049
1.87199995	-0.44192913	0.24311024
1.87299995	-0.76276451	0.31397638
1.87399995	-0.87370819	0.36054379
1.87499995	-0.75867373	0.37567666
1.87599995	-0.46628937	0.36103591
1.87699995	-0.03770915	0.31862080
1.87799995	0.37007874	0.25759721
1.87899995	0.69629675	0.18731545
1.87999995	0.85036296	0.13182825
1.88099995	0.80859375	0.09910187
1.88199995	0.57643330	0.10187007
1.88299995	0.19026820	0.13942544
1.88399995	-0.23597440	0.20078740
1.88499995	-0.64096332	0.27712846
1.88599995	-0.85433072	0.33849040
1.88699995	-0.84584153	0.37604576
1.88799995	-0.63770300	0.37881398
1.88899995	-0.25818160	0.34608760
1.88999995	0.15548106	0.29060039
1.89099995	0.54161543	0.22031865
1.89199995	0.78577143	0.15911049
1.89299995	0.85054749	0.11611097
1.89399995	0.71465921	0.10442298
1.89499995	0.40055978	0.12561515
1.89599995	-0.01387180	0.17525837
1.89699995	-0.46847317	0.24612451
1.89799995	-0.76962352	0.31025466
1.89899995	-0.87493849	0.35808316
1.89999995	-0.76617867	0.37859866
1.90099995	-0.45749262	0.36894071
1.90199995	-0.05785556	0.32514149
1.90299995	0.37432334	0.25362942
1.90399995	0.69122171	0.18642348
1.90499995	0.84430367	0.13312007
1.90599995	0.80410308	0.10706816
1.90699995	0.57778668	0.11251231
1.90799995	0.20497048	0.14751476
1.90899995	-0.25873524	0.20687746
1.90999995	-0.62724531	0.27088460
1.91099995	-0.84876353	0.32963213
1.91199995	-0.84814835	0.36771038
1.91299995	-0.62416953	0.37982899
1.91399995	-0.26799336	0.35377705
1.91499995	0.16901451	0.29379922
1.91599995	0.54152310	0.22351746
1.91699995	0.79330707	0.15262057
1.91799995	0.85168552	0.10882135
1.91899995	0.70826155	0.09854823
1.91999995	0.39693037	0.12198573
1.92099995	-0.03521777	0.17590427
1.92199995	-0.44100639	0.24311024
1.92299995	-0.76184177	0.31397638
1.92399995	-0.87601501	0.36054379
1.92499995	-0.76765501	0.37567666
1.92599995	-0.47508612	0.36103591
1.92699995	-0.03927780	0.31862080
1.92799995	0.36851010	0.25759721
1.92899995	0.68743849	0.18731545
1.92999995	0.84135085	0.13167445
1.93099995	0.80625618	0.09833292
1.93199995	0.57720226	0.10420768
1.93299995	0.19042200	0.14840674
1.93399995	-0.23597440	0.20992249
1.93499995	-0.64096332	0.28020424
1.93599995	-0.85448450	0.33541462
1.93699995	-0.84661049	0.36687991
1.93799995	-0.63554996	0.36980191
1.93899995	-0.24996924	0.34378076
1.93999995	0.16676919	0.29136935
1.94099995	0.55290353	0.22047244
1.94199995	0.79382998	0.15911049
1.94299995	0.85193157	0.11611097
1.94399995	0.71622783	0.10442298
1.94499995	0.40938729	0.12561515
1.94599995	-0.00485974	0.17525837
1.94699995	-0.46613559	0.24612451
1.94799995	-0.77039248	0.31025466
1.94899995	-0.87509227	0.35808316
1.94999995	-0.76617867	0.37859866
1.95099995	-0.45749262	0.36894071
1.95199995	-0.05785556	0.32514149
1.95299994	0.37432334	0.25362942
1.95399994	0.69122171	0.18642348
1.95499994	0.84430367	0.13312007
1.95599994	0.80410308	0.10706816
1.95699994	0.57778668	0.11251231
1.95799994	0.20497048	0.14751476
1.95899994	-0.25873524	0.20687746
1.95999994	-0.62724531	0.27088460
1.96099994	-0.84876353	0.32963213
1.96199994	-0.84814835	0.36771038
1.96299994	-0.62416953	0.37982899
1.96399994	-0.26799336	0.35377705
1.96499994	0.16901451	0.29379922
1.96599994	0.54136932	0.22351746
1.96699994	0.79253817	0.15262057
1.96799994	0.85402310	0.10882135
1.96899994	0.71724284	0.09854823
1.96999994	0.40591165	0.12213952
1.97099994	-0.03291092	0.17667323
1.97199994	-0.44192913	0.24080339
1.97299994	-0.76276451	0.30499509
1.97399994	-0.87370819	0.35153174
1.97499994	-0.75867373	0.37333909
1.97599994	-0.46628937	0.36180487
1.97699994	-0.03770915	0.31880537
1.97799994	0.37007874	0.25744340
1.97899994	0.69629675	0.18654650
1.97999994	0.85036296	0.13413508
1.98099994	0.80859375	0.10811393
1.98199994	0.57643330	0.11088213
1.98299994	0.19026820	0.14173228
1.98399994	-0.23597440	0.20001845
1.98499994	-0.64096332	0.27697465
1.98599994	-0.85448450	0.33849040
1.98699994	-0.84661049	0.37604576
1.98799994	-0.63554996	0.37881398
1.98899994	-0.24996924	0.34608760
1.98999994	0.16676919	0.29060039
1.99099994	0.55290353	0.22031865
1.99199994	0.79398376	0.15911049
1.99299994	0.85270053	0.11611097
1.99399994	0.71389025	0.10442298
1.99499994	0.40040600	0.12561515
1.99599994	-0.01387180	0.17525837
1.99699994	-0.46847317	0.24612451
1.99799994	-0.76980805	0.31040847
1.99899994	-0.87570745	0.35885212
1.99999994	-0.76387179	0.37613803
2.00099994	-0.44848055	0.35915971
2.00199994	-0.04902805	0.31846702
2.00299994	0.37589198	0.26033464
