Time	Channel A	Channel B
(us)	(V)	(V)

-0.00400000	0.05505659	0.13312007
-0.00300000	0.46299827	0.18642348
-0.00200000	0.74474043	0.25362942
-0.00100000	0.85672981	0.32514149
0.00000000	0.77048475	0.36894071
0.00100000	0.50116879	0.37859866
0.00200000	0.10153174	0.35808316
0.00300000	-0.37004799	0.31025466
0.00400000	-0.70927656	0.24612451
0.00500000	-0.86841780	0.17525837
0.00600000	-0.81203860	0.12561515
0.00700000	-0.54632133	0.10442298
0.00800000	-0.16701525	0.11595719
0.00900000	0.27060777	0.15837230
0.01000000	0.61660308	0.22265625
0.01100000	0.81812871	0.29958171
0.01200000	0.83027804	0.35525346
0.01300000	0.65240526	0.38188976
0.01400000	0.30883980	0.37278542
0.01500000	-0.14877583	0.32858637
0.01600000	-0.54038507	0.27030021
0.01700000	-0.81034696	0.20669292
0.01800000	-0.86857158	0.15151329
0.01900000	-0.70635456	0.11334276
0.02000000	-0.37915230	0.10719119
0.02100000	0.06634473	0.13321236
0.02200000	0.46244463	0.18888411
0.02300000	0.74990773	0.26642472
0.02400000	0.85743725	0.32778665
0.02500000	0.76848549	0.36411172
0.02600000	0.49535555	0.37260088
0.02700000	0.08012426	0.35137796
0.02800000	-0.34030512	0.30499509
0.02900000	-0.70530879	0.24080339
0.03000000	-0.87201649	0.17651944
0.03100000	-0.81689835	0.12137057
0.03200000	-0.56517595	0.10085507
0.03300000	-0.15172859	0.11783341
0.03400000	0.26497909	0.16160187
0.03500000	0.62327754	0.22582431
0.03600000	0.82372659	0.29306102
0.03700000	0.83523005	0.35362327
0.03800000	0.64972931	0.37982899
0.03900000	0.29687500	0.36771038
0.04000000	-0.12632258	0.32978591
0.04100000	-0.55853224	0.27165353
0.04200000	-0.81874382	0.20457062
0.04300000	-0.87017101	0.13853346
0.04400000	-0.71179873	0.10337722
0.04500000	-0.36494216	0.10396162
0.04600000	0.04622908	0.13619587
0.04700000	0.46142963	0.19555856
0.04800000	0.74335629	0.26264149
0.04900000	0.84867126	0.32747909
0.05000000	0.75916582	0.36832553
0.05100000	0.48984990	0.37921384
0.05200000	0.09331939	0.35577634
0.05300000	-0.37220103	0.30124262
0.05400000	-0.70850760	0.23711245
0.05500000	-0.86826402	0.17292076
0.05600000	-0.81203860	0.12638411
0.05700000	-0.54632133	0.10457677
0.05800000	-0.16716905	0.11611097
0.05900000	0.26983884	0.15911049
0.06000000	0.61890996	0.22031865
0.06100000	0.82710999	0.29060039
0.06200000	0.83929008	0.34608760
0.06300000	0.65471208	0.37881398
0.06400000	0.30810162	0.37604576
0.06500000	-0.14892963	0.33849040
0.06600000	-0.54038507	0.27712846
0.06700000	-0.81034696	0.20078740
0.06800000	-0.86841780	0.13942544
0.06900000	-0.70558560	0.10187007
0.07000000	-0.38161293	0.09894808
0.07100000	0.05662525	0.13105930
0.07200000	0.45592397	0.18965305
0.07300000	0.75735110	0.26657850
0.07400000	0.86488068	0.32778665
0.07500000	0.76196480	0.36411172
0.07600000	0.48557454	0.37260088
0.07700000	0.07766363	0.35137796
0.07800000	-0.33953616	0.30499509
0.07900000	-0.70515501	0.24080339
0.08000000	-0.87201649	0.17651944
0.08100000	-0.81689835	0.12137057
0.08200000	-0.56517595	0.10085507
0.08300000	-0.15172859	0.11783341
0.08400000	0.26513287	0.16160187
0.08500000	0.62404650	0.22582431
0.08600000	0.82123524	0.29287648
0.08700000	0.82544905	0.35285434
0.08800000	0.64305484	0.38213584
0.08900000	0.30354947	0.37672243
0.09000000	-0.11657234	0.33864421
0.09100000	-0.55604082	0.27319142
0.09200000	-0.81963581	0.20610851
0.09300000	-0.87109375	0.14736098
0.09400000	-0.70949185	0.11251231
0.09500000	-0.35596088	0.10706816
0.09600000	0.05505659	0.13312007
0.09700000	0.46299827	0.18642348
0.09800000	0.74474043	0.25362942
0.09900000	0.85672981	0.32514149
0.10000000	0.77048475	0.36894071
0.10100000	0.50116879	0.37859866
0.10200000	0.10153174	0.35808316
0.10300000	-0.37004799	0.31025466
0.10400000	-0.70927656	0.24612451
0.10500000	-0.86841780	0.17525837
0.10600000	-0.81203860	0.12561515
0.10700000	-0.54632133	0.10442298
0.10800000	-0.16716905	0.11611097
0.10900000	0.26983884	0.15911049
0.11000000	0.61890996	0.22031865
0.11100000	0.82710999	0.29060039
0.11200000	0.83929008	0.34608760
0.11300000	0.65471208	0.37881398
0.11400000	0.30810162	0.37604576
0.11500000	-0.14892963	0.33849040
0.11600000	-0.54053885	0.27697465
0.11700000	-0.81111592	0.20001845
0.11800000	-0.86611098	0.14173228
0.11900000	-0.69663507	0.11088213
0.12000000	-0.37247786	0.10811393
0.12100000	0.05970103	0.13413508
0.12200000	0.45269439	0.18639271
0.12300000	0.74744707	0.25667447
0.12400000	0.85820621	0.32111222
0.12500000	0.76863927	0.37078616
0.12600000	0.49535555	0.38235113
0.12700000	0.08012426	0.35386935
0.12800000	-0.34045890	0.30422613
0.12900000	-0.70607775	0.24064961
0.13000000	-0.86967885	0.17667323
0.13100000	-0.80791706	0.12213952
0.13200000	-0.55619466	0.09854823
0.13300000	-0.14942175	0.10882135
0.13400000	0.26421013	0.15262057
0.13500000	0.62312376	0.22351746
0.13600000	0.82372659	0.29364541
0.13700000	0.83523005	0.35300812
0.13800000	0.64972931	0.38213584
0.13900000	0.29687500	0.37672243
0.14000000	-0.12632258	0.33864421
0.14100000	-0.55853224	0.27319142
0.14200000	-0.81874382	0.20626231
0.14300000	-0.87017101	0.14812993
0.14400000	-0.71179873	0.11005167
0.14500000	-0.36494216	0.09731791
0.14600000	0.04622908	0.12647638
0.14700000	0.46142963	0.19309793
0.14800000	0.74335629	0.26341042
0.14900000	0.84867126	0.32763287
0.15000000	0.75916582	0.36832553
0.15100000	0.48984990	0.37921384
0.15200000	0.09331939	0.35593012
0.15300000	-0.37220103	0.30201155
0.15400000	-0.70850760	0.23480561
0.15500000	-0.86826402	0.16393946
0.15600000	-0.81203860	0.11737204
0.15700000	-0.54632133	0.10223917
0.15800000	-0.16716905	0.11687992
0.15900000	0.26983884	0.15929502
0.16000000	0.61890996	0.22031865
0.16100000	0.82710999	0.29060039
0.16200000	0.83929008	0.34624138
0.16300000	0.65471208	0.37958291
0.16400000	0.30810162	0.37370816
0.16500000	-0.14892963	0.32950911
0.16600000	-0.54038507	0.26814714
0.16700000	-0.81034696	0.19844981
0.16800000	-0.86857158	0.14019439
0.16900000	-0.70635456	0.10202387
0.17000000	-0.37915230	0.09910187
0.17100000	0.06634473	0.13182825
0.17200000	0.46244463	0.18716167
0.17300000	0.74990773	0.25682825
0.17400000	0.85743725	0.32111222
0.17500000	0.76848549	0.37078616
0.17600000	0.49535555	0.38235113
0.17700000	0.08012426	0.35386935
0.17800000	-0.34030512	0.30422613
0.17900000	-0.70530879	0.24064961
0.18000000	-0.87201649	0.17651944
0.18100000	-0.81689835	0.12137057
0.18200000	-0.56517595	0.10085507
0.18300000	-0.15172859	0.11783341
0.18400000	0.26513287	0.16175567
0.18499999	0.62404650	0.22659326
0.18599999	0.82123524	0.29056963
0.18699999	0.82544905	0.34387302
0.18799999	0.64305484	0.37318528
0.18899999	0.30354947	0.37438485
0.18999999	-0.11657234	0.33938238
0.19099999	-0.55604082	0.27334523
0.19199999	-0.81963581	0.20610851
0.19299999	-0.87109375	0.14736098
0.19399999	-0.70949185	0.11251231
0.19499999	-0.35596088	0.10706816
0.19599999	0.05521039	0.13312007
0.19699999	0.46376723	0.18642348
0.19799999	0.74243355	0.25362942
0.19899999	0.84774852	0.32514149
0.19999999	0.76147270	0.36909449
0.20099999	0.49883121	0.37936762
0.20199999	0.10230069	0.35577634
0.20299999	-0.36986342	0.30124262
0.20399999	-0.70927656	0.23711245
0.20499999	-0.86841780	0.17292076
0.20599999	-0.81203860	0.12638411
0.20699999	-0.54632133	0.10457677
0.20799999	-0.16716905	0.11611097
0.20899999	0.26983884	0.15911049
0.20999999	0.61890996	0.22031865
0.21099999	0.82710999	0.29060039
0.21199999	0.83929008	0.34608760
0.21299999	0.65471208	0.37881398
0.21399999	0.30810162	0.37589198
0.21499999	-0.14892963	0.33772147
0.21599999	-0.54038507	0.27946603
0.21699999	-0.81034696	0.20976870
0.21799999	-0.86857158	0.14840674
0.21899999	-0.70635456	0.10420768
0.21999999	-0.37915230	0.09833292
0.22099999	0.06634473	0.13167445
0.22199999	0.46244463	0.18731545
0.22299999	0.74990773	0.25759721
0.22399999	0.85743725	0.31880537
0.22499999	0.76848549	0.36180487
0.22599999	0.49535555	0.37333909
0.22699999	0.08012426	0.35153174
0.22799999	-0.34045890	0.30499509
0.22899999	-0.70607775	0.24080339
0.22999999	-0.86967885	0.17651944
0.23099999	-0.80791706	0.12137057
0.23199999	-0.55619466	0.10100885
0.23299999	-0.14942175	0.11860237
0.23399999	0.26421013	0.15929502
0.23499999	0.62312376	0.21684301
0.23599999	0.82372659	0.28389516
0.23699999	0.83523005	0.35051674
0.23799999	0.64972931	0.38290477
0.23899999	0.29687500	0.37687624
0.23999999	-0.12632258	0.33864421
0.24099999	-0.55853224	0.27319142
0.24199999	-0.81889760	0.20610851
0.24299999	-0.87093997	0.14736098
0.24399999	-0.70949185	0.11235851
0.24499999	-0.35596088	0.10629921
0.24599999	0.05505659	0.13542692
0.24699999	0.46299827	0.19540477
0.24799999	0.74492496	0.26264149
0.24899999	0.85749876	0.32747909
0.24999999	0.76814717	0.36832553
0.25099999	0.49218750	0.37921384
0.25199999	0.09255044	0.35577634
0.25299999	-0.37235484	0.30124262
0.25399999	-0.70850760	0.23726624
0.25499999	-0.86826402	0.17368971
0.25599999	-0.81203860	0.12404650
0.25699999	-0.54632133	0.09556472
0.25799999	-0.16716905	0.10712968
0.25899999	0.26983884	0.15680364
0.25999999	0.61890996	0.22108760
0.26099999	0.82710999	0.29075417
0.26199999	0.83929008	0.34608760
0.26299999	0.65471208	0.37881398
0.26399999	0.30810162	0.37604576
0.26499999	-0.14892963	0.33849040
0.26599999	-0.54038507	0.27712846
0.26699999	-0.81034696	0.20078740
0.26799999	-0.86841780	0.13942544
0.26899999	-0.70558560	0.10187007
0.26999999	-0.38145915	0.09910187
0.27099999	0.05739419	0.13182825
0.27199999	0.45361713	0.18716167
0.27299999	0.74836981	0.25682825
0.27399999	0.85589933	0.32111222
0.27499999	0.75965798	0.37078616
0.27599999	0.48634350	0.38235113
0.27699999	0.07781742	0.35386935
0.27799999	-0.33953616	0.30422613
0.27899999	-0.70515501	0.24064961
0.27999999	-0.87201649	0.17651944
0.28099999	-0.81689835	0.12137057
0.28199999	-0.56517595	0.10085507
0.28299999	-0.15172859	0.11783341
0.28399999	0.26497909	0.16160187
0.28499999	0.62327754	0.22582431
0.28599999	0.82357281	0.29287648
0.28699999	0.83446109	0.35285434
0.28799999	0.65206695	0.38213584
0.28899999	0.30585629	0.37672243
0.28999999	-0.11734129	0.33879799
0.29099999	-0.55619466	0.27396038
0.29199999	-0.81963581	0.20395546
0.29299999	-0.87109375	0.13911787
0.29399999	-0.70949185	0.10119341
0.29499999	-0.35596088	0.09578002
0.29599999	0.05505659	0.12490772
0.29699999	0.46299827	0.18427043
0.29799999	0.74492496	0.25439838
0.29899999	0.85749876	0.32529527
0.29999999	0.76814717	0.36909449
0.30099999	0.49218750	0.37936762
0.30199999	0.09255044	0.35577634
0.30299999	-0.37235484	0.30124262
0.30399999	-0.70866144	0.23726624
0.30499999	-0.86903298	0.17368971
0.30599999	-0.80973178	0.12404650
0.30699999	-0.53730929	0.09556472
0.30799999	-0.15803395	0.10697588
0.30899999	0.27291462	0.15603469
0.30999999	0.61583418	0.22342519
0.31099999	0.81797493	0.29973549
0.31199999	0.83027804	0.35509965
0.31299999	0.65240526	0.38112080
0.31399999	0.30883980	0.37527683
0.31499999	-0.14877583	0.33833662
0.31599999	-0.54053885	0.27697465
0.31699999	-0.81111592	0.20001845
0.31799999	-0.86611098	0.14173228
0.31899999	-0.69663507	0.11088213
0.31999999	-0.37247786	0.10811393
0.32099999	0.05970103	0.13413508
0.32199999	0.45269439	0.18639271
0.32299999	0.74744707	0.25667447
0.32399999	0.85820621	0.32111222
0.32499999	0.76863927	0.37078616
0.32599999	0.49535555	0.38235113
0.32699999	0.08012426	0.35386935
0.32799999	-0.34030512	0.30422613
0.32899999	-0.70530879	0.24064961
0.32999999	-0.87201649	0.17651944
0.33099999	-0.81689835	0.12137057
0.33199999	-0.56517595	0.10085507
0.33299999	-0.15172859	0.11783341
0.33399999	0.26497909	0.16160187
0.33499999	0.62327754	0.22582431
0.33599999	0.82372659	0.29287648
0.33699999	0.83523005	0.35285434
0.33799999	0.64972931	0.38213584
0.33899999	0.29687500	0.37672243
0.33999999	-0.12632258	0.33864421
0.34099999	-0.55853224	0.27319142
0.34199999	-0.81889760	0.20626231
0.34299999	-0.87093997	0.14812993
0.34399999	-0.70949185	0.11005167
0.34499999	-0.35596088	0.09731791
0.34599999	0.05505659	0.12647638
0.34699999	0.46299827	0.19309793
0.34799999	0.74492496	0.26341042
0.34899999	0.85749876	0.32763287
0.34999999	0.76799333	0.36832553
0.35099999	0.49141854	0.37921384
0.35199999	0.09485728	0.35593012
0.35299999	-0.36337352	0.30201155
0.35399999	-0.69952631	0.23495939
0.35499999	-0.86595720	0.16467765
0.35599999	-0.81280756	0.11506521
0.35699999	-0.54647517	0.09325787
0.35799999	-0.16716905	0.10789862
0.35899999	0.26983884	0.15695743
0.35999999	0.61906374	0.22108760
0.36099999	0.82787895	0.29075417
0.36199999	0.83698326	0.34608760
0.36299999	0.64570004	0.37881398
0.36399999	0.29908955	0.37604576
0.36499999	-0.15123646	0.33849040
0.36599999	-0.53961617	0.27697465
0.36699999	-0.81019318	0.20001845
0.36799999	-0.86841780	0.14173228
0.36899999	-0.70558560	0.11088213
0.36999999	-0.38145915	0.10811393
0.37099999	0.05739419	0.13413508
0.37199999	0.45346335	0.18639271
0.37299999	0.74760085	0.25667447
0.37399999	0.85820621	0.32111222
0.37499999	0.76863927	0.37078616
0.37599999	0.49535555	0.38250491
0.37699999	0.08012426	0.35463828
0.37799999	-0.34030512	0.30176550
0.37899999	-0.70530879	0.23086861
0.37999999	-0.87201649	0.16981423
0.38099999	-0.81689835	0.12801427
0.38199999	-0.56517595	0.11060531
0.38299999	-0.15172859	0.12029404
0.38399999	0.26497909	0.16083293
0.38499999	0.62327754	0.22567052
0.38599999	0.82357281	0.29287648
0.38699999	0.83446109	0.35285434
0.38799999	0.65206695	0.38213584
0.38899999	0.30585629	0.37672243
0.38999999	-0.11734129	0.33864421
0.39099999	-0.55619466	0.27319142
0.39199999	-0.81963581	0.20610851
0.39299999	-0.87109375	0.14736098
0.39399999	-0.70949185	0.11251231
0.39499999	-0.35596088	0.10706816
0.39599999	0.05505659	0.13312007
0.39699999	0.46299827	0.18642348
0.39799999	0.74492496	0.25362942
0.39899999	0.85749876	0.32514149
0.39999999	0.76814717	0.36909449
0.40099999	0.49218750	0.37936762
0.40199999	0.09255044	0.35577634
0.40299999	-0.37235484	0.30124262
0.40399999	-0.70850760	0.23711245
0.40499999	-0.86826402	0.17292076
0.40599999	-0.81203860	0.12638411
0.40699999	-0.54632133	0.10457677
0.40799999	-0.16716905	0.11611097
0.40899999	0.26983884	0.15911049
0.40999999	0.61890996	0.22031865
0.41099999	0.82710999	0.29060039
0.41199999	0.83929008	0.34624138
0.41299999	0.65471208	0.37958291
0.41399999	0.30810162	0.37355438
0.41499999	-0.14892963	0.32874015
0.41599999	-0.54053885	0.27045399
0.41699999	-0.81111592	0.20746186
0.41799999	-0.86626476	0.14917569
0.41899999	-0.69737327	0.10436147
0.41999999	-0.37017101	0.09833292
0.42099999	0.06868234	0.13167445
0.42199999	0.46167567	0.18731545
0.42299999	0.74975395	0.25759721
0.42399999	0.85743725	0.31880537
0.42499999	0.76848549	0.36180487
0.42599999	0.49535555	0.37333909
0.42699999	0.08012426	0.35153174
0.42799999	-0.34045890	0.30499509
0.42899999	-0.70607775	0.24080339
0.42999999	-0.86967885	0.17651944
0.43099999	-0.80791706	0.12137057
0.43199999	-0.55619466	0.10085507
0.43299999	-0.14942175	0.11783341
0.43399999	0.26421013	0.16160187
0.43499999	0.62312376	0.22582431
0.43599999	0.82372659	0.29287648
0.43699999	0.83523005	0.35285434
0.43799999	0.64972931	0.38213584
0.43899999	0.29687500	0.37672243
0.43999999	-0.12632258	0.33879799
0.44099999	-0.55853224	0.27396038
0.44199999	-0.81889760	0.20380168
0.44299999	-0.87093997	0.13837968
0.44399999	-0.70949185	0.10337722
0.44499999	-0.35596088	0.10396162
0.44599999	0.05505659	0.13619587
0.44699999	0.46299827	0.19555856
0.44799999	0.74492496	0.26264149
0.44899999	0.85749876	0.32747909
0.44999999	0.76814717	0.36832553
0.45099999	0.49218750	0.37921384
0.45199999	0.09255044	0.35577634
0.45299999	-0.37235484	0.30124262
0.45399999	-0.70850760	0.23711245
0.45499999	-0.86826402	0.17292076
0.45599999	-0.81203860	0.12638411
0.45699999	-0.54632133	0.10457677
0.45799999	-0.16716905	0.11611097
0.45899999	0.26983884	0.15911049
0.45999999	0.61890996	0.22031865
0.46099999	0.82710999	0.29060039
0.46199999	0.83929008	0.34624138
0.46299999	0.65471208	0.37958291
0.46399999	0.30810162	0.37370816
0.46499999	-0.14892963	0.32950911
0.46599999	-0.54038507	0.26814714
0.46699999	-0.81034696	0.19844981
0.46799999	-0.86857158	0.14019439
0.46899999	-0.70635456	0.10202387
0.46999999	-0.37915230	0.09910187
0.47099999	0.06634473	0.13182825
0.47199999	0.46259841	0.18731545
0.47299999	0.75067669	0.25759721
0.47399999	0.85513043	0.31880537
0.47499999	0.75950420	0.36180487
0.47599999	0.48634350	0.37333909
0.47699999	0.07781742	0.35153174
0.47799999	-0.33953616	0.30499509
0.47899999	-0.70515501	0.24080339
0.47999999	-0.87201649	0.17667323
0.48099999	-0.81689835	0.12213952
0.48199999	-0.56517595	0.09854823
0.48299999	-0.15172859	0.10882135
0.48399999	0.26497909	0.15262057
0.48499999	0.62327754	0.22351746
0.48599999	0.82372659	0.29364541
0.48699999	0.83523005	0.35300812
0.48799999	0.64972931	0.38213584
0.48899999	0.29687500	0.37672243
0.48999999	-0.12632258	0.33864421
0.49099999	-0.55853224	0.27319142
0.49199999	-0.81889760	0.20610851
0.49299999	-0.87093997	0.14736098
0.49399999	-0.70949185	0.11251231
0.49499999	-0.35596088	0.10706816
0.49599999	0.05521039	0.13312007
0.49699999	0.46376723	0.18642348
0.49799999	0.74258733	0.25362942
0.49899999	0.84851748	0.32514149
0.49999999	0.75916582	0.36909449
0.50099999	0.48984990	0.37936762
0.50199999	0.09331939	0.35593012
0.50299999	-0.37220103	0.30201155
0.50399999	-0.70850760	0.23480561
0.50499999	-0.86826402	0.16393946
0.50599999	-0.81203860	0.11737204
0.50699999	-0.54632133	0.10223917
0.50799999	-0.16701525	0.11687992
0.50899999	0.27060777	0.15929502
0.50999999	0.61660308	0.22031865
0.51099999	0.81812871	0.29060039
0.51199999	0.83027804	0.34608760
0.51299999	0.65240526	0.37881398
0.51399999	0.30883980	0.37589198
0.51499999	-0.14877583	0.33772147
0.51599999	-0.54038507	0.27946603
0.51699999	-0.81034696	0.20976870
0.51799999	-0.86841780	0.14840674
0.51899999	-0.70558560	0.10420768
0.51999999	-0.38145915	0.09833292
0.52099999	0.05739419	0.13167445
0.52199999	0.45346335	0.18716167
0.52299999	0.74760085	0.25682825
0.52399999	0.85820621	0.32111222
0.52499999	0.76863927	0.37078616
0.52599999	0.49535555	0.38235113
0.52699999	0.08012426	0.35386935
0.52799999	-0.34045890	0.30422613
0.52899999	-0.70607775	0.24064961
0.52999999	-0.86967885	0.17651944
0.53099999	-0.80791706	0.12137057
0.53199999	-0.55619466	0.10085507
0.53299999	-0.14942175	0.11783341
0.53399999	0.26421013	0.16175567
0.53499999	0.62312376	0.22659326
0.53599999	0.82372659	0.29056963
0.53699999	0.83523005	0.34387302
0.53799999	0.64972931	0.37318528
0.53899998	0.29687500	0.37438485
0.53999998	-0.12632258	0.33938238
0.54099998	-0.55853224	0.27334523
0.54199998	-0.81889760	0.20626231
0.54299998	-0.87093997	0.14812993
0.54399998	-0.70949185	0.11005167
0.54499998	-0.35596088	0.09731791
0.54599998	0.05505659	0.12647638
0.54699998	0.46299827	0.19309793
0.54799998	0.74492496	0.26341042
0.54899998	0.85749876	0.32763287
0.54999998	0.76814717	0.36832553
0.55099998	0.49218750	0.37921384
0.55199998	0.09255044	0.35577634
0.55299998	-0.37235484	0.30124262
0.55399998	-0.70850760	0.23726624
0.55499998	-0.86826402	0.17368971
0.55599998	-0.81219244	0.12404650
0.55699998	-0.54709029	0.09556472
0.55799998	-0.16486220	0.10712968
0.55899998	0.27878937	0.15680364
0.55999998	0.62804502	0.22108760
0.56099998	0.83018577	0.29075417
0.56199998	0.83621430	0.34624138
0.56299998	0.64554626	0.37958291
0.56399998	0.29908955	0.37370816
0.56499998	-0.15123646	0.32950911
0.56599998	-0.53961617	0.26799336
0.56699998	-0.81019318	0.19771162
0.56799998	-0.86841780	0.14250124
0.56899998	-0.70558560	0.11103593
0.56999998	-0.38145915	0.10796013
0.57099998	0.05739419	0.13336614
0.57199998	0.45346335	0.18888411
0.57299998	0.74760085	0.26642472
0.57399998	0.85820621	0.32778665
0.57499998	0.76863927	0.36411172
0.57599998	0.49535555	0.37260088
0.57699998	0.08012426	0.35137796
0.57799998	-0.34030512	0.30499509
0.57899998	-0.70530879	0.24080339
0.57999998	-0.87201649	0.17651944
0.58099998	-0.81689835	0.12137057
0.58199998	-0.56517595	0.10085507
0.58299998	-0.15172859	0.11783341
0.58399998	0.26497909	0.16160187
0.58499998	0.62327754	0.22582431
0.58599998	0.82372659	0.29287648
0.58699998	0.83523005	0.35285434
0.58799998	0.64972931	0.38213584
0.58899998	0.29687500	0.37672243
0.58999998	-0.12632258	0.33864421
0.59099998	-0.55853224	0.27319142
0.59199998	-0.81889760	0.20610851
0.59299998	-0.87093997	0.14736098
0.59399998	-0.70949185	0.11251231
0.59499998	-0.35596088	0.10706816
0.59599998	0.05521039	0.13312007
0.59699998	0.46376723	0.18642348
0.59799998	0.74243355	0.25362942
0.59899998	0.84774852	0.32514149
0.59999998	0.76147270	0.36894071
0.60099998	0.49883121	0.37859866
0.60199998	0.10230069	0.35808316
0.60299998	-0.36986342	0.31025466
0.60399998	-0.70927656	0.24612451
0.60499998	-0.86841780	0.17525837
0.60599998	-0.81203860	0.12561515
0.60699998	-0.54632133	0.10442298
0.60799998	-0.16701525	0.11611097
0.60899998	0.27060777	0.15911049
0.60999998	0.61660308	0.22031865
0.61099998	0.81812871	0.29060039
0.61199998	0.83027804	0.34608760
0.61299998	0.65240526	0.37881398
0.61399998	0.30883980	0.37604576
0.61499998	-0.14877583	0.33849040
0.61599998	-0.54038507	0.27697465
0.61699998	-0.81034696	0.20001845
0.61799998	-0.86841780	0.14173228
0.61899998	-0.70558560	0.11088213
0.61999998	-0.38145915	0.10811393
0.62099998	0.05739419	0.13413508
0.62199998	0.45346335	0.18639271
0.62299998	0.74760085	0.25667447
0.62399998	0.85820621	0.32111222
0.62499998	0.76863927	0.37078616
0.62599998	0.49535555	0.38250491
0.62699998	0.08012426	0.35463828
0.62799998	-0.34045890	0.30191928
0.62899998	-0.70607775	0.23163755
0.62999998	-0.86967885	0.16750738
0.63099998	-0.80791706	0.11906373
0.63199998	-0.55619466	0.10162401
0.63299998	-0.14942175	0.11798720
0.63399998	0.26421013	0.16160187
0.63499998	0.62312376	0.22582431
0.63599998	0.82372659	0.29287648
0.63699998	0.83523005	0.35285434
0.63799998	0.64972931	0.38213584
0.63899998	0.29687500	0.37672243
0.63999998	-0.12632258	0.33864421
0.64099998	-0.55853224	0.27319142
0.64199998	-0.81889760	0.20610851
0.64299998	-0.87093997	0.14736098
0.64399998	-0.70949185	0.11251231
0.64499998	-0.35596088	0.10706816
0.64599998	0.05505659	0.13312007
0.64699998	0.46299827	0.18642348
0.64799998	0.74492496	0.25362942
0.64899998	0.85749876	0.32514149
0.64999998	0.76814717	0.36909449
0.65099998	0.49218750	0.37936762
0.65199998	0.09255044	0.35577634
0.65299998	-0.37235484	0.30124262
0.65399998	-0.70850760	0.23711245
0.65499998	-0.86826402	0.17292076
0.65599998	-0.81203860	0.12638411
0.65699998	-0.54632133	0.10457677
0.65799998	-0.16716905	0.11611097
0.65899998	0.26983884	0.15911049
0.65999998	0.61890996	0.22031865
0.66099998	0.82710999	0.29060039
0.66199998	0.83929008	0.34624138
0.66299998	0.65471208	0.37958291
0.66399998	0.30810162	0.37355438
0.66499998	-0.14892963	0.32874015
0.66599998	-0.54038507	0.27045399
0.66699998	-0.81034696	0.20746186
0.66799998	-0.86841780	0.14917569
0.66899998	-0.70558560	0.10436147
0.66999998	-0.38145915	0.09817913
0.67099998	0.05739419	0.13090551
0.67199998	0.45361713	0.18949926
0.67299998	0.74836981	0.26580954
0.67399998	0.85589933	0.33012426
0.67499998	0.75965798	0.37312376
0.67599998	0.48634350	0.38173598
0.67699998	0.07781742	0.35448450
0.67799998	-0.33953616	0.30191928
0.67899998	-0.70515501	0.23163755
0.67999998	-0.87201649	0.16750738
0.68099998	-0.81689835	0.11906373
0.68199998	-0.56517595	0.10162401
0.68299998	-0.15172859	0.11798720
0.68399998	0.26513287	0.16175567
0.68499998	0.62404650	0.22659326
0.68599998	0.82123524	0.29056963
0.68699998	0.82544905	0.34387302
0.68799998	0.64305484	0.37318528
0.68899998	0.30354947	0.37438485
0.68999998	-0.11657234	0.33938238
0.69099998	-0.55604082	0.27334523
0.69199998	-0.81963581	0.20610851
0.69299998	-0.87109375	0.14736098
0.69399998	-0.70949185	0.11251231
0.69499998	-0.35596088	0.10706816
0.69599998	0.05521039	0.13312007
0.69699998	0.46376723	0.18642348
0.69799998	0.74258733	0.25362942
0.69899998	0.84851748	0.32514149
0.69999998	0.75916582	0.36909449
0.70099998	0.48984990	0.37936762
0.70199998	0.09331939	0.35593012
0.70299998	-0.37220103	0.30201155
0.70399998	-0.70866144	0.23480561
0.70499998	-0.86903298	0.16393946
0.70599998	-0.80973178	0.11737204
0.70699998	-0.53730929	0.10223917
0.70799998	-0.15818775	0.11687992
0.70899998	0.27214566	0.15929502
0.70999998	0.61814100	0.22031865
0.71099998	0.82695621	0.29060039
0.71199998	0.83929008	0.34624138
0.71299998	0.65471208	0.37958291
0.71399998	0.30810162	0.37355438
0.71499998	-0.14892963	0.32874015
0.71599998	-0.54053885	0.27045399
0.71699998	-0.81111592	0.20746186
0.71799998	-0.86611098	0.14917569
0.71899998	-0.69663507	0.10436147
0.71999998	-0.37247786	0.09833292
0.72099998	0.05970103	0.13167445
0.72199998	0.45269439	0.18716167
0.72299998	0.74744707	0.25682825
0.72399998	0.85820621	0.32111222
0.72499998	0.76863927	0.37078616
0.72599998	0.49535555	0.38235113
0.72699998	0.08012426	0.35386935
0.72799998	-0.34045890	0.30422613
0.72899998	-0.70607775	0.24064961
0.72999998	-0.86967885	0.17651944
0.73099998	-0.80791706	0.12137057
0.73199998	-0.55619466	0.10085507
0.73299998	-0.14942175	0.11783341
0.73399998	0.26421013	0.16160187
0.73499998	0.62312376	0.22582431
0.73599998	0.82372659	0.29287648
0.73699998	0.83523005	0.35285434
0.73799998	0.64972931	0.38213584
0.73899998	0.29687500	0.37672243
0.73999998	-0.12632258	0.33879799
0.74099998	-0.55853224	0.27396038
0.74199998	-0.81889760	0.20380168
0.74299998	-0.87093997	0.13837968
0.74399998	-0.70949185	0.10353100
0.74499998	-0.35596088	0.10473056
0.74599998	0.05505659	0.13388902
0.74699998	0.46299827	0.18657726
0.74799998	0.74492496	0.25362942
0.74899998	0.85749876	0.32514149
0.74999998	0.76814717	0.36909449
0.75099998	0.49218750	0.37936762
0.75199998	0.09255044	0.35577634
0.75299998	-0.37235484	0.30124262
0.75399998	-0.70850760	0.23711245
0.75499998	-0.86826402	0.17292076
0.75599998	-0.81203860	0.12638411
0.75699998	-0.54632133	0.10457677
0.75799998	-0.16716905	0.11611097
0.75899998	0.26983884	0.15911049
0.75999998	0.61906374	0.22047244
0.76099998	0.82787895	0.29136935
0.76199998	0.83698326	0.34393454
0.76299998	0.64570004	0.37057087
0.76399998	0.29908955	0.36472687
0.76499998	-0.15123646	0.32717150
0.76599998	-0.53961617	0.26888534
0.76699998	-0.81019318	0.19863436
0.76799998	-0.86857158	0.14019439
0.76899998	-0.70635456	0.10202387
0.76999998	-0.37899852	0.09910187
0.77099998	0.06711368	0.13182825
0.77199998	0.46026084	0.18716167
0.77299998	0.74169534	0.25682825
0.77399998	0.84614909	0.32111222
0.77499998	0.75716656	0.37078616
0.77599998	0.48711246	0.38250491
0.77699998	0.07797121	0.35463828
0.77799998	-0.33968997	0.30191928
0.77899998	-0.70592397	0.23163755
0.77999998	-0.86967885	0.16750738
0.78099998	-0.80791706	0.11906373
0.78199998	-0.55619466	0.10162401
0.78299998	-0.14942175	0.11798720
0.78399998	0.26421013	0.16160187
0.78499998	0.62312376	0.22582431
0.78599998	0.82357281	0.29287648
0.78699998	0.83446109	0.35285434
0.78799998	0.65206695	0.38213584
0.78899998	0.30585629	0.37672243
0.78999998	-0.11734129	0.33879799
0.79099998	-0.55619466	0.27396038
0.79199998	-0.81963581	0.20380168
0.79299998	-0.87109375	0.13837968
0.79399998	-0.70949185	0.10337722
0.79499998	-0.35596088	0.10396162
0.79599998	0.05505659	0.13619587
0.79699998	0.46299827	0.19555856
0.79799998	0.74492496	0.26264149
0.79899998	0.85749876	0.32747909
0.79999998	0.76814717	0.36817175
0.80099998	0.49218750	0.37844488
0.80199998	0.09255044	0.35823697
0.80299998	-0.37235484	0.31102362
0.80399998	-0.70850760	0.24378690
0.80499998	-0.86826402	0.16624631
0.80599998	-0.81203860	0.11660310
0.80699998	-0.54632133	0.10208538
0.80799998	-0.16716905	0.11672613
0.80899998	0.26983884	0.15852608
0.80999998	0.61890996	0.22265625
0.81099998	0.82710999	0.29958171
0.81199998	0.83929008	0.35509965
0.81299998	0.65471208	0.38112080
0.81399998	0.30810162	0.37527683
0.81499998	-0.14892963	0.33833662
0.81599998	-0.54038507	0.27712846
0.81699998	-0.81034696	0.20078740
0.81799998	-0.86841780	0.13942544
0.81899998	-0.70558560	0.10187007
0.81999998	-0.38145915	0.09894808
0.82099998	0.05739419	0.13105930
0.82199998	0.45361713	0.18949926
0.82299998	0.74836981	0.26580954
0.82399998	0.85589933	0.33012426
0.82499998	0.75965798	0.37312376
0.82599998	0.48634350	0.38158217
0.82699998	0.07781742	0.35371554
0.82799998	-0.33953616	0.30422613
0.82899998	-0.70515501	0.24064961
0.82999998	-0.87201649	0.17651944
0.83099998	-0.81689835	0.12137057
0.83199998	-0.56517595	0.10085507
0.83299998	-0.15172859	0.11783341
0.83399998	0.26497909	0.16160187
0.83499998	0.62327754	0.22582431
0.83599998	0.82372659	0.29287648
0.83699998	0.83523005	0.35285434
0.83799998	0.64972931	0.38213584
0.83899998	0.29687500	0.37672243
0.83999998	-0.12632258	0.33879799
0.84099998	-0.55853224	0.27396038
0.84199998	-0.81889760	0.20380168
0.84299998	-0.87093997	0.13837968
0.84399998	-0.70949185	0.10337722
0.84499998	-0.35596088	0.10396162
0.84599998	0.05505659	0.13619587
0.84699998	0.46299827	0.19555856
0.84799998	0.74492496	0.26264149
0.84899998	0.85749876	0.32747909
0.84999998	0.76814717	0.36832553
0.85099998	0.49218750	0.37921384
0.85199998	0.09255044	0.35577634
0.85299998	-0.37235484	0.30124262
0.85399998	-0.70850760	0.23726624
0.85499998	-0.86826402	0.17368971
0.85599998	-0.81203860	0.12404650
0.85699998	-0.54632133	0.09556472
0.85799998	-0.16716905	0.10712968
0.85899998	0.26983884	0.15680364
0.85999998	0.61906374	0.22108760
0.86099998	0.82787895	0.29075417
0.86199998	0.83698326	0.34608760
0.86299998	0.64570004	0.37881398
0.86399998	0.29908955	0.37589198
0.86499998	-0.15123646	0.33772147
0.86599998	-0.53961617	0.27946603
0.86699998	-0.81019318	0.20976870
0.86799998	-0.86857158	0.14840674
0.86899998	-0.70635456	0.10420768
0.86999998	-0.37915230	0.09833292
0.87099998	0.06634473	0.13167445
0.87199998	0.46259841	0.18731545
0.87299998	0.75067669	0.25759721
0.87399998	0.85513043	0.31862080
0.87499998	0.75950420	0.36103591
0.87599998	0.48634350	0.37583047
0.87699998	0.07781742	0.36131275
0.87799998	-0.33953616	0.31166953
0.87899998	-0.70515501	0.23412894
0.87999998	-0.87201649	0.16673844
0.88099998	-0.81689835	0.11890994
0.88199998	-0.56517595	0.10162401
0.88299998	-0.15172859	0.11798720
0.88399998	0.26513287	0.16160187
0.88499998	0.62404650	0.22582431
0.88599998	0.82123524	0.29287648
0.88699998	0.82544905	0.35285434
0.88799998	0.64305484	0.38213584
0.88899998	0.30354947	0.37672243
0.88999998	-0.11657234	0.33864421
0.89099998	-0.55604082	0.27319142
0.89199997	-0.81963581	0.20610851
0.89299997	-0.87109375	0.14736098
0.89399997	-0.70949185	0.11235851
0.89499997	-0.35596088	0.10629921
0.89599997	0.05521039	0.13542692
0.89699997	0.46376723	0.19540477
0.89799997	0.74243355	0.26264149
0.89899997	0.84774852	0.32747909
0.89999997	0.76131892	0.36817175
0.90099997	0.49806225	0.37844488
0.90199997	0.10460753	0.35823697
0.90299997	-0.36091289	0.31102362
0.90399997	-0.70029527	0.24378690
0.90499997	-0.86611098	0.16624631
0.90599997	-0.81280756	0.11660310
0.90699997	-0.54647517	0.10208538
0.90799997	-0.16701525	0.11672613
0.90899997	0.27060777	0.15852608
0.90999997	0.61660308	0.22265625
0.91099997	0.81812871	0.29958171
0.91199997	0.83043182	0.35509965
0.91299997	0.65314347	0.38112080
0.91399997	0.30653298	0.37527683
0.91499997	-0.15775713	0.33833662
0.91599997	-0.54952019	0.27712846
0.91699997	-0.81342274	0.20078740
0.91799997	-0.86549580	0.13942544
0.91899997	-0.69721949	0.10187007
0.91999997	-0.37017101	0.09910187
0.92099997	0.06868234	0.13182825
0.92199997	0.46167567	0.18716167
0.92299997	0.74975395	0.25682825
0.92399997	0.85743725	0.32111222
0.92499997	0.76848549	0.37078616
0.92599997	0.49535555	0.38235113
0.92699997	0.08012426	0.35386935
0.92799997	-0.34030512	0.30422613
0.92899997	-0.70530879	0.24064961
0.92999997	-0.87201649	0.17651944
0.93099997	-0.81689835	0.12137057
0.93199997	-0.56517595	0.10085507
0.93299997	-0.15172859	0.11783341
0.93399997	0.26497909	0.16175567
0.93499997	0.62327754	0.22659326
0.93599997	0.82372659	0.29072341
0.93699997	0.83523005	0.34464198
0.93799997	0.64972931	0.37084767
0.93899997	0.29687500	0.36540353
0.93999997	-0.12632258	0.33055487
0.94099997	-0.55853224	0.27180734
0.94199997	-0.81889760	0.20457062
0.94299997	-0.87093997	0.13853346
0.94399997	-0.70949185	0.10353100
0.94499997	-0.35596088	0.10473056
0.94599997	0.05505659	0.13388902
0.94699997	0.46299827	0.18657726
0.94799997	0.74492496	0.25362942
0.94899997	0.85749876	0.32514149
0.94999997	0.76799333	0.36894071
0.95099997	0.49141854	0.37859866
0.95199997	0.09485728	0.35808316
0.95299997	-0.36337352	0.31025466
0.95399997	-0.69952631	0.24612451
0.95499997	-0.86595720	0.17525837
0.95599997	-0.81280756	0.12546137
0.95699997	-0.54647517	0.10365403
0.95799997	-0.16716905	0.11844857
0.95899997	0.26983884	0.16812254
0.95999997	0.61890996	0.22933070
0.96099997	0.82710999	0.29290724
0.96199997	0.83929008	0.34531865
0.96299997	0.65471208	0.37866017
0.96399997	0.30810162	0.37604576
0.96499997	-0.14892963	0.33849040
0.96599997	-0.54038507	0.27712846
0.96699997	-0.81034696	0.20078740
0.96799997	-0.86857158	0.13942544
0.96899997	-0.70635456	0.10187007
0.96999997	-0.37915230	0.09910187
0.97099997	0.06634473	0.13182825
0.97199997	0.46259841	0.18716167
0.97299997	0.75067669	0.25682825
0.97399997	0.85513043	0.32095841
0.97499997	0.75950420	0.37001723
0.97599997	0.48634350	0.38465798
0.97699997	0.07781742	0.36285064
0.97799997	-0.33953616	0.31323817
0.97899997	-0.70515501	0.24295644
0.97999997	-0.87201649	0.17575049
0.98099997	-0.81689835	0.12121678
0.98199997	-0.56517595	0.10085507
0.98299997	-0.15172859	0.11783341
0.98399997	0.26513287	0.16160187
0.98499997	0.62404650	0.22582431
0.98599997	0.82123524	0.29287648
0.98699997	0.82544905	0.35285434
0.98799997	0.64305484	0.38213584
0.98899997	0.30354947	0.37672243
0.98999997	-0.11657234	0.33864421
0.99099997	-0.55604082	0.27319142
0.99199997	-0.81963581	0.20610851
0.99299997	-0.87109375	0.14736098
0.99399997	-0.70949185	0.11251231
0.99499997	-0.35596088	0.10706816
0.99599997	0.05521039	0.13312007
0.99699997	0.46376723	0.18642348
0.99799997	0.74258733	0.25362942
0.99899997	0.84851748	0.32514149
0.99999997	0.75916582	0.36909449
1.00099997	0.48984990	0.37936762
1.00199997	0.09331939	0.35577634
1.00299997	-0.37220103	0.30124262
1.00399997	-0.70850760	0.23711245
1.00499997	-0.86826402	0.17292076
1.00599997	-0.81203860	0.12638411
1.00699997	-0.54632133	0.10457677
1.00799997	-0.16716905	0.11611097
1.00899997	0.26983884	0.15911049
1.00999997	0.61890996	0.22031865
1.01099997	0.82710999	0.29060039
1.01199997	0.83929008	0.34608760
1.01299997	0.65471208	0.37881398
1.01399997	0.30810162	0.37589198
1.01499997	-0.14892963	0.33772147
1.01599997	-0.54038507	0.27946603
1.01699997	-0.81034696	0.20976870
1.01799997	-0.86857158	0.14840674
1.01899997	-0.70635456	0.10420768
1.01999997	-0.37915230	0.09833292
1.02099997	0.06634473	0.13167445
1.02199997	0.46244463	0.18716167
1.02299997	0.74990773	0.25682825
1.02399997	0.85743725	0.32111222
1.02499997	0.76848549	0.37078616
1.02599997	0.49550936	0.38235113
1.02699997	0.08089321	0.35386935
1.02799997	-0.34276575	0.30422613
1.02899997	-0.71505904	0.24064961
1.02999997	-0.87866020	0.17651944
1.03099997	-0.81022394	0.12137057
1.03199997	-0.55557948	0.10085507
1.03299997	-0.15003692	0.11783341
1.03399997	0.26654774	0.16175567
1.03499997	0.63210505	0.22659326
1.03599997	0.83267719	0.29056963
1.03699997	0.83753693	0.34387302
1.03799997	0.64896035	0.37318528
1.03899997	0.29672122	0.37438485
1.03999997	-0.12632258	0.33953616
1.04099997	-0.55853224	0.27411416
1.04199997	-0.81889760	0.20380168
1.04299997	-0.87093997	0.13837968
1.04399997	-0.70949185	0.10337722
1.04499997	-0.35596088	0.10396162
1.04599997	0.05505659	0.13619587
1.04699997	0.46299827	0.19555856
1.04799997	0.74492496	0.26264149
1.04899997	0.85749876	0.32747909
1.04999997	0.76814717	0.36817175
1.05099997	0.49218750	0.37844488
1.05199997	0.09255044	0.35808316
1.05299997	-0.37235484	0.31025466
1.05399997	-0.70850760	0.24627830
1.05499997	-0.86826402	0.17599656
1.05599997	-0.81203860	0.12327756
1.05699997	-0.54632133	0.09541093
1.05799997	-0.16716905	0.10712968
1.05899997	0.26983884	0.15680364
1.05999997	0.61890996	0.22108760
1.06099997	0.82710999	0.29075417
1.06199997	0.83929008	0.34608760
1.06299997	0.65471208	0.37881398
1.06399997	0.30810162	0.37604576
1.06499997	-0.14892963	0.33849040
1.06599997	-0.54038507	0.27712846
1.06699997	-0.81034696	0.20078740
1.06799997	-0.86857158	0.13927165
1.06899997	-0.70635456	0.10110113
1.06999997	-0.37915230	0.10140871
1.07099997	0.06634473	0.14080955
1.07199997	0.46244463	0.19614296
1.07299997	0.74990773	0.25913510
1.07399997	0.85743725	0.32018948
1.07499997	0.76848549	0.36986342
1.07599997	0.49535555	0.38465798
1.07699997	0.08012426	0.36285064
1.07799997	-0.34030512	0.31323817
1.07899997	-0.70530879	0.24295644
1.07999997	-0.87217027	0.17575049
1.08099997	-0.81766731	0.12121678
1.08199997	-0.56283832	0.10085507
1.08299997	-0.14277805	0.11783341
1.08399997	0.27396038	0.16175567
1.08499997	0.62561518	0.22659326
1.08599997	0.82295769	0.29056963
1.08699997	0.83507627	0.34387302
1.08799997	0.64972931	0.37318528
1.08899997	0.29687500	0.37438485
1.08999997	-0.12632258	0.33938238
1.09099997	-0.55853224	0.27334523
1.09199997	-0.81889760	0.20610851
1.09299997	-0.87093997	0.14736098
1.09399997	-0.70949185	0.11251231
1.09499997	-0.35596088	0.10706816
1.09599997	0.05505659	0.13312007
1.09699997	0.46299827	0.18642348
1.09799997	0.74492496	0.25362942
1.09899997	0.85749876	0.32514149
1.09999997	0.76799333	0.36909449
1.10099997	0.49141854	0.37936762
1.10199997	0.09485728	0.35577634
1.10299997	-0.36337352	0.30124262
1.10399997	-0.69952631	0.23711245
1.10499997	-0.86595720	0.17292076
1.10599997	-0.81280756	0.12638411
1.10699997	-0.54647517	0.10457677
1.10799997	-0.16716905	0.11611097
1.10899997	0.26983884	0.15911049
1.10999997	0.61890996	0.22031865
1.11099997	0.82710999	0.29060039
1.11199997	0.83929008	0.34608760
1.11299997	0.65471208	0.37881398
1.11399997	0.30810162	0.37604576
1.11499997	-0.14892963	0.33849040
1.11599997	-0.54038507	0.27697465
1.11699997	-0.81034696	0.20001845
1.11799997	-0.86857158	0.14173228
1.11899997	-0.70635456	0.11088213
1.11999997	-0.37915230	0.10796013
1.12099997	0.06634473	0.13336614
1.12199997	0.46244463	0.18873031
1.12299997	0.74990773	0.26565576
1.12399997	0.85743725	0.33012426
1.12499997	0.76848549	0.37312376
1.12599997	0.49535555	0.38158217
1.12699997	0.08012426	0.35371554
1.12799997	-0.34045890	0.30407235
1.12899997	-0.70607775	0.23988065
1.12999997	-0.86967885	0.17882627
1.13099997	-0.80791706	0.13035187
1.13199997	-0.55619466	0.10983637
1.13299997	-0.14942175	0.12014025
1.13399997	0.26421013	0.16101746
1.13499997	0.62312376	0.22643946
1.13599997	0.82372659	0.29056963
1.13699997	0.83523005	0.34387302
1.13799997	0.64972931	0.37318528
1.13899997	0.29687500	0.37438485
1.13999997	-0.12632258	0.33938238
1.14099997	-0.55853224	0.27334523
1.14199997	-0.81889760	0.20626231
1.14299997	-0.87093997	0.14812993
1.14399997	-0.70949185	0.11005167
1.14499997	-0.35596088	0.09731791
1.14599997	0.05505659	0.12647638
1.14699997	0.46299827	0.19309793
1.14799997	0.74492496	0.26341042
1.14899997	0.85749876	0.32763287
1.14999997	0.76799333	0.36832553
1.15099997	0.49141854	0.37921384
1.15199997	0.09485728	0.35577634
1.15299997	-0.36337352	0.30124262
1.15399997	-0.69952631	0.23711245
1.15499997	-0.86595720	0.17292076
1.15599997	-0.81280756	0.12638411
1.15699997	-0.54647517	0.10457677
1.15799997	-0.16716905	0.11611097
1.15899997	0.26983884	0.15911049
1.15999997	0.61906374	0.22031865
1.16099997	0.82787895	0.29060039
1.16199997	0.83698326	0.34608760
1.16299997	0.64570004	0.37881398
1.16399997	0.29908955	0.37604576
1.16499997	-0.15123646	0.33849040
1.16599997	-0.53961617	0.27712846
1.16699997	-0.81019318	0.20078740
1.16799997	-0.86841780	0.13942544
1.16899997	-0.70558560	0.10187007
1.16999997	-0.38145915	0.09894808
1.17099997	0.05739419	0.13105930
1.17199997	0.45361713	0.18965305
1.17299997	0.74836981	0.26657850
1.17399997	0.85589933	0.32778665
1.17499997	0.75965798	0.36411172
1.17599997	0.48634350	0.37260088
1.17699997	0.07781742	0.35137796
1.17799997	-0.33953616	0.30499509
1.17899997	-0.70515501	0.24080339
1.17999997	-0.87201649	0.17651944
1.18099997	-0.81689835	0.12137057
1.18199997	-0.56517595	0.10085507
1.18299997	-0.15172859	0.11783341
1.18399997	0.26513287	0.16175567
1.18499997	0.62404650	0.22659326
1.18599997	0.82123524	0.29056963
1.18699997	0.82544905	0.34387302
1.18799997	0.64305484	0.37318528
1.18899997	0.30354947	0.37438485
1.18999997	-0.11657234	0.33953616
1.19099997	-0.55604082	0.27411416
1.19199997	-0.81963581	0.20380168
1.19299997	-0.87109375	0.13837968
1.19399997	-0.70949185	0.10353100
1.19499997	-0.35596088	0.10473056
1.19599997	0.05505659	0.13388902
1.19699997	0.46299827	0.18657726
1.19799997	0.74474043	0.25362942
1.19899997	0.85672981	0.32514149
1.19999997	0.77048475	0.36894071
1.20099997	0.50116879	0.37859866
1.20199997	0.10153174	0.35823697
1.20299997	-0.37004799	0.31102362
1.20399997	-0.70927656	0.24378690
1.20499997	-0.86841780	0.16624631
1.20599997	-0.81203860	0.11660310
1.20699997	-0.54632133	0.10208538
1.20799997	-0.16716905	0.11672613
1.20899997	0.26983884	0.15852608
1.20999997	0.61890996	0.22265625
1.21099997	0.82710999	0.29958171
1.21199997	0.83929008	0.35509965
1.21299997	0.65471208	0.38112080
1.21399997	0.30810162	0.37527683
1.21499997	-0.14892963	0.33833662
1.21599997	-0.54038507	0.27697465
1.21699997	-0.81034696	0.20001845
1.21799997	-0.86841780	0.14173228
1.21899997	-0.70558560	0.11088213
1.21999997	-0.38145915	0.10811393
1.22099997	0.05739419	0.13413508
1.22199997	0.45346335	0.18639271
1.22299997	0.74760085	0.25667447
1.22399997	0.85820621	0.32111222
1.22499997	0.76863927	0.37078616
1.22599997	0.49535555	0.38250491
1.22699997	0.08012426	0.35463828
1.22799997	-0.34045890	0.30191928
1.22899997	-0.70607775	0.23163755
1.22999997	-0.86967885	0.16766118
1.23099997	-0.80791706	0.11983268
1.23199997	-0.55634844	0.09931718
1.23299997	-0.15019070	0.10897515
1.23399997	0.26654774	0.15262057
1.23499997	0.63210505	0.22351746
1.23599997	0.83267719	0.29364541
1.23699997	0.83753693	0.35300812
1.23799997	0.64896035	0.38213584
1.23899997	0.29672122	0.37672243
1.23999997	-0.12632258	0.33879799
1.24099997	-0.55853224	0.27396038
1.24199997	-0.81889760	0.20380168
1.24299997	-0.87093997	0.13837968
1.24399997	-0.70949185	0.10337722
1.24499997	-0.35596088	0.10396162
1.24599996	0.05505659	0.13619587
1.24699996	0.46299827	0.19555856
1.24799996	0.74492496	0.26264149
1.24899996	0.85749876	0.32747909
1.24999996	0.76814717	0.36832553
1.25099996	0.49218750	0.37921384
1.25199996	0.09255044	0.35577634
1.25299996	-0.37235484	0.30124262
1.25399996	-0.70850760	0.23711245
1.25499996	-0.86826402	0.17292076
1.25599996	-0.81203860	0.12638411
1.25699996	-0.54632133	0.10457677
1.25799996	-0.16716905	0.11611097
1.25899996	0.26983884	0.15911049
1.25999996	0.61890996	0.22031865
1.26099996	0.82710999	0.29060039
1.26199996	0.83929008	0.34608760
1.26299996	0.65471208	0.37881398
1.26399996	0.30810162	0.37604576
1.26499996	-0.14892963	0.33849040
1.26599996	-0.54038507	0.27697465
1.26699996	-0.81034696	0.20001845
1.26799996	-0.86857158	0.14173228
1.26899996	-0.70635456	0.11088213
1.26999996	-0.37915230	0.10811393
1.27099996	0.06634473	0.13413508
1.27199996	0.46244463	0.18639271
1.27299996	0.74990773	0.25667447
1.27399996	0.85743725	0.32111222
1.27499996	0.76848549	0.37078616
1.27599996	0.49535555	0.38235113
1.27699996	0.08012426	0.35386935
1.27799996	-0.34030512	0.30422613
1.27899996	-0.70530879	0.24064961
1.27999996	-0.87217027	0.17651944
1.28099996	-0.81766731	0.12137057
1.28199996	-0.56283832	0.10085507
1.28299996	-0.14277805	0.11783341
1.28399996	0.27411416	0.16160187
1.28499996	0.62635332	0.22582431
1.28599996	0.82046628	0.29287648
1.28699996	0.82529527	0.35285434
1.28799996	0.64305484	0.38213584
1.28899996	0.30354947	0.37672243
1.28999996	-0.11657234	0.33864421
1.29099996	-0.55604082	0.27319142
1.29199996	-0.81963581	0.20610851
1.29299996	-0.87109375	0.14736098
1.29399996	-0.70949185	0.11251231
1.29499996	-0.35596088	0.10706816
1.29599996	0.05505659	0.13312007
1.29699996	0.46299827	0.18642348
1.29799996	0.74492496	0.25362942
1.29899996	0.85749876	0.32514149
1.29999996	0.76799333	0.36894071
1.30099996	0.49141854	0.37859866
1.30199996	0.09485728	0.35823697
1.30299996	-0.36337352	0.31102362
1.30399996	-0.69952631	0.24394070
1.30499996	-0.86595720	0.16701525
1.30599996	-0.81280756	0.11429626
1.30699996	-0.54647517	0.09310409
1.30799996	-0.16716905	0.10774484
1.30899996	0.26983884	0.15618849
1.30999996	0.61890996	0.22342519
1.31099996	0.82710999	0.29973549
1.31199996	0.83929008	0.35525346
1.31299996	0.65471208	0.38188976
1.31399996	0.30810162	0.37296999
1.31499996	-0.14892963	0.32935530
1.31599996	-0.54053885	0.26799336
1.31699996	-0.81111592	0.19771162
1.31799996	-0.86611098	0.14250124
1.31899996	-0.69663507	0.11103593
1.31999996	-0.37247786	0.10796013
1.32099996	0.05970103	0.13336614
1.32199996	0.45269439	0.18873031
1.32299996	0.74744707	0.26565576
1.32399996	0.85820621	0.32993972
1.32499996	0.76863927	0.37235484
1.32599996	0.49535555	0.38388902
1.32699996	0.08012426	0.36269686
1.32799996	-0.34045890	0.31323817
1.32899996	-0.70607775	0.24295644
1.32999996	-0.86967885	0.17575049
1.33099996	-0.80791706	0.12121678
1.33199996	-0.55619466	0.10085507
1.33299996	-0.14942175	0.11783341
1.33399996	0.26421013	0.16160187
1.33499996	0.62312376	0.22582431
1.33599996	0.82372659	0.29306102
1.33699996	0.83523005	0.35362327
1.33799996	0.64972931	0.37982899
1.33899996	0.29687500	0.36771038
1.33999996	-0.12632258	0.32963213
1.34099996	-0.55853224	0.27088460
1.34199996	-0.81889760	0.20687746
1.34299996	-0.87093997	0.14751476
1.34399996	-0.70949185	0.11251231
1.34499996	-0.35596088	0.10706816
1.34599996	0.05505659	0.13312007
1.34699996	0.46299827	0.18642348
1.34799996	0.74492496	0.25362942
1.34899996	0.85749876	0.32514149
1.34999996	0.76814717	0.36894071
1.35099996	0.49218750	0.37859866
1.35199996	0.09255044	0.35808316
1.35299996	-0.37235484	0.31025466
1.35399996	-0.70850760	0.24612451
1.35499996	-0.86826402	0.17525837
1.35599996	-0.81203860	0.12561515
1.35699996	-0.54632133	0.10442298
1.35799996	-0.16716905	0.11611097
1.35899996	0.26983884	0.15911049
1.35999996	0.61906374	0.22031865
1.36099996	0.82787895	0.29060039
1.36199996	0.83698326	0.34624138
1.36299996	0.64570004	0.37958291
1.36399996	0.29908955	0.37370816
1.36499996	-0.15123646	0.32950911
1.36599996	-0.53961617	0.26799336
1.36699996	-0.81019318	0.19771162
1.36799996	-0.86841780	0.14250124
1.36899996	-0.70558560	0.11103593
1.36999996	-0.38145915	0.10811393
1.37099996	0.05739419	0.13413508
1.37199996	0.45361713	0.18639271
1.37299996	0.74836981	0.25667447
1.37399996	0.85589933	0.32111222
1.37499996	0.75965798	0.37078616
1.37599996	0.48634350	0.38235113
1.37699996	0.07781742	0.35386935
1.37799996	-0.33953616	0.30422613
1.37899996	-0.70515501	0.24064961
1.37999996	-0.87217027	0.17651944
1.38099996	-0.81766731	0.12137057
1.38199996	-0.56283832	0.10085507
1.38299996	-0.14277805	0.11783341
1.38399996	0.27396038	0.16160187
1.38499996	0.62561518	0.22582431
1.38599996	0.82295769	0.29287648
1.38699996	0.83507627	0.35285434
1.38799996	0.64972931	0.38213584
1.38899996	0.29687500	0.37672243
1.38999996	-0.12632258	0.33879799
1.39099996	-0.55853224	0.27396038
1.39199996	-0.81889760	0.20395546
1.39299996	-0.87093997	0.13911787
1.39399996	-0.70949185	0.10103962
1.39499996	-0.35596088	0.09501107
1.39599996	0.05505659	0.12724532
1.39699996	0.46299827	0.19325173
1.39799996	0.74492496	0.26341042
1.39899996	0.85749876	0.32763287
1.39999996	0.76814717	0.36832553
1.40099996	0.49218750	0.37921384
1.40199996	0.09255044	0.35577634
1.40299996	-0.37235484	0.30124262
1.40399996	-0.70850760	0.23711245
1.40499996	-0.86826402	0.17292076
1.40599996	-0.81203860	0.12638411
1.40699996	-0.54632133	0.10457677
1.40799996	-0.16716905	0.11611097
1.40899996	0.26983884	0.15911049
1.40999996	0.61890996	0.22031865
1.41099996	0.82710999	0.29060039
1.41199996	0.83929008	0.34608760
1.41299996	0.65471208	0.37881398
1.41399996	0.30810162	0.37604576
1.41499996	-0.14892963	0.33849040
1.41599996	-0.54038507	0.27712846
1.41699996	-0.81034696	0.20078740
1.41799996	-0.86841780	0.13942544
1.41899996	-0.70558560	0.10187007
1.41999996	-0.38145915	0.09894808
1.42099996	0.05739419	0.13105930
1.42199996	0.45346335	0.18949926
1.42299996	0.74760085	0.26580954
1.42399996	0.85820621	0.33012426
1.42499996	0.76863927	0.37312376
1.42599996	0.49535555	0.38158217
1.42699996	0.08012426	0.35371554
1.42799996	-0.34045890	0.30422613
1.42899996	-0.70607775	0.24064961
1.42999996	-0.86967885	0.17651944
1.43099996	-0.80791706	0.12137057
1.43199996	-0.55619466	0.10085507
1.43299996	-0.14942175	0.11783341
1.43399996	0.26421013	0.16175567
1.43499996	0.62312376	0.22659326
1.43599996	0.82372659	0.29056963
1.43699996	0.83523005	0.34387302
1.43799996	0.64972931	0.37318528
1.43899996	0.29687500	0.37438485
1.43999996	-0.12632258	0.33953616
1.44099996	-0.55853224	0.27411416
1.44199996	-0.81889760	0.20380168
1.44299996	-0.87093997	0.13837968
1.44399996	-0.70949185	0.10353100
1.44499996	-0.35596088	0.10473056
1.44599996	0.05505659	0.13388902
1.44699996	0.46299827	0.18657726
1.44799996	0.74492496	0.25362942
1.44899996	0.85749876	0.32514149
1.44999996	0.76814717	0.36894071
1.45099996	0.49218750	0.37859866
1.45199996	0.09255044	0.35823697
1.45299996	-0.37235484	0.31102362
1.45399996	-0.70850760	0.24394070
1.45499996	-0.86826402	0.16701525
1.45599996	-0.81203860	0.11429626
1.45699996	-0.54632133	0.09310409
1.45799996	-0.16716905	0.10789862
1.45899996	0.26983884	0.15695743
1.45999996	0.61906374	0.22108760
1.46099996	0.82787895	0.29075417
1.46199996	0.83698326	0.34608760
1.46299996	0.64570004	0.37881398
1.46399996	0.29908955	0.37604576
1.46499996	-0.15123646	0.33849040
1.46599996	-0.53961617	0.27697465
1.46699996	-0.81019318	0.20001845
1.46799996	-0.86841780	0.14173228
1.46899996	-0.70558560	0.11088213
1.46999996	-0.38145915	0.10811393
1.47099996	0.05739419	0.13413508
1.47199996	0.45361713	0.18639271
1.47299996	0.74836981	0.25667447
1.47399996	0.85589933	0.32111222
1.47499996	0.75965798	0.37078616
1.47599996	0.48634350	0.38235113
1.47699996	0.07781742	0.35386935
1.47799996	-0.33953616	0.30422613
1.47899996	-0.70515501	0.24064961
1.47999996	-0.87201649	0.17651944
1.48099996	-0.81689835	0.12137057
1.48199996	-0.56517595	0.10085507
1.48299996	-0.15172859	0.11783341
1.48399996	0.26497909	0.16160187
1.48499996	0.62327754	0.22582431
1.48599996	0.82357281	0.29287648
1.48699996	0.83446109	0.35285434
1.48799996	0.65206695	0.38213584
1.48899996	0.30585629	0.37672243
1.48999996	-0.11734129	0.33879799
1.49099996	-0.55619466	0.27396038
1.49199996	-0.81963581	0.20380168
1.49299996	-0.87109375	0.13837968
1.49399996	-0.70949185	0.10353100
1.49499996	-0.35596088	0.10473056
1.49599996	0.05505659	0.13388902
1.49699996	0.46299827	0.18657726
1.49799996	0.74474043	0.25362942
1.49899996	0.85672981	0.32514149
1.49999996	0.77048475	0.36894071
1.50099996	0.50116879	0.37859866
1.50199996	0.10153174	0.35823697
1.50299996	-0.37004799	0.31102362
1.50399996	-0.70927656	0.24378690
1.50499996	-0.86841780	0.16624631
1.50599996	-0.81203860	0.11660310
1.50699996	-0.54632133	0.10208538
1.50799996	-0.16701525	0.11687992
1.50899996	0.27060777	0.15929502
1.50999996	0.61660308	0.22031865
1.51099996	0.81812871	0.29060039
1.51199996	0.83027804	0.34608760
1.51299996	0.65240526	0.37881398
1.51399996	0.30883980	0.37604576
1.51499996	-0.14877583	0.33849040
1.51599996	-0.54053885	0.27712846
1.51699996	-0.81111592	0.20078740
1.51799996	-0.86611098	0.13942544
1.51899996	-0.69663507	0.10187007
1.51999996	-0.37247786	0.09910187
1.52099996	0.05970103	0.13182825
1.52199996	0.45269439	0.18716167
1.52299996	0.74744707	0.25682825
1.52399996	0.85820621	0.32111222
1.52499996	0.76863927	0.37078616
1.52599996	0.49535555	0.38235113
1.52699996	0.08012426	0.35386935
1.52799996	-0.34045890	0.30422613
1.52899996	-0.70607775	0.24064961
1.52999996	-0.86983269	0.17651944
1.53099996	-0.80868602	0.12137057
1.53199996	-0.55388778	0.10085507
1.53299996	-0.14044045	0.11783341
1.53399996	0.27319142	0.16160187
1.53499996	0.62543058	0.22582431
1.53599996	0.82295769	0.29306102
1.53699996	0.83507627	0.35362327
1.53799996	0.64988309	0.37982899
1.53899996	0.29764396	0.36771038
1.53999996	-0.12862943	0.32963213
1.54099996	-0.56751353	0.27088460
1.54199996	-0.82787895	0.20687746
1.54299996	-0.87324679	0.14751476
1.54399996	-0.70872295	0.11235851
1.54499996	-0.35580710	0.10629921
1.54599996	0.05505659	0.13558070
1.54699996	0.46299827	0.19617371
1.54799996	0.74492496	0.26033464
1.54899996	0.85749876	0.31846702
1.54999996	0.76814717	0.35915971
1.55099996	0.49218750	0.37613803
1.55199996	0.09255044	0.35885212
1.55299996	-0.37235484	0.31040847
1.55399996	-0.70850760	0.24612451
1.55499996	-0.86826402	0.17525837
1.55599996	-0.81203860	0.12561515
1.55699996	-0.54632133	0.10442298
1.55799996	-0.16716905	0.11611097
1.55899996	0.26983884	0.15911049
1.55999996	0.61890996	0.22031865
1.56099996	0.82710999	0.29060039
1.56199996	0.83929008	0.34608760
1.56299996	0.65471208	0.37881398
1.56399996	0.30810162	0.37589198
1.56499996	-0.14892963	0.33772147
1.56599996	-0.54038507	0.27946603
1.56699996	-0.81034696	0.20976870
1.56799996	-0.86857158	0.14840674
1.56899996	-0.70635456	0.10420768
1.56999996	-0.37915230	0.09833292
1.57099996	0.06634473	0.13167445
1.57199996	0.46259841	0.18716167
1.57299996	0.75067669	0.25682825
1.57399996	0.85513043	0.32111222
1.57499996	0.75950420	0.37078616
1.57599996	0.48634350	0.38235113
1.57699996	0.07781742	0.35386935
1.57799996	-0.33953616	0.30422613
1.57899996	-0.70515501	0.24064961
1.57999996	-0.87217027	0.17651944
1.58099996	-0.81766731	0.12137057
1.58199996	-0.56299210	0.10085507
1.58299996	-0.14351624	0.11783341
1.58399996	0.27626723	0.16175567
1.58499996	0.63456571	0.22659326
1.58599996	0.83190823	0.29056963
1.58699996	0.83738309	0.34387302
1.58799996	0.64896035	0.37318528
1.58899996	0.29672122	0.37438485
1.58999996	-0.12632258	0.33938238
1.59099996	-0.55853224	0.27334523
1.59199996	-0.81889760	0.20626231
1.59299996	-0.87093997	0.14812993
1.59399996	-0.70949185	0.11005167
1.59499996	-0.35596088	0.09731791
1.59599996	0.05505659	0.12663017
1.59699996	0.46299827	0.19386688
1.59799996	0.74492496	0.26107284
1.59899995	0.85749876	0.31862080
1.59999995	0.76814717	0.35915971
1.60099995	0.49218750	0.37613803
1.60199995	0.09255044	0.35885212
1.60299995	-0.37235484	0.31040847
1.60399995	-0.70850760	0.24612451
1.60499995	-0.86826402	0.17525837
1.60599995	-0.81203860	0.12561515
1.60699995	-0.54632133	0.10442298
1.60799995	-0.16716905	0.11611097
1.60899995	0.26983884	0.15911049
1.60999995	0.61890996	0.22031865
1.61099995	0.82710999	0.29060039
1.61199995	0.83929008	0.34608760
1.61299995	0.65471208	0.37881398
1.61399995	0.30810162	0.37604576
1.61499995	-0.14892963	0.33849040
1.61599995	-0.54053885	0.27712846
1.61699995	-0.81111592	0.20078740
1.61799995	-0.86611098	0.13942544
1.61899995	-0.69663507	0.10187007
1.61999995	-0.37247786	0.09910187
1.62099995	0.05970103	0.13182825
1.62199995	0.45269439	0.18731545
1.62299995	0.74744707	0.25759721
1.62399995	0.85820621	0.31880537
1.62499995	0.76863927	0.36180487
1.62599995	0.49535555	0.37333909
1.62699995	0.08012426	0.35153174
1.62799995	-0.34045890	0.30499509
1.62899995	-0.70607775	0.24080339
1.62999995	-0.86967885	0.17651944
1.63099995	-0.80791706	0.12137057
1.63199995	-0.55619466	0.10085507
1.63299995	-0.14942175	0.11783341
1.63399995	0.26421013	0.16160187
1.63499995	0.62312376	0.22582431
1.63599995	0.82372659	0.29287648
1.63699995	0.83523005	0.35285434
1.63799995	0.64972931	0.38213584
1.63899995	0.29687500	0.37672243
1.63999995	-0.12632258	0.33864421
1.64099995	-0.55853224	0.27319142
1.64199995	-0.81889760	0.20610851
1.64299995	-0.87093997	0.14736098
1.64399995	-0.70949185	0.11251231
1.64499995	-0.35596088	0.10706816
1.64599995	0.05505659	0.13312007
1.64699995	0.46299827	0.18642348
1.64799995	0.74492496	0.25362942
1.64899995	0.85749876	0.32514149
1.64999995	0.76814717	0.36894071
1.65099995	0.49218750	0.37859866
1.65199995	0.09255044	0.35808316
1.65299995	-0.37235484	0.31025466
1.65399995	-0.70850760	0.24627830
1.65499995	-0.86826402	0.17599656
1.65599995	-0.81203860	0.12327756
1.65699995	-0.54632133	0.09541093
1.65799995	-0.16716905	0.10712968
1.65899995	0.26983884	0.15680364
1.65999995	0.61906374	0.22108760
1.66099995	0.82787895	0.29075417
1.66199995	0.83698326	0.34608760
1.66299995	0.64570004	0.37881398
1.66399995	0.29908955	0.37604576
1.66499995	-0.15123646	0.33849040
1.66599995	-0.53961617	0.27712846
1.66699995	-0.81019318	0.20078740
1.66799995	-0.86857158	0.13942544
1.66899995	-0.70635456	0.10187007
1.66999995	-0.37915230	0.09910187
1.67099995	0.06634473	0.13182825
1.67199995	0.46259841	0.18716167
1.67299995	0.75067669	0.25682825
1.67399995	0.85513043	0.32111222
1.67499995	0.75950420	0.37078616
1.67599995	0.48634350	0.38235113
1.67699995	0.07781742	0.35386935
1.67799995	-0.33953616	0.30422613
1.67899995	-0.70515501	0.24064961
1.67999995	-0.87201649	0.17651944
1.68099995	-0.81689835	0.12137057
1.68199995	-0.56517595	0.10085507
1.68299995	-0.15172859	0.11783341
1.68399995	0.26497909	0.16175567
1.68499995	0.62327754	0.22659326
1.68599995	0.82357281	0.29056963
1.68699995	0.83446109	0.34387302
1.68799995	0.65206695	0.37318528
1.68899995	0.30585629	0.37438485
1.68999995	-0.11734129	0.33938238
1.69099995	-0.55619466	0.27334523
1.69199995	-0.81963581	0.20610851
1.69299995	-0.87109375	0.14736098
1.69399995	-0.70949185	0.11251231
1.69499995	-0.35596088	0.10706816
1.69599995	0.05521039	0.13312007
1.69699995	0.46376723	0.18642348
1.69799995	0.74258733	0.25362942
1.69899995	0.84851748	0.32514149
1.69999995	0.75916582	0.36894071
1.70099995	0.48984990	0.37859866
1.70199995	0.09331939	0.35808316
1.70299995	-0.37220103	0.31025466
1.70399995	-0.70850760	0.24612451
1.70499995	-0.86826402	0.17525837
1.70599995	-0.81203860	0.12561515
1.70699995	-0.54632133	0.10442298
1.70799995	-0.16716905	0.11611097
1.70899995	0.26983884	0.15911049
1.70999995	0.61890996	0.22031865
1.71099995	0.82710999	0.29060039
1.71199995	0.83929008	0.34608760
1.71299995	0.65471208	0.37881398
1.71399995	0.30810162	0.37589198
1.71499995	-0.14892963	0.33772147
1.71599995	-0.54053885	0.27946603
1.71699995	-0.81111592	0.20976870
1.71799995	-0.86611098	0.14840674
1.71899995	-0.69663507	0.10420768
1.71999995	-0.37247786	0.09833292
1.72099995	0.05970103	0.13167445
1.72199995	0.45269439	0.18716167
1.72299995	0.74744707	0.25682825
1.72399995	0.85835999	0.32095841
1.72499995	0.76940823	0.37001723
1.72599995	0.49304873	0.38465798
1.72699995	0.07117372	0.36285064
1.72799995	-0.34940946	0.31323817
1.72899995	-0.70838457	0.24295644
1.72999995	-0.86890996	0.17575049
1.73099995	-0.80776328	0.12121678
1.73199995	-0.55619466	0.10100885
1.73299995	-0.14942175	0.11860237
1.73399995	0.26421013	0.15929502
1.73499995	0.62312376	0.21684301
1.73599995	0.82372659	0.28389516
1.73699995	0.83523005	0.35051674
1.73799995	0.64972931	0.38290477
1.73899995	0.29687500	0.37687624
1.73999995	-0.12632258	0.33864421
1.74099995	-0.55853224	0.27319142
1.74199995	-0.81889760	0.20610851
1.74299995	-0.87093997	0.14736098
1.74399995	-0.70949185	0.11251231
1.74499995	-0.35596088	0.10706816
1.74599995	0.05505659	0.13312007
1.74699995	0.46299827	0.18642348
1.74799995	0.74492496	0.25362942
1.74899995	0.85749876	0.32514149
1.74999995	0.76814717	0.36894071
1.75099995	0.49218750	0.37859866
1.75199995	0.09255044	0.35808316
1.75299995	-0.37235484	0.31025466
1.75399995	-0.70850760	0.24627830
1.75499995	-0.86826402	0.17599656
1.75599995	-0.81203860	0.12327756
1.75699995	-0.54632133	0.09541093
1.75799995	-0.16716905	0.10712968
1.75899995	0.26983884	0.15680364
1.75999995	0.61890996	0.22108760
1.76099995	0.82710999	0.29075417
1.76199995	0.83929008	0.34608760
1.76299995	0.65471208	0.37881398
1.76399995	0.30810162	0.37604576
1.76499995	-0.14892963	0.33849040
1.76599995	-0.54038507	0.27712846
1.76699995	-0.81034696	0.20078740
1.76799995	-0.86857158	0.13942544
1.76899995	-0.70635456	0.10187007
1.76999995	-0.37915230	0.09910187
1.77099995	0.06634473	0.13182825
1.77199995	0.46259841	0.18716167
1.77299995	0.75067669	0.25682825
1.77399995	0.85513043	0.32095841
1.77499995	0.75950420	0.37001723
1.77599995	0.48634350	0.38465798
1.77699995	0.07781742	0.36285064
1.77799995	-0.33953616	0.31323817
1.77899995	-0.70515501	0.24295644
1.77999995	-0.87201649	0.17590427
1.78099995	-0.81689835	0.12198573
1.78199995	-0.56517595	0.09870202
1.78299995	-0.15172859	0.10959031
1.78399995	0.26513287	0.15043676
1.78499995	0.62404650	0.21527436
1.78599995	0.82138902	0.28235728
1.78699995	0.82621801	0.34171999
1.78799995	0.64074802	0.37395424
1.78899995	0.29453740	0.37453863
1.78999995	-0.12555364	0.33938238
1.79099995	-0.55837846	0.27334523
1.79199995	-0.81889760	0.20626231
1.79299995	-0.87093997	0.14812993
1.79399995	-0.70949185	0.11020546
1.79499995	-0.35596088	0.09808686
1.79599995	0.05521039	0.12413878
1.79699995	0.46376723	0.18411663
1.79799995	0.74258733	0.25439838
1.79899995	0.84851748	0.32529527
1.79999995	0.75916582	0.36894071
1.80099995	0.48984990	0.37859866
1.80199995	0.09331939	0.35808316
1.80299995	-0.37220103	0.31025466
1.80399995	-0.70850760	0.24612451
1.80499995	-0.86826402	0.17525837
1.80599995	-0.81203860	0.12561515
1.80699995	-0.54632133	0.10442298
1.80799995	-0.16716905	0.11611097
1.80899995	0.26983884	0.15911049
1.80999995	0.61890996	0.22031865
1.81099995	0.82710999	0.29060039
1.81199995	0.83929008	0.34608760
1.81299995	0.65471208	0.37881398
1.81399995	0.30810162	0.37589198
1.81499995	-0.14892963	0.33772147
1.81599995	-0.54053885	0.27946603
1.81699995	-0.81111592	0.20976870
1.81799995	-0.86611098	0.14840674
1.81899995	-0.69663507	0.10420768
1.81999995	-0.37247786	0.09833292
1.82099995	0.05970103	0.13167445
1.82199995	0.45269439	0.18716167
1.82299995	0.74744707	0.25682825
1.82399995	0.85835999	0.32111222
1.82499995	0.76940823	0.37078616
1.82599995	0.49304873	0.38235113
1.82699995	0.07117372	0.35386935
1.82799995	-0.34940946	0.30422613
1.82899995	-0.70838457	0.24064961
1.82999995	-0.86890996	0.17667323
1.83099995	-0.80776328	0.12213952
1.83199995	-0.55619466	0.09854823
1.83299995	-0.14942175	0.10882135
1.83399995	0.26421013	0.15277436
1.83499995	0.62312376	0.22428642
1.83599995	0.82372659	0.29133859
1.83699995	0.83523005	0.34402683
1.83799995	0.64972931	0.37318528
1.83899995	0.29687500	0.37438485
1.83999995	-0.12632258	0.33938238
1.84099995	-0.55853224	0.27334523
1.84199995	-0.81889760	0.20626231
1.84299995	-0.87093997	0.14812993
1.84399995	-0.70949185	0.11020546
1.84499995	-0.35596088	0.09808686
1.84599995	0.05505659	0.12413878
1.84699995	0.46299827	0.18411663
1.84799995	0.74492496	0.25439838
1.84899995	0.85749876	0.32529527
1.84999995	0.76814717	0.36894071
1.85099995	0.49218750	0.37859866
1.85199995	0.09255044	0.35808316
1.85299995	-0.37235484	0.31025466
1.85399995	-0.70850760	0.24612451
1.85499995	-0.86826402	0.17525837
1.85599995	-0.81203860	0.12561515
1.85699995	-0.54632133	0.10442298
1.85799995	-0.16716905	0.11611097
1.85899995	0.26983884	0.15911049
1.85999995	0.61906374	0.22031865
1.86099995	0.82787895	0.29060039
1.86199995	0.83698326	0.34608760
1.86299995	0.64570004	0.37881398
1.86399995	0.29908955	0.37604576
1.86499995	-0.15123646	0.33849040
1.86599995	-0.53961617	0.27697465
1.86699995	-0.81019318	0.20001845
1.86799995	-0.86857158	0.14173228
1.86899995	-0.70635456	0.11088213
1.86999995	-0.37915230	0.10811393
1.87099995	0.06634473	0.13413508
1.87199995	0.46244463	0.18639271
1.87299995	0.74990773	0.25667447
1.87399995	0.85743725	0.32111222
1.87499995	0.76848549	0.37078616
1.87599995	0.49535555	0.38235113
1.87699995	0.08012426	0.35386935
1.87799995	-0.34045890	0.30422613
1.87899995	-0.70607775	0.24064961
1.87999995	-0.86967885	0.17651944
1.88099995	-0.80791706	0.12137057
1.88199995	-0.55619466	0.10085507
1.88299995	-0.14942175	0.11783341
1.88399995	0.26436391	0.16160187
1.88499995	0.62389272	0.22582431
1.88599995	0.82123524	0.29287648
1.88699995	0.82544905	0.35285434
1.88799995	0.64305484	0.38213584
1.88899995	0.30354947	0.37672243
1.88999995	-0.11657234	0.33864421
1.89099995	-0.55604082	0.27319142
1.89199995	-0.81963581	0.20610851
1.89299995	-0.87109375	0.14736098
1.89399995	-0.70949185	0.11235851
1.89499995	-0.35596088	0.10629921
1.89599995	0.05521039	0.13542692
1.89699995	0.46376723	0.19540477
1.89799995	0.74258733	0.26264149
1.89899995	0.84851748	0.32747909
1.89999995	0.75916582	0.36817175
1.90099995	0.48984990	0.37844488
1.90199995	0.09331939	0.35808316
1.90299995	-0.37220103	0.31025466
1.90399995	-0.70866144	0.24627830
1.90499995	-0.86903298	0.17599656
1.90599995	-0.80973178	0.12327756
1.90699995	-0.53730929	0.09541093
1.90799995	-0.15803395	0.10712968
1.90899995	0.27291462	0.15680364
1.90999995	0.61583418	0.22108760
1.91099995	0.81797493	0.29075417
1.91199995	0.83043182	0.34624138
1.91299995	0.65314347	0.37958291
1.91399995	0.30653298	0.37370816
1.91499995	-0.15775713	0.32950911
1.91599995	-0.54952019	0.26799336
1.91699995	-0.81342274	0.19771162
1.91799995	-0.86549580	0.14250124
1.91899995	-0.69721949	0.11103593
1.91999995	-0.37017101	0.10811393
1.92099995	0.06868234	0.13413508
1.92199995	0.46182948	0.18639271
1.92299995	0.75052285	0.25667447
1.92399995	0.85528421	0.32111222
1.92499995	0.76027310	0.37078616
1.92599995	0.48403665	0.38235113
1.92699995	0.06883612	0.35386935
1.92799995	-0.34864050	0.30422613
1.92899995	-0.70823079	0.24064961
1.92999995	-0.86890996	0.17667323
1.93099995	-0.80776328	0.12213952
1.93199995	-0.55619466	0.09854823
1.93299995	-0.14942175	0.10882135
1.93399995	0.26421013	0.15277436
1.93499995	0.62312376	0.22428642
1.93599995	0.82372659	0.29133859
1.93699995	0.83523005	0.34402683
1.93799995	0.64972931	0.37318528
1.93899995	0.29687500	0.37438485
1.93999995	-0.12647638	0.33938238
1.94099995	-0.55930120	0.27334523
1.94199995	-0.81656003	0.20610851
1.94299995	-0.86192793	0.14736098
1.94399995	-0.70047981	0.11251231
1.94499995	-0.35365403	0.10706816
1.94599995	0.05428765	0.13312007
1.94699995	0.46284449	0.18642348
1.94799995	0.74492496	0.25362942
1.94899995	0.85749876	0.32514149
1.94999995	0.76814717	0.36909449
1.95099995	0.49218750	0.37936762
1.95199995	0.09255044	0.35577634
1.95299994	-0.37235484	0.30124262
1.95399994	-0.70850760	0.23711245
1.95499994	-0.86826402	0.17292076
1.95599994	-0.81219244	0.12638411
1.95699994	-0.54709029	0.10457677
1.95799994	-0.16486220	0.11611097
1.95899994	0.27878937	0.15911049
1.95999994	0.62804502	0.22031865
1.96099994	0.83018577	0.29060039
1.96199994	0.83621430	0.34608760
1.96299994	0.64554626	0.37881398
1.96399994	0.29908955	0.37589198
1.96499994	-0.15123646	0.33772147
1.96599994	-0.53961617	0.27928150
1.96699994	-0.81019318	0.20903051
1.96799994	-0.86857158	0.15074433
1.96899994	-0.70635456	0.11318897
1.96999994	-0.37915230	0.10719119
1.97099994	0.06634473	0.13321236
1.97199994	0.46259841	0.18873031
1.97299994	0.75067669	0.26565576
1.97399994	0.85513043	0.32993972
1.97499994	0.75950420	0.37235484
1.97599994	0.48634350	0.38388902
1.97699994	0.07781742	0.36269686
1.97799994	-0.33953616	0.31323817
1.97899994	-0.70515501	0.24295644
1.97999994	-0.87217027	0.17575049
1.98099994	-0.81766731	0.12121678
1.98199994	-0.56299210	0.10085507
1.98299994	-0.14351624	0.11783341
1.98399994	0.27642101	0.16175567
1.98499994	0.63533467	0.22659326
1.98599994	0.82960135	0.29056963
1.98699994	0.82837105	0.34387302
1.98799994	0.63997906	0.37318528
1.98899994	0.29438362	0.37438485
1.98999994	-0.12555364	0.33938238
1.99099994	-0.55837846	0.27334523
1.99199994	-0.81889760	0.20610851
1.99299994	-0.87093997	0.14736098
1.99399994	-0.70949185	0.11251231
1.99499994	-0.35596088	0.10706816
1.99599994	0.05521039	0.13312007
1.99699994	0.46376723	0.18642348
1.99799994	0.74243355	0.25362942
1.99899994	0.84774852	0.32514149
1.99999994	0.76147270	0.36894071
2.00099994	0.49883121	0.37859866
2.00199994	0.10230069	0.35808316
2.00299994	-0.36986342	0.31025466
