Time	Channel A	Channel B
(us)	(V)	(V)

-0.00400000	-0.88016731	0.35285434
-0.00300000	-0.77482158	0.29287648
-0.00200000	-0.49104947	0.22582431
-0.00100000	-0.06855930	0.16160187
0.00000000	0.34215060	0.11798720
0.00100000	0.67990279	0.10162401
0.00200000	0.84534943	0.11906373
0.00300000	0.81265378	0.16750738
0.00400000	0.59513408	0.23163755
0.00500000	0.22717765	0.30191928
0.00600000	-0.19586614	0.35448450
0.00700000	-0.61235851	0.38173598
0.00800000	-0.84390378	0.37296999
0.00900000	-0.85903668	0.32935530
0.01000000	-0.65938729	0.26814714
0.01100000	-0.27134597	0.19844981
0.01200000	0.14554626	0.14004061
0.01300000	0.52983516	0.10125492
0.01400000	0.77940452	0.10125492
0.01500000	0.85506892	0.14004061
0.01600000	0.73108393	0.19844981
0.01700000	0.42845717	0.26814714
0.01800000	0.01697835	0.32950911
0.01900000	-0.44368234	0.37370816
0.02000000	-0.75366020	0.37942913
0.02100000	-0.86924827	0.34547243
0.02200000	-0.77202266	0.29290724
0.02300000	-0.47422490	0.22933070
0.02400000	-0.08061638	0.16827632
0.02500000	0.35094735	0.11921752
0.02600000	0.67679626	0.10147022
0.02700000	0.84744096	0.11721826
0.02800000	0.81895918	0.16393946
0.02900000	0.59685653	0.23480561
0.03000000	0.22665477	0.30201155
0.03100000	-0.23705094	0.35593012
0.03200000	-0.60817546	0.37921384
0.03300000	-0.83390749	0.36832553
0.03400000	-0.84501106	0.32747909
0.03500000	-0.63859499	0.26264149
0.03600000	-0.29136935	0.19555856
0.03700000	0.14625369	0.13619587
0.03800000	0.52463704	0.10396162
0.03900000	0.78669417	0.10337722
0.04000000	0.85986710	0.13853346
0.04100000	0.73400593	0.20457062
0.04200000	0.42851871	0.27165353
0.04300000	-0.01030389	0.32978591
0.04400000	-0.42535064	0.36771038
0.04500000	-0.75768948	0.37982899
0.04600000	-0.87709153	0.35362327
0.04700000	-0.76565576	0.29306102
0.04800000	-0.48203740	0.22582431
0.04900000	-0.06625246	0.16160187
0.05000000	0.34138164	0.11798720
0.05100000	0.67974901	0.10162401
0.05200000	0.84550321	0.11906373
0.05300000	0.81342274	0.16750738
0.05400000	0.59282726	0.23179133
0.05500000	0.21816561	0.30265749
0.05600000	-0.20503199	0.35214689
0.05700000	-0.61543429	0.37275466
0.05800000	-0.84067422	0.36395791
0.05900000	-0.84913260	0.32701772
0.06000000	-0.65283585	0.26873153
0.06100000	-0.27875862	0.19786540
0.06200000	0.13810286	0.14234744
0.06300000	0.53638655	0.11026698
0.06400000	0.78918552	0.11026698
0.06500000	0.85756028	0.14234744
0.06600000	0.73031497	0.19771162
0.06700000	0.42830339	0.26799336
0.06800000	0.01697835	0.32935530
0.06900000	-0.44368234	0.37296999
0.07000000	-0.75366020	0.38173598
0.07100000	-0.86924827	0.35448450
0.07200000	-0.77202266	0.30191928
0.07300000	-0.47422490	0.23163755
0.07400000	-0.08061638	0.16750738
0.07500000	0.35094735	0.11906373
0.07600000	0.67679626	0.10147022
0.07700000	0.84744096	0.11721826
0.07800000	0.81895918	0.16393946
0.07900000	0.59685653	0.23480561
0.08000000	0.22665477	0.30201155
0.08100000	-0.23705094	0.35593012
0.08200000	-0.60817546	0.37921384
0.08300000	-0.83390749	0.36832553
0.08400000	-0.84501106	0.32747909
0.08500000	-0.63859499	0.26264149
0.08600000	-0.29136935	0.19540477
0.08700000	0.14625369	0.13542692
0.08800000	0.52479082	0.10645300
0.08900000	0.78746307	0.11312746
0.09000000	0.85740650	0.14520793
0.09100000	0.72425568	0.19789617
0.09200000	0.42184424	0.26187253
0.09300000	-0.00366019	0.32732528
0.09400000	-0.41544661	0.36847934
0.09500000	-0.75445992	0.37998277
0.09600000	-0.88032109	0.35362327
0.09700000	-0.77559054	0.29306102
0.09800000	-0.48871186	0.22582431
0.09900000	-0.05954725	0.16160187
0.10000000	0.35116264	0.11783341
0.10100000	0.68220967	0.10085507
0.10200000	0.84473425	0.12137057
0.10300000	0.81326896	0.17651944
0.10400000	0.59282726	0.24064961
0.10500000	0.21816561	0.30422613
0.10600000	-0.20503199	0.35386935
0.10700000	-0.61543429	0.38235113
0.10800000	-0.84067422	0.37063238
0.10900000	-0.84913260	0.32034326
0.11000000	-0.65283585	0.25898129
0.11100000	-0.27875862	0.19537401
0.11200000	0.13810286	0.14311638
0.11300000	0.53638655	0.11042077
0.11400000	0.78918552	0.11026698
0.11500000	0.85756028	0.14234744
0.11600000	0.73031497	0.19771162
0.11700000	0.42830339	0.26799336
0.11800000	0.01697835	0.32950911
0.11900000	-0.44368234	0.37370816
0.12000000	-0.75366020	0.37942913
0.12100000	-0.86924827	0.34547243
0.12200000	-0.77202266	0.29290724
0.12300000	-0.47422490	0.22933070
0.12400000	-0.08061638	0.16827632
0.12500000	0.35094735	0.11921752
0.12600000	0.67679626	0.10147022
0.12700000	0.84744096	0.11721826
0.12800000	0.81895918	0.16393946
0.12900000	0.59685653	0.23480561
0.13000000	0.22665477	0.30201155
0.13100000	-0.23705094	0.35593012
0.13200000	-0.60802168	0.37921384
0.13300000	-0.83313853	0.36832553
0.13400000	-0.84731793	0.32747909
0.13500000	-0.64757627	0.26264149
0.13600000	-0.30031988	0.19555856
0.13700000	0.14394686	0.13619587
0.13800000	0.52537525	0.10396162
0.13900000	0.78684795	0.10337722
0.14000000	0.85986710	0.13853346
0.14100000	0.73400593	0.20457062
0.14200000	0.42836490	0.27165353
0.14300000	-0.01107283	0.32978591
0.14400000	-0.42289001	0.36771038
0.14500000	-0.74793923	0.37982899
0.14600000	-0.87041706	0.35362327
0.14700000	-0.77236098	0.29306102
0.14800000	-0.49181840	0.22582431
0.14900000	-0.06871309	0.16160187
0.15000000	0.34215060	0.11798720
0.15100000	0.67990279	0.10162401
0.15200000	0.84550321	0.11906373
0.15300000	0.81342274	0.16750738
0.15400000	0.59282726	0.23163755
0.15500000	0.21816561	0.30191928
0.15600000	-0.20503199	0.35463828
0.15700000	-0.61543429	0.38250491
0.15800000	-0.84067422	0.37063238
0.15900000	-0.84913260	0.32034326
0.16000000	-0.65283585	0.25898129
0.16100000	-0.27875862	0.19537401
0.16200000	0.13810286	0.14311638
0.16300000	0.53638655	0.11042077
0.16400000	0.78918552	0.11011319
0.16500000	0.85756028	0.14157850
0.16600000	0.73031497	0.20001845
0.16700000	0.42830339	0.27697465
0.16800000	0.01697835	0.33849040
0.16900000	-0.44368234	0.37604576
0.17000000	-0.75366020	0.37866017
0.17100000	-0.86924827	0.34531865
0.17200000	-0.77186882	0.29290724
0.17300000	-0.47345597	0.22933070
0.17400000	-0.08292323	0.16827632
0.17500000	0.34196603	0.11921752
0.17600000	0.66778421	0.10147022
0.17700000	0.84513408	0.11721826
0.17800000	0.81972808	0.16409326
0.17900000	0.59701031	0.23557456
0.18000000	0.22680856	0.29970473
0.18100000	-0.23628199	0.34694883
0.18200000	-0.61048228	0.37023252
0.18300000	-0.84291953	0.36601871
0.18400000	-0.85414618	0.32821727
0.18499999	-0.64167076	0.26279527
0.18599999	-0.28826278	0.19555856
0.18699999	0.15538877	0.13619587
0.18799999	0.53374141	0.10414616
0.18899999	0.78976995	0.10414616
0.18999999	0.85679132	0.13604207
0.19099999	0.72487080	0.19478962
0.19199999	0.41938362	0.26494834
0.19299999	-0.01337968	0.33646038
0.19399999	-0.42212105	0.37730685
0.19499999	-0.74778545	0.38152066
0.19599999	-0.87057084	0.35516116
0.19699999	-0.77312994	0.30185777
0.19799999	-0.48948079	0.23480561
0.19899999	-0.05970103	0.16393946
0.19999999	0.35116264	0.11721826
0.20099999	0.68220967	0.10147022
0.20199999	0.84473425	0.11906373
0.20299999	0.81326896	0.16750738
0.20399999	0.59282726	0.23163755
0.20499999	0.21816561	0.30191928
0.20599999	-0.20503199	0.35448450
0.20699999	-0.61543429	0.38173598
0.20799999	-0.84082800	0.37312376
0.20899999	-0.84987080	0.33012426
0.20999999	-0.65037525	0.26565576
0.21099999	-0.26900837	0.18873031
0.21199999	0.14477731	0.13336614
0.21299999	0.52968132	0.10796013
0.21399999	0.77940452	0.11103593
0.21499999	0.85506892	0.14250124
0.21599999	0.73108393	0.19771162
0.21699999	0.42845717	0.26799336
0.21799999	0.01697835	0.32935530
0.21899999	-0.44368234	0.37296999
0.21999999	-0.75366020	0.38188976
0.22099999	-0.86924827	0.35525346
0.22199999	-0.77202266	0.29958171
0.22299999	-0.47422490	0.22265625
0.22399999	-0.08046260	0.15852608
0.22499999	0.35171628	0.11672613
0.22599999	0.67445868	0.10223917
0.22699999	0.83845967	0.11737204
0.22799999	0.80994707	0.16393946
0.22899999	0.59451896	0.23480561
0.22999999	0.22742371	0.30201155
0.23099999	-0.23689714	0.35593012
0.23199999	-0.60817546	0.37921384
0.23299999	-0.83390749	0.36832553
0.23399999	-0.84501106	0.32747909
0.23499999	-0.63859499	0.26264149
0.23599999	-0.29136935	0.19555856
0.23699999	0.14625369	0.13619587
0.23799999	0.52463704	0.10396162
0.23899999	0.78669417	0.10337722
0.23999999	0.85986710	0.13853346
0.24099999	0.73400593	0.20457062
0.24199999	0.42836490	0.27165353
0.24299999	-0.01107283	0.32978591
0.24399999	-0.42289001	0.36771038
0.24499999	-0.74793923	0.37982899
0.24599999	-0.87041706	0.35362327
0.24699999	-0.77236098	0.29306102
0.24799999	-0.49181840	0.22582431
0.24899999	-0.06871309	0.16160187
0.24999999	0.34215060	0.11798720
0.25099999	0.67990279	0.10162401
0.25199999	0.84550321	0.11906373
0.25299999	0.81342274	0.16750738
0.25399999	0.59298104	0.23179133
0.25499999	0.21893455	0.30265749
0.25599999	-0.20733882	0.35214689
0.25699999	-0.62444633	0.37275466
0.25799999	-0.84965551	0.36411172
0.25899999	-0.85143948	0.32778665
0.25999999	-0.65191317	0.26642472
0.26099999	-0.27783588	0.18888411
0.26199999	0.13594981	0.13336614
0.26299999	0.52814347	0.10796013
0.26399999	0.77802044	0.11103593
0.26499999	0.84701031	0.14250124
0.26599999	0.71976501	0.19771162
0.26699999	0.41713828	0.26799336
0.26799999	0.00873524	0.32935530
0.26899999	-0.44586614	0.37296999
0.26999999	-0.75289124	0.38188976
0.27099999	-0.86909449	0.35525346
0.27199999	-0.77202266	0.29958171
0.27299999	-0.47422490	0.22265625
0.27399999	-0.08061638	0.15852608
0.27499999	0.35094735	0.11672613
0.27599999	0.67679626	0.10223917
0.27699999	0.84744096	0.11737204
0.27799999	0.81895918	0.16393946
0.27899999	0.59685653	0.23480561
0.27999999	0.22665477	0.30201155
0.28099999	-0.23705094	0.35593012
0.28199999	-0.60817546	0.37921384
0.28299999	-0.83390749	0.36832553
0.28399999	-0.84516484	0.32747909
0.28499999	-0.63936394	0.26264149
0.28599999	-0.28903174	0.19555856
0.28699999	0.15523499	0.13619587
0.28799999	0.53374141	0.10414616
0.28899999	0.78976995	0.10414616
0.28999999	0.85663754	0.13619587
0.29099999	0.72410184	0.19555856
0.29199999	0.42169046	0.26264149
0.29299999	-0.00442913	0.32747909
0.29399999	-0.41313976	0.36847934
0.29499999	-0.74547857	0.37998277
0.29599999	-0.87118602	0.35362327
0.29699999	-0.77251476	0.29306102
0.29799999	-0.49181840	0.22582431
0.29899999	-0.06871309	0.16160187
0.29999999	0.34215060	0.11798720
0.30099999	0.67990279	0.10162401
0.30199999	0.84550321	0.11906373
0.30299999	0.81342274	0.16750738
0.30399999	0.59282726	0.23163755
0.30499999	0.21816561	0.30191928
0.30599999	-0.20503199	0.35463828
0.30699999	-0.61543429	0.38250491
0.30799999	-0.84067422	0.37063238
0.30899999	-0.84913260	0.32034326
0.30999999	-0.65283585	0.25898129
0.31099999	-0.27875862	0.19537401
0.31199999	0.13810286	0.14311638
0.31299999	0.53638655	0.11042077
0.31399999	0.78918552	0.11026698
0.31499999	0.85756028	0.14234744
0.31599999	0.73031497	0.19771162
0.31699999	0.42830339	0.26799336
0.31799999	0.01697835	0.32950911
0.31899999	-0.44368234	0.37370816
0.31999999	-0.75366020	0.37942913
0.32099999	-0.86924827	0.34547243
0.32199999	-0.77202266	0.29290724
0.32299999	-0.47422490	0.22933070
0.32399999	-0.08061638	0.16827632
0.32499999	0.35094735	0.11921752
0.32599999	0.67679626	0.10147022
0.32699999	0.84744096	0.11721826
0.32799999	0.81895918	0.16393946
0.32899999	0.59685653	0.23480561
0.32999999	0.22680856	0.30201155
0.33099999	-0.23628199	0.35593012
0.33199999	-0.61032850	0.37921384
0.33299999	-0.84215057	0.36832553
0.33399999	-0.85632998	0.32747909
0.33499999	-0.64988309	0.26264149
0.33599999	-0.29955092	0.19555856
0.33699999	0.14410064	0.13619587
0.33799999	0.52537525	0.10396162
0.33899999	0.78684795	0.10337722
0.33999999	0.85986710	0.13853346
0.34099999	0.73400593	0.20457062
0.34199999	0.42851871	0.27165353
0.34299999	-0.01030389	0.32978591
0.34399999	-0.42519686	0.36771038
0.34499999	-0.75692052	0.37982899
0.34599999	-0.87955219	0.35362327
0.34699999	-0.77543676	0.29306102
0.34799999	-0.48871186	0.22582431
0.34899999	-0.05954725	0.16160187
0.34999999	0.35116264	0.11798720
0.35099999	0.68220967	0.10162401
0.35199999	0.84473425	0.11906373
0.35299999	0.81326896	0.16750738
0.35399999	0.59282726	0.23163755
0.35499999	0.21816561	0.30191928
0.35599999	-0.20503199	0.35448450
0.35699999	-0.61543429	0.38173598
0.35799999	-0.84067422	0.37296999
0.35899999	-0.84913260	0.32935530
0.35999999	-0.65283585	0.26799336
0.36099999	-0.27875862	0.19771162
0.36199999	0.13810286	0.14234744
0.36299999	0.53638655	0.11026698
0.36399999	0.78933930	0.11026698
0.36499999	0.85832924	0.14234744
0.36599999	0.72797734	0.19771162
0.36699999	0.41932210	0.26799336
0.36799999	0.00796629	0.32950911
0.36899999	-0.44601992	0.37370816
0.36999999	-0.75289124	0.37942913
0.37099999	-0.86909449	0.34547243
0.37199999	-0.77202266	0.29290724
0.37299999	-0.47422490	0.22933070
0.37399999	-0.08061638	0.16827632
0.37499999	0.35094735	0.11921752
0.37599999	0.67679626	0.10147022
0.37699999	0.84744096	0.11721826
0.37799999	0.81880534	0.16393946
0.37899999	0.59608757	0.23480561
0.37999999	0.22896162	0.30201155
0.38099999	-0.22803888	0.35593012
0.38199999	-0.59916341	0.37921384
0.38299999	-0.83160067	0.36832553
0.38399999	-0.84578001	0.32747909
0.38499999	-0.63874876	0.26264149
0.38599999	-0.29136935	0.19555856
0.38699999	0.14625369	0.13619587
0.38799999	0.52463704	0.10396162
0.38899999	0.78669417	0.10337722
0.38999999	0.85986710	0.13853346
0.39099999	0.73400593	0.20457062
0.39199999	0.42836490	0.27165353
0.39299999	-0.01107283	0.32978591
0.39399999	-0.42289001	0.36771038
0.39499999	-0.74793923	0.37982899
0.39599999	-0.87041706	0.35362327
0.39699999	-0.77236098	0.29306102
0.39799999	-0.49181840	0.22582431
0.39899999	-0.06871309	0.16160187
0.39999999	0.34215060	0.11798720
0.40099999	0.67990279	0.10162401
0.40199999	0.84550321	0.11906373
0.40299999	0.81342274	0.16750738
0.40399999	0.59282726	0.23163755
0.40499999	0.21816561	0.30191928
0.40599999	-0.20503199	0.35463828
0.40699999	-0.61543429	0.38250491
0.40799999	-0.84067422	0.37063238
0.40899999	-0.84913260	0.32034326
0.40999999	-0.65283585	0.25898129
0.41099999	-0.27875862	0.19537401
0.41199999	0.13825664	0.14311638
0.41299999	0.53712475	0.11042077
0.41399999	0.78684795	0.11026698
0.41499999	0.84854823	0.14234744
0.41599999	0.72130293	0.19771162
0.41699999	0.42599654	0.26799336
0.41799999	0.01774729	0.32950911
0.41899999	-0.44352853	0.37370816
0.41999999	-0.75381398	0.37942913
0.42099999	-0.87001723	0.34547243
0.42199999	-0.76971579	0.29290724
0.42299999	-0.46524361	0.22933070
0.42399999	-0.07160433	0.16827632
0.42499999	0.35328493	0.11921752
0.42599999	0.67602730	0.10147022
0.42699999	0.84728718	0.11721826
0.42799999	0.81895918	0.16393946
0.42899999	0.59685653	0.23480561
0.42999999	0.22665477	0.30201155
0.43099999	-0.23705094	0.35593012
0.43199999	-0.60802168	0.37921384
0.43299999	-0.83313853	0.36832553
0.43399999	-0.84731793	0.32747909
0.43499999	-0.64757627	0.26264149
0.43599999	-0.30031988	0.19555856
0.43699999	0.14394686	0.13619587
0.43799999	0.52537525	0.10414616
0.43899999	0.78684795	0.10414616
0.43999999	0.85986710	0.13619587
0.44099999	0.73400593	0.19555856
0.44199999	0.42836490	0.26264149
0.44299999	-0.01107283	0.32747909
0.44399999	-0.42289001	0.36832553
0.44499999	-0.74793923	0.37921384
0.44599999	-0.87057084	0.35593012
0.44699999	-0.77312994	0.30201155
0.44799999	-0.48948079	0.23480561
0.44899999	-0.05970103	0.16393946
0.44999999	0.35116264	0.11721826
0.45099999	0.68220967	0.10147022
0.45199999	0.84473425	0.11906373
0.45299999	0.81326896	0.16750738
0.45399999	0.59282726	0.23163755
0.45499999	0.21816561	0.30191928
0.45599999	-0.20503199	0.35448450
0.45699999	-0.61543429	0.38173598
0.45799999	-0.84067422	0.37296999
0.45899999	-0.84913260	0.32935530
0.45999999	-0.65268207	0.26814714
0.46099999	-0.27798966	0.19844981
0.46199999	0.13579601	0.14004061
0.46299999	0.52737451	0.10125492
0.46399999	0.78017348	0.10125492
0.46499999	0.85522270	0.14004061
0.46599999	0.73108393	0.19863436
0.46699999	0.42845717	0.26888534
0.46799999	0.01697835	0.32717150
0.46899999	-0.44368234	0.36472687
0.46999999	-0.75366020	0.37041709
0.47099999	-0.86924827	0.34316561
0.47199999	-0.77202266	0.29367617
0.47299999	-0.47422490	0.22948450
0.47399999	-0.08061638	0.16827632
0.47499999	0.35094735	0.11921752
0.47599999	0.67679626	0.10147022
0.47699999	0.84744096	0.11721826
0.47799999	0.81895918	0.16393946
0.47899999	0.59685653	0.23480561
0.47999999	0.22665477	0.30201155
0.48099999	-0.23705094	0.35593012
0.48199999	-0.60802168	0.37921384
0.48299999	-0.83313853	0.36832553
0.48399999	-0.84731793	0.32747909
0.48499999	-0.64757627	0.26264149
0.48599999	-0.30031988	0.19555856
0.48699999	0.14394686	0.13619587
0.48799999	0.52552903	0.10414616
0.48899999	0.78761685	0.10414616
0.48999999	0.85756028	0.13604207
0.49099999	0.72502458	0.19478962
0.49199999	0.41938362	0.26494834
0.49299999	-0.01337968	0.33646038
0.49399999	-0.42212105	0.37746063
0.49499999	-0.74778545	0.38228962
0.49599999	-0.87057084	0.35285434
0.49699999	-0.77312994	0.29287648
0.49799999	-0.48948079	0.22582431
0.49899999	-0.05970103	0.16160187
0.49999999	0.35116264	0.11798720
0.50099999	0.68220967	0.10162401
0.50199999	0.84473425	0.11906373
0.50299999	0.81326896	0.16750738
0.50399999	0.59282726	0.23163755
0.50499999	0.21816561	0.30191928
0.50599999	-0.20503199	0.35448450
0.50699999	-0.61543429	0.38173598
0.50799999	-0.84067422	0.37296999
0.50899999	-0.84913260	0.32935530
0.50999999	-0.65283585	0.26799336
0.51099999	-0.27875862	0.19771162
0.51199999	0.13825664	0.14234744
0.51299999	0.53712475	0.11026698
0.51399999	0.78684795	0.11026698
0.51499999	0.84854823	0.14234744
0.51599999	0.72130293	0.19771162
0.51699999	0.42599654	0.26799336
0.51799999	0.01774729	0.32935530
0.51899999	-0.44352853	0.37296999
0.51999999	-0.75366020	0.38173598
0.52099999	-0.86924827	0.35448450
0.52199999	-0.77202266	0.30191928
0.52299999	-0.47422490	0.23163755
0.52399999	-0.08061638	0.16750738
0.52499999	0.35094735	0.11906373
0.52599999	0.67679626	0.10147022
0.52699999	0.84744096	0.11721826
0.52799999	0.81895918	0.16393946
0.52899999	0.59685653	0.23480561
0.52999999	0.22680856	0.30201155
0.53099999	-0.23628199	0.35593012
0.53199999	-0.61048228	0.37921384
0.53299999	-0.84291953	0.36832553
0.53399999	-0.85399234	0.32747909
0.53499999	-0.64093256	0.26264149
0.53599999	-0.29060039	0.19555856
0.53699999	0.14640749	0.13619587
0.53799999	0.52463704	0.10396162
0.53899998	0.78669417	0.10337722
0.53999998	0.85986710	0.13853346
0.54099998	0.73400593	0.20457062
0.54199998	0.42836490	0.27165353
0.54299998	-0.01107283	0.32978591
0.54399998	-0.42289001	0.36755660
0.54499998	-0.74793923	0.37906003
0.54599998	-0.87041706	0.35593012
0.54699998	-0.77236098	0.30201155
0.54799998	-0.49181840	0.23480561
0.54899998	-0.06871309	0.16393946
0.54999998	0.34215060	0.11721826
0.55099998	0.67990279	0.10147022
0.55199998	0.84550321	0.11906373
0.55299998	0.81342274	0.16750738
0.55399998	0.59282726	0.23163755
0.55499998	0.21816561	0.30191928
0.55599998	-0.20503199	0.35463828
0.55699998	-0.61543429	0.38250491
0.55799998	-0.84067422	0.37063238
0.55899998	-0.84913260	0.32034326
0.55999998	-0.65268207	0.25898129
0.56099998	-0.27798966	0.19537401
0.56199998	0.13579601	0.14311638
0.56299998	0.52737451	0.11042077
0.56399998	0.78017348	0.11026698
0.56499998	0.85522270	0.14234744
0.56599998	0.73108393	0.19771162
0.56699998	0.42845717	0.26799336
0.56799998	0.01697835	0.32935530
0.56899998	-0.44368234	0.37296999
0.56999998	-0.75366020	0.38188976
0.57099998	-0.86924827	0.35525346
0.57199998	-0.77202266	0.29958171
0.57299998	-0.47422490	0.22265625
0.57399998	-0.08061638	0.15852608
0.57499998	0.35094735	0.11672613
0.57599998	0.67679626	0.10223917
0.57699998	0.84744096	0.11737204
0.57799998	0.81895918	0.16409326
0.57899998	0.59685653	0.23557456
0.57999998	0.22665477	0.29970473
0.58099998	-0.23705094	0.34694883
0.58199998	-0.60802168	0.37023252
0.58299998	-0.83313853	0.36601871
0.58399998	-0.84747171	0.32821727
0.58499998	-0.64834523	0.26279527
0.58599998	-0.29785925	0.19555856
0.58699998	0.15369710	0.13619587
0.58799998	0.53220350	0.10396162
0.58899998	0.78094244	0.10337722
0.58999998	0.84781003	0.13853346
0.59099998	0.72256398	0.20457062
0.59199998	0.42015254	0.27165353
0.59299998	-0.01322589	0.32978591
0.59399998	-0.42212105	0.36771038
0.59499998	-0.74778545	0.37982899
0.59599998	-0.87041706	0.35362327
0.59699998	-0.77236098	0.29306102
0.59799998	-0.49181840	0.22582431
0.59899998	-0.06871309	0.16160187
0.59999998	0.34230438	0.11798720
0.60099998	0.68067175	0.10162401
0.60199998	0.84319633	0.11906373
0.60299998	0.80444145	0.16750738
0.60399998	0.58381522	0.23163755
0.60499998	0.21585876	0.30191928
0.60599998	-0.20426305	0.35448450
0.60699998	-0.61528051	0.38173598
0.60799998	-0.84082800	0.37296999
0.60899998	-0.84987080	0.32935530
0.60999998	-0.65037525	0.26799336
0.61099998	-0.26900837	0.19771162
0.61199998	0.14477731	0.14234744
0.61299998	0.52968132	0.11026698
0.61399998	0.77940452	0.11026698
0.61499998	0.85506892	0.14234744
0.61599998	0.73108393	0.19771162
0.61699998	0.42845717	0.26799336
0.61799998	0.01697835	0.32935530
0.61899998	-0.44368234	0.37296999
0.61999998	-0.75366020	0.38188976
0.62099998	-0.86924827	0.35525346
0.62199998	-0.77202266	0.29958171
0.62299998	-0.47422490	0.22265625
0.62399998	-0.08046260	0.15837230
0.62499998	0.35171628	0.11595719
0.62599998	0.67445868	0.10457677
0.62699998	0.83845967	0.12638411
0.62799998	0.80994707	0.17292076
0.62899998	0.59451896	0.23711245
0.62999998	0.22742371	0.30124262
0.63099998	-0.23689714	0.35577634
0.63199998	-0.60817546	0.37921384
0.63299998	-0.83390749	0.36832553
0.63399998	-0.84501106	0.32747909
0.63499998	-0.63859499	0.26264149
0.63599998	-0.29136935	0.19555856
0.63699998	0.14625369	0.13619587
0.63799998	0.52479082	0.10396162
0.63899998	0.78746307	0.10337722
0.63999998	0.85756028	0.13853346
0.64099998	0.72502458	0.20457062
0.64199998	0.41938362	0.27165353
0.64299998	-0.01337968	0.32978591
0.64399998	-0.42227486	0.36771038
0.64499998	-0.74855435	0.37982899
0.64599998	-0.86826402	0.35362327
0.64699998	-0.76411784	0.29306102
0.64799998	-0.48049951	0.22582431
0.64899998	-0.05739419	0.16160187
0.64999998	0.35039371	0.11798720
0.65099998	0.68205583	0.10162401
0.65199998	0.84488803	0.11906373
0.65299998	0.81403792	0.16750738
0.65399998	0.59052044	0.23163755
0.65499998	0.20918430	0.30191928
0.65599998	-0.21401329	0.35463828
0.65699998	-0.61774117	0.38250491
0.65799998	-0.83990526	0.37063238
0.65899998	-0.84897882	0.32034326
0.65999998	-0.65268207	0.25913510
0.66099998	-0.27798966	0.19614296
0.66199998	0.13579601	0.14080955
0.66299998	0.52737451	0.10140871
0.66399998	0.78032726	0.10125492
0.66499998	0.85599160	0.14004061
0.66599998	0.72874629	0.19844981
0.66699998	0.41947588	0.26814714
0.66799998	0.00796629	0.32950911
0.66899998	-0.44601992	0.37370816
0.66999998	-0.75289124	0.37942913
0.67099998	-0.86909449	0.34547243
0.67199998	-0.77202266	0.29290724
0.67299998	-0.47422490	0.22933070
0.67399998	-0.08061638	0.16827632
0.67499998	0.35094735	0.11921752
0.67599998	0.67679626	0.10147022
0.67699998	0.84744096	0.11721826
0.67799998	0.81895918	0.16393946
0.67899998	0.59685653	0.23480561
0.67999998	0.22665477	0.30201155
0.68099998	-0.23705094	0.35593012
0.68199998	-0.60802168	0.37921384
0.68299998	-0.83313853	0.36832553
0.68399998	-0.84747171	0.32747909
0.68499998	-0.64834523	0.26264149
0.68599998	-0.29801303	0.19555856
0.68699998	0.15292814	0.13619587
0.68799998	0.53435653	0.10396162
0.68899998	0.78915477	0.10337722
0.68999998	0.85894442	0.13853346
0.69099998	0.73308319	0.20457062
0.69199998	0.43067175	0.27165353
0.69299998	-0.00212229	0.32978591
0.69399998	-0.41390872	0.36771038
0.69499998	-0.74563235	0.37982899
0.69599998	-0.87133980	0.35362327
0.69699998	-0.77328372	0.29306102
0.69799998	-0.48948079	0.22582431
0.69899998	-0.05970103	0.16160187
0.69999998	0.35116264	0.11798720
0.70099998	0.68220967	0.10162401
0.70199998	0.84473425	0.11906373
0.70299998	0.81326896	0.16750738
0.70399998	0.59282726	0.23163755
0.70499998	0.21816561	0.30191928
0.70599998	-0.20503199	0.35463828
0.70699998	-0.61543429	0.38250491
0.70799998	-0.84082800	0.37063238
0.70899998	-0.84987080	0.32034326
0.70999998	-0.65037525	0.25898129
0.71099998	-0.26900837	0.19537401
0.71199998	0.14493111	0.14311638
0.71299998	0.53045028	0.11042077
0.71399998	0.77709770	0.11026698
0.71499998	0.84608757	0.14234744
0.71599998	0.72207183	0.19786540
0.71699998	0.42615035	0.26873153
0.71799998	0.01774729	0.32701772
0.71899998	-0.44352853	0.36395791
0.71999998	-0.75366020	0.37275466
0.72099998	-0.86924827	0.35214689
0.72199998	-0.77202266	0.30265749
0.72299998	-0.47422490	0.23179133
0.72399998	-0.08046260	0.16735359
0.72499998	0.35171628	0.11829478
0.72599998	0.67445868	0.10380782
0.72699998	0.83845967	0.12619956
0.72799998	0.80994707	0.17292076
0.72899998	0.59451896	0.23711245
0.72999998	0.22742371	0.30124262
0.73099998	-0.23689714	0.35577634
0.73199998	-0.60817546	0.37921384
0.73299998	-0.83390749	0.36832553
0.73399998	-0.84501106	0.32747909
0.73499998	-0.63859499	0.26264149
0.73599998	-0.29136935	0.19555856
0.73699998	0.14625369	0.13619587
0.73799998	0.52463704	0.10414616
0.73899998	0.78669417	0.10414616
0.73999998	0.85986710	0.13604207
0.74099998	0.73400593	0.19478962
0.74199998	0.42851871	0.26494834
0.74299998	-0.01030389	0.33646038
0.74399998	-0.42535064	0.37730685
0.74499998	-0.75768948	0.38152066
0.74599998	-0.87709153	0.35516116
0.74699998	-0.76565576	0.30185777
0.74799998	-0.48203740	0.23480561
0.74899998	-0.06625246	0.16393946
0.74999998	0.34138164	0.11721826
0.75099998	0.67974901	0.10147022
0.75199998	0.84550321	0.11906373
0.75299998	0.81342274	0.16750738
0.75399998	0.59282726	0.23163755
0.75499998	0.21816561	0.30191928
0.75599998	-0.20503199	0.35448450
0.75699998	-0.61543429	0.38173598
0.75799998	-0.84082800	0.37296999
0.75899998	-0.84987080	0.32935530
0.75999998	-0.65037525	0.26814714
0.76099998	-0.26900837	0.19844981
0.76199998	0.14477731	0.14004061
0.76299998	0.52968132	0.10125492
0.76399998	0.77955830	0.10125492
0.76499998	0.85583782	0.14004061
0.76599998	0.72874629	0.19863436
0.76699998	0.41947588	0.26888534
0.76799998	0.00796629	0.32701772
0.76899998	-0.44601992	0.36395791
0.76999998	-0.75289124	0.37275466
0.77099998	-0.86909449	0.35214689
0.77199998	-0.77202266	0.30265749
0.77299998	-0.47422490	0.23179133
0.77399998	-0.08061638	0.16750738
0.77499998	0.35094735	0.11906373
0.77599998	0.67679626	0.10147022
0.77699998	0.84744096	0.11721826
0.77799998	0.81895918	0.16393946
0.77899998	0.59685653	0.23480561
0.77999998	0.22680856	0.30201155
0.78099998	-0.23628199	0.35593012
0.78199998	-0.61048228	0.37921384
0.78299998	-0.84291953	0.36832553
0.78399998	-0.85399234	0.32747909
0.78499998	-0.64093256	0.26264149
0.78599998	-0.29060039	0.19555856
0.78699998	0.14640749	0.13619587
0.78799998	0.52479082	0.10396162
0.78899998	0.78746307	0.10337722
0.78999998	0.85740650	0.13853346
0.79099998	0.72425568	0.20457062
0.79199998	0.42169046	0.27165353
0.79299998	-0.00442913	0.32978591
0.79399998	-0.41313976	0.36755660
0.79499998	-0.74547857	0.37906003
0.79599998	-0.87133980	0.35593012
0.79699998	-0.77328372	0.30201155
0.79799998	-0.48948079	0.23480561
0.79899998	-0.05970103	0.16393946
0.79999998	0.35116264	0.11721826
0.80099998	0.68220967	0.10147022
0.80199998	0.84473425	0.11906373
0.80299998	0.81326896	0.16750738
0.80399998	0.59282726	0.23163755
0.80499998	0.21816561	0.30191928
0.80599998	-0.20503199	0.35448450
0.80699998	-0.61543429	0.38173598
0.80799998	-0.84067422	0.37296999
0.80899998	-0.84913260	0.32935530
0.80999998	-0.65283585	0.26814714
0.81099998	-0.27875862	0.19844981
0.81199998	0.13825664	0.14004061
0.81299998	0.53712475	0.10125492
0.81399998	0.78684795	0.10125492
0.81499998	0.84854823	0.14004061
0.81599998	0.72130293	0.19844981
0.81699998	0.42599654	0.26814714
0.81799998	0.01774729	0.32950911
0.81899998	-0.44352853	0.37370816
0.81999998	-0.75366020	0.37958291
0.82099998	-0.86924827	0.34624138
0.82199998	-0.77202266	0.29060039
0.82299998	-0.47422490	0.22031865
0.82399998	-0.08046260	0.15929502
0.82499998	0.35171628	0.11687992
0.82599998	0.67430484	0.10223917
0.82699998	0.83769071	0.11737204
0.82799998	0.81228471	0.16393946
0.82899998	0.60353100	0.23480561
0.82999998	0.23640501	0.30201155
0.83099998	-0.23455955	0.35593012
0.83199998	-0.60894442	0.37921384
0.83299998	-0.83406126	0.36832553
0.83399998	-0.84501106	0.32747909
0.83499998	-0.63859499	0.26264149
0.83599998	-0.29136935	0.19555856
0.83699998	0.14625369	0.13619587
0.83799998	0.52479082	0.10396162
0.83899998	0.78746307	0.10337722
0.83999998	0.85756028	0.13853346
0.84099998	0.72502458	0.20457062
0.84199998	0.41938362	0.27165353
0.84299998	-0.01337968	0.32978591
0.84399998	-0.42212105	0.36771038
0.84499998	-0.74778545	0.37982899
0.84599998	-0.87057084	0.35362327
0.84699998	-0.77312994	0.29306102
0.84799998	-0.48948079	0.22582431
0.84899998	-0.05970103	0.16160187
0.84999998	0.35116264	0.11798720
0.85099998	0.68220967	0.10162401
0.85199998	0.84473425	0.11890994
0.85299998	0.81326896	0.16673844
0.85399998	0.59282726	0.23397514
0.85499998	0.21816561	0.31090060
0.85599998	-0.20503199	0.36361960
0.85699998	-0.61543429	0.38481176
0.85799998	-0.84082800	0.36986342
0.85899998	-0.84987080	0.32018948
0.85999998	-0.65052903	0.25898129
0.86099998	-0.26977730	0.19537401
0.86199998	0.14708415	0.14311638
0.86299998	0.53869343	0.11042077
0.86399998	0.78857034	0.11026698
0.86499998	0.85817546	0.14234744
0.86599998	0.72797734	0.19771162
0.86699998	0.41932210	0.26799336
0.86799998	0.00796629	0.32950911
0.86899998	-0.44601992	0.37370816
0.86999998	-0.75289124	0.37958291
0.87099998	-0.86909449	0.34624138
0.87199998	-0.77202266	0.29060039
0.87299998	-0.47422490	0.22031865
0.87399998	-0.08061638	0.15929502
0.87499998	0.35094735	0.11687992
0.87599998	0.67679626	0.10223917
0.87699998	0.84744096	0.11737204
0.87799998	0.81895918	0.16393946
0.87899998	0.59685653	0.23480561
0.87999998	0.22665477	0.30201155
0.88099998	-0.23705094	0.35593012
0.88199998	-0.60817546	0.37921384
0.88299998	-0.83390749	0.36832553
0.88399998	-0.84501106	0.32747909
0.88499998	-0.63859499	0.26264149
0.88599998	-0.29136935	0.19555856
0.88699998	0.14625369	0.13619587
0.88799998	0.52479082	0.10396162
0.88899998	0.78746307	0.10337722
0.88999998	0.85756028	0.13853346
0.89099998	0.72502458	0.20457062
0.89199997	0.41938362	0.27165353
0.89299997	-0.01337968	0.32978591
0.89399997	-0.42212105	0.36771038
0.89499997	-0.74778545	0.37982899
0.89599997	-0.87057084	0.35362327
0.89699997	-0.77312994	0.29306102
0.89799997	-0.48948079	0.22582431
0.89899997	-0.05970103	0.16160187
0.89999997	0.35116264	0.11783341
0.90099997	0.68220967	0.10085507
0.90199997	0.84473425	0.12137057
0.90299997	0.81326896	0.17651944
0.90399997	0.59282726	0.24080339
0.90499997	0.21816561	0.30499509
0.90599997	-0.20503199	0.35137796
0.90699997	-0.61543429	0.37260088
0.90799997	-0.84082800	0.36411172
0.90899997	-0.84987080	0.32778665
0.90999997	-0.65052903	0.26642472
0.91099997	-0.26977730	0.18888411
0.91199997	0.14723794	0.13336614
0.91299997	0.53946233	0.10796013
0.91399997	0.78607899	0.11088213
0.91499997	0.84839445	0.14173228
0.91599997	0.72130293	0.20017225
0.91699997	0.42599654	0.27774361
0.91799997	0.01774729	0.33602977
0.91899997	-0.44352853	0.36626476
0.91999997	-0.75366020	0.37213951
0.92099997	-0.86924827	0.35276204
0.92199997	-0.77202266	0.30035064
0.92299997	-0.47422490	0.22281004
0.92399997	-0.08061638	0.15852608
0.92499997	0.35094735	0.11672613
0.92599997	0.67679626	0.10223917
0.92699997	0.84744096	0.11737204
0.92799997	0.81895918	0.16393946
0.92899997	0.59685653	0.23480561
0.92999997	0.22680856	0.30201155
0.93099997	-0.23628199	0.35593012
0.93199997	-0.61048228	0.37921384
0.93299997	-0.84291953	0.36832553
0.93399997	-0.85399234	0.32747909
0.93499997	-0.64093256	0.26264149
0.93599997	-0.29044661	0.19540477
0.93699997	0.14717643	0.13542692
0.93799997	0.52229947	0.10629921
0.93899997	0.77771282	0.11235851
0.93999997	0.85088581	0.14751476
0.94099997	0.73166829	0.20687746
0.94199997	0.42910311	0.27103838
0.94299997	-0.01091905	0.33040109
0.94399997	-0.42289001	0.36524975
0.94499997	-0.74793923	0.37007874
0.94599997	-0.87041706	0.34694883
0.94699997	-0.77236098	0.29970473
0.94799997	-0.49181840	0.23557456
0.94899997	-0.06871309	0.16409326
0.94999997	0.34215060	0.11721826
0.95099997	0.67990279	0.10147022
0.95199997	0.84550321	0.11906373
0.95299997	0.81342274	0.16750738
0.95399997	0.59298104	0.23179133
0.95499997	0.21893455	0.30265749
0.95599997	-0.20733882	0.35230067
0.95699997	-0.62444633	0.37349287
0.95799997	-0.84980929	0.36165109
0.95899997	-0.85220844	0.31803641
0.95999997	-0.64960629	0.25990403
0.96099997	-0.26885459	0.19629675
0.96199997	0.14477731	0.14080955
0.96299997	0.52968132	0.10140871
0.96399997	0.77940452	0.10110113
0.96499997	0.85506892	0.13927165
0.96599997	0.73108393	0.20078740
0.96699997	0.42845717	0.27712846
0.96799997	0.01697835	0.33833662
0.96899997	-0.44368234	0.37527683
0.96999997	-0.75366020	0.38096702
0.97099997	-0.86924827	0.35433072
0.97199997	-0.77202266	0.30191928
0.97299997	-0.47422490	0.23163755
0.97399997	-0.08061638	0.16750738
0.97499997	0.35094735	0.11906373
0.97599997	0.67679626	0.10131644
0.97699997	0.84744096	0.11644931
0.97799997	0.81895918	0.16624631
0.97899997	0.59685653	0.24378690
0.97999997	0.22665477	0.31102362
0.98099997	-0.23705094	0.35823697
0.98199997	-0.60817546	0.37844488
0.98299997	-0.83390749	0.36817175
0.98399997	-0.84516484	0.32747909
0.98499997	-0.63936394	0.26264149
0.98599997	-0.28903174	0.19555856
0.98699997	0.15523499	0.13619587
0.98799997	0.53374141	0.10396162
0.98899997	0.78976995	0.10337722
0.98999997	0.85663754	0.13837968
0.99099997	0.72410184	0.20380168
0.99199997	0.42169046	0.27396038
0.99299997	-0.00442913	0.33879799
0.99399997	-0.41313976	0.37672243
0.99499997	-0.74547857	0.38213584
0.99599997	-0.87133980	0.35285434
0.99699997	-0.77328372	0.29287648
0.99799997	-0.48948079	0.22582431
0.99899997	-0.05970103	0.16160187
0.99999997	0.35116264	0.11798720
1.00099997	0.68220967	0.10162401
1.00199997	0.84473425	0.11906373
1.00299997	0.81326896	0.16750738
1.00399997	0.59298104	0.23163755
1.00499997	0.21893455	0.30191928
1.00599997	-0.20733882	0.35463828
1.00699997	-0.62444633	0.38250491
1.00799997	-0.84980929	0.37063238
1.00899997	-0.85220844	0.32034326
1.00999997	-0.64960629	0.25898129
1.01099997	-0.26885459	0.19537401
1.01199997	0.14493111	0.14311638
1.01299997	0.53045028	0.11042077
1.01399997	0.77725148	0.11011319
1.01499997	0.84685653	0.14157850
1.01599997	0.71976501	0.20001845
1.01699997	0.41713828	0.27697465
1.01799997	0.00873524	0.33833662
1.01899997	-0.44586614	0.37527683
1.01999997	-0.75289124	0.38112080
1.02099997	-0.86909449	0.35509965
1.02199997	-0.77202266	0.29958171
1.02299997	-0.47422490	0.22265625
1.02399997	-0.08046260	0.15837230
1.02499997	0.35171628	0.11595719
1.02599997	0.67445868	0.10457677
1.02699997	0.83845967	0.12638411
1.02799997	0.80994707	0.17292076
1.02899997	0.59451896	0.23711245
1.02999997	0.22742371	0.30124262
1.03099997	-0.23689714	0.35577634
1.03199997	-0.60817546	0.37921384
1.03299997	-0.83390749	0.36832553
1.03399997	-0.84516484	0.32747909
1.03499997	-0.63936394	0.26264149
1.03599997	-0.28887796	0.19555856
1.03699997	0.15600394	0.13619587
1.03799997	0.53128076	0.10414616
1.03899997	0.78001970	0.10414616
1.03999997	0.85011685	0.13619587
1.04099997	0.73151451	0.19555856
1.04199997	0.42910311	0.26264149
1.04299997	-0.01091905	0.32747909
1.04399997	-0.42289001	0.36832553
1.04499997	-0.74793923	0.37921384
1.04599997	-0.87041706	0.35593012
1.04699997	-0.77236098	0.30201155
1.04799997	-0.49181840	0.23480561
1.04899997	-0.06871309	0.16393946
1.04999997	0.34215060	0.11721826
1.05099997	0.67990279	0.10147022
1.05199997	0.84565699	0.11906373
1.05299997	0.81419170	0.16750738
1.05399997	0.59067422	0.23163755
1.05499997	0.20995325	0.30191928
1.05599997	-0.21632013	0.35463828
1.05699997	-0.62675321	0.38250491
1.05799997	-0.84904033	0.37078616
1.05899997	-0.85205460	0.32111222
1.05999997	-0.64960629	0.25667447
1.06099997	-0.26885459	0.18639271
1.06199997	0.14477731	0.13413508
1.06299997	0.52968132	0.10811393
1.06399997	0.77955830	0.11103593
1.06499997	0.85583782	0.14250124
1.06599997	0.72874629	0.19771162
1.06699997	0.41947588	0.26799336
1.06799997	0.00796629	0.32935530
1.06899997	-0.44601992	0.37296999
1.06999997	-0.75289124	0.38188976
1.07099997	-0.86909449	0.35525346
1.07199997	-0.77202266	0.29958171
1.07299997	-0.47422490	0.22265625
1.07399997	-0.08061638	0.15852608
1.07499997	0.35094735	0.11672613
1.07599997	0.67679626	0.10223917
1.07699997	0.84744096	0.11737204
1.07799997	0.81895918	0.16393946
1.07899997	0.59685653	0.23480561
1.07999997	0.22665477	0.30201155
1.08099997	-0.23705094	0.35593012
1.08199997	-0.60817546	0.37921384
1.08299997	-0.83390749	0.36832553
1.08399997	-0.84501106	0.32747909
1.08499997	-0.63859499	0.26264149
1.08599997	-0.29136935	0.19555856
1.08699997	0.14625369	0.13619587
1.08799997	0.52479082	0.10396162
1.08899997	0.78746307	0.10337722
1.08999997	0.85740650	0.13837968
1.09099997	0.72425568	0.20380168
1.09199997	0.42184424	0.27396038
1.09299997	-0.00366019	0.33879799
1.09399997	-0.41544661	0.37656865
1.09499997	-0.75445992	0.38136688
1.09599997	-0.88032109	0.35516116
1.09699997	-0.77559054	0.30185777
1.09799997	-0.48871186	0.23480561
1.09899997	-0.05954725	0.16393946
1.09999997	0.35116264	0.11706447
1.10099997	0.68220967	0.10070128
1.10199997	0.84473425	0.12137057
1.10299997	0.81326896	0.17651944
1.10399997	0.59282726	0.24064961
1.10499997	0.21816561	0.30422613
1.10599997	-0.20503199	0.35386935
1.10699997	-0.61543429	0.38235113
1.10799997	-0.84082800	0.37063238
1.10899997	-0.84987080	0.32034326
1.10999997	-0.65037525	0.25898129
1.11099997	-0.26900837	0.19537401
1.11199997	0.14477731	0.14311638
1.11299997	0.52968132	0.11042077
1.11399997	0.77940452	0.11026698
1.11499997	0.85506892	0.14234744
1.11599997	0.73108393	0.19771162
1.11699997	0.42845717	0.26799336
1.11799997	0.01697835	0.32950911
1.11899997	-0.44368234	0.37370816
1.11999997	-0.75381398	0.37942913
1.12099997	-0.87001723	0.34547243
1.12199997	-0.76971579	0.29290724
1.12299997	-0.46524361	0.22933070
1.12399997	-0.07145054	0.16812254
1.12499997	0.35405388	0.11844857
1.12599997	0.67368972	0.10380782
1.12699997	0.83830583	0.12619956
1.12799997	0.80994707	0.17307456
1.12899997	0.59451896	0.23788139
1.12999997	0.22742371	0.29893577
1.13099997	-0.23689714	0.34679502
1.13199997	-0.60817546	0.37023252
1.13299997	-0.83390749	0.36601871
1.13399997	-0.84501106	0.32821727
1.13499997	-0.63859499	0.26279527
1.13599997	-0.29136935	0.19555856
1.13699997	0.14625369	0.13619587
1.13799997	0.52479082	0.10414616
1.13899997	0.78746307	0.10414616
1.13999997	0.85756028	0.13619587
1.14099997	0.72502458	0.19555856
1.14199997	0.41938362	0.26264149
1.14299997	-0.01337968	0.32747909
1.14399997	-0.42212105	0.36847934
1.14499997	-0.74778545	0.37998277
1.14599997	-0.87057084	0.35362327
1.14699997	-0.77312994	0.29306102
1.14799997	-0.48948079	0.22582431
1.14899997	-0.05970103	0.16160187
1.14999997	0.35116264	0.11798720
1.15099997	0.68220967	0.10162401
1.15199997	0.84473425	0.11906373
1.15299997	0.81326896	0.16750738
1.15399997	0.59282726	0.23163755
1.15499997	0.21816561	0.30191928
1.15599997	-0.20503199	0.35463828
1.15699997	-0.61543429	0.38250491
1.15799997	-0.84067422	0.37063238
1.15899997	-0.84913260	0.32034326
1.15999997	-0.65283585	0.25898129
1.16099997	-0.27875862	0.19537401
1.16199997	0.13810286	0.14311638
1.16299997	0.53638655	0.11042077
1.16399997	0.78933930	0.11011319
1.16499997	0.85832924	0.14157850
1.16599997	0.72797734	0.20001845
1.16699997	0.41932210	0.27697465
1.16799997	0.00796629	0.33849040
1.16899997	-0.44601992	0.37604576
1.16999997	-0.75289124	0.37866017
1.17099997	-0.86909449	0.34531865
1.17199997	-0.77202266	0.29290724
1.17299997	-0.47422490	0.22933070
1.17399997	-0.08061638	0.16827632
1.17499997	0.35094735	0.11921752
1.17599997	0.67679626	0.10147022
1.17699997	0.84744096	0.11721826
1.17799997	0.81895918	0.16393946
1.17899997	0.59685653	0.23480561
1.17999997	0.22665477	0.30201155
1.18099997	-0.23705094	0.35593012
1.18199997	-0.60817546	0.37921384
1.18299997	-0.83390749	0.36832553
1.18399997	-0.84516484	0.32747909
1.18499997	-0.63936394	0.26264149
1.18599997	-0.28903174	0.19555856
1.18699997	0.15523499	0.13619587
1.18799997	0.53374141	0.10414616
1.18899997	0.78976995	0.10414616
1.18999997	0.85663754	0.13619587
1.19099997	0.72410184	0.19555856
1.19199997	0.42169046	0.26264149
1.19299997	-0.00442913	0.32747909
1.19399997	-0.41313976	0.36847934
1.19499997	-0.74547857	0.37998277
1.19599997	-0.87133980	0.35362327
1.19699997	-0.77328372	0.29306102
1.19799997	-0.48948079	0.22582431
1.19899997	-0.05970103	0.16160187
1.19999997	0.35116264	0.11798720
1.20099997	0.68220967	0.10162401
1.20199997	0.84473425	0.11906373
1.20299997	0.81326896	0.16750738
1.20399997	0.59282726	0.23163755
1.20499997	0.21816561	0.30191928
1.20599997	-0.20503199	0.35448450
1.20699997	-0.61543429	0.38173598
1.20799997	-0.84082800	0.37296999
1.20899997	-0.84987080	0.32935530
1.20999997	-0.65037525	0.26799336
1.21099997	-0.26900837	0.19771162
1.21199997	0.14493111	0.14234744
1.21299997	0.53045028	0.11026698
1.21399997	0.77709770	0.11026698
1.21499997	0.84608757	0.14234744
1.21599997	0.72207183	0.19771162
1.21699997	0.42615035	0.26799336
1.21799997	0.01774729	0.32935530
1.21899997	-0.44352853	0.37296999
1.21999997	-0.75381398	0.38188976
1.22099997	-0.87001723	0.35525346
1.22199997	-0.76971579	0.29958171
1.22299997	-0.46524361	0.22265625
1.22399997	-0.07145054	0.15852608
1.22499997	0.35405388	0.11672613
1.22599997	0.67368972	0.10223917
1.22699997	0.83830583	0.11737204
1.22799997	0.80994707	0.16393946
1.22899997	0.59451896	0.23480561
1.22999997	0.22742371	0.30201155
1.23099997	-0.23689714	0.35593012
1.23199997	-0.60817546	0.37921384
1.23299997	-0.83390749	0.36832553
1.23399997	-0.84501106	0.32747909
1.23499997	-0.63859499	0.26264149
1.23599997	-0.29136935	0.19555856
1.23699997	0.14625369	0.13619587
1.23799997	0.52463704	0.10414616
1.23899997	0.78669417	0.10414616
1.23999997	0.85986710	0.13604207
1.24099997	0.73400593	0.19478962
1.24199997	0.42836490	0.26494834
1.24299997	-0.01107283	0.33646038
1.24399997	-0.42289001	0.37746063
1.24499997	-0.74793923	0.38228962
1.24599996	-0.87041706	0.35285434
1.24699996	-0.77236098	0.29287648
1.24799996	-0.49181840	0.22582431
1.24899996	-0.06871309	0.16160187
1.24999996	0.34215060	0.11798720
1.25099996	0.67990279	0.10162401
1.25199996	0.84550321	0.11906373
1.25299996	0.81342274	0.16750738
1.25399996	0.59298104	0.23163755
1.25499996	0.21893455	0.30191928
1.25599996	-0.20733882	0.35463828
1.25699996	-0.62444633	0.38250491
1.25799996	-0.84965551	0.37063238
1.25899996	-0.85143948	0.32034326
1.25999996	-0.65191317	0.25898129
1.26099996	-0.27783588	0.19537401
1.26199996	0.13579601	0.14311638
1.26299996	0.52737451	0.11042077
1.26399996	0.78032726	0.11026698
1.26499996	0.85599160	0.14234744
1.26599996	0.72874629	0.19771162
1.26699996	0.41947588	0.26799336
1.26799996	0.00796629	0.32935530
1.26899996	-0.44601992	0.37296999
1.26999996	-0.75289124	0.38188976
1.27099996	-0.86909449	0.35525346
1.27199996	-0.77202266	0.29973549
1.27299996	-0.47422490	0.22342519
1.27399996	-0.08061638	0.15618849
1.27499996	0.35094735	0.10774484
1.27599996	0.67679626	0.09325787
1.27699996	0.84744096	0.11506521
1.27799996	0.81895918	0.16467765
1.27899996	0.59685653	0.23495939
1.27999996	0.22665477	0.30201155
1.28099996	-0.23705094	0.35593012
1.28199996	-0.60802168	0.37921384
1.28299996	-0.83313853	0.36832553
1.28399996	-0.84731793	0.32747909
1.28499996	-0.64757627	0.26264149
1.28599996	-0.30031988	0.19555856
1.28699996	0.14394686	0.13619587
1.28799996	0.52552903	0.10396162
1.28899996	0.78761685	0.10337722
1.28999996	0.85756028	0.13853346
1.29099996	0.72502458	0.20457062
1.29199996	0.41938362	0.27165353
1.29299996	-0.01337968	0.32978591
1.29399996	-0.42212105	0.36755660
1.29499996	-0.74778545	0.37906003
1.29599996	-0.87041706	0.35593012
1.29699996	-0.77236098	0.30201155
1.29799996	-0.49181840	0.23480561
1.29899996	-0.06871309	0.16393946
1.29999996	0.34215060	0.11721826
1.30099996	0.67990279	0.10147022
1.30199996	0.84550321	0.11906373
1.30299996	0.81342274	0.16750738
1.30399996	0.59282726	0.23179133
1.30499996	0.21816561	0.30265749
1.30599996	-0.20503199	0.35214689
1.30699996	-0.61543429	0.37275466
1.30799996	-0.84082800	0.36395791
1.30899996	-0.84987080	0.32701772
1.30999996	-0.65052903	0.26888534
1.31099996	-0.26977730	0.19863436
1.31199996	0.14708415	0.14004061
1.31299996	0.53869343	0.10125492
1.31399996	0.78841656	0.10125492
1.31499996	0.85740650	0.14004061
1.31599996	0.73031497	0.19844981
1.31699996	0.42830339	0.26814714
1.31799996	0.01697835	0.32935530
1.31899996	-0.44368234	0.37296999
1.31999996	-0.75381398	0.38188976
1.32099996	-0.87001723	0.35525346
1.32199996	-0.76971579	0.29958171
1.32299996	-0.46524361	0.22265625
1.32399996	-0.07160433	0.15852608
1.32499996	0.35328493	0.11672613
1.32599996	0.67602730	0.10223917
1.32699996	0.84728718	0.11737204
1.32799996	0.81895918	0.16393946
1.32899996	0.59685653	0.23480561
1.32999996	0.22665477	0.30201155
1.33099996	-0.23705094	0.35593012
1.33199996	-0.60817546	0.37921384
1.33299996	-0.83390749	0.36832553
1.33399996	-0.84501106	0.32747909
1.33499996	-0.63859499	0.26264149
1.33599996	-0.29136935	0.19555856
1.33699996	0.14625369	0.13619587
1.33799996	0.52463704	0.10396162
1.33899996	0.78669417	0.10337722
1.33999996	0.85986710	0.13837968
1.34099996	0.73400593	0.20380168
1.34199996	0.42836490	0.27396038
1.34299996	-0.01107283	0.33879799
1.34399996	-0.42289001	0.37672243
1.34499996	-0.74793923	0.38213584
1.34599996	-0.87041706	0.35285434
1.34699996	-0.77236098	0.29287648
1.34799996	-0.49181840	0.22582431
1.34899996	-0.06871309	0.16160187
1.34999996	0.34215060	0.11798720
1.35099996	0.67990279	0.10162401
1.35199996	0.84550321	0.11906373
1.35299996	0.81342274	0.16750738
1.35399996	0.59282726	0.23163755
1.35499996	0.21816561	0.30191928
1.35599996	-0.20503199	0.35463828
1.35699996	-0.61543429	0.38250491
1.35799996	-0.84082800	0.37063238
1.35899996	-0.84987080	0.32034326
1.35999996	-0.65037525	0.25913510
1.36099996	-0.26900837	0.19614296
1.36199996	0.14477731	0.14080955
1.36299996	0.52968132	0.10140871
1.36399996	0.77940452	0.10125492
1.36499996	0.85506892	0.14004061
1.36599996	0.73108393	0.19863436
1.36699996	0.42845717	0.26888534
1.36799996	0.01697835	0.32701772
1.36899996	-0.44368234	0.36395791
1.36999996	-0.75366020	0.37290847
1.37099996	-0.86924827	0.35291585
1.37199996	-0.77202266	0.30035064
1.37299996	-0.47422490	0.22281004
1.37399996	-0.08046260	0.15852608
1.37499996	0.35171628	0.11672613
1.37599996	0.67445868	0.10223917
1.37699996	0.83845967	0.11737204
1.37799996	0.80994707	0.16393946
1.37899996	0.59451896	0.23480561
1.37999996	0.22757751	0.30201155
1.38099996	-0.23612820	0.35593012
1.38199996	-0.61048228	0.37921384
1.38299996	-0.84291953	0.36832553
1.38399996	-0.85414618	0.32747909
1.38499996	-0.64167076	0.26264149
1.38599996	-0.28826278	0.19555856
1.38699996	0.15538877	0.13619587
1.38799996	0.53374141	0.10396162
1.38899996	0.78976995	0.10337722
1.38999996	0.85663754	0.13837968
1.39099996	0.72410184	0.20380168
1.39199996	0.42169046	0.27396038
1.39299996	-0.00442913	0.33879799
1.39399996	-0.41313976	0.37672243
1.39499996	-0.74547857	0.38213584
1.39599996	-0.87133980	0.35285434
1.39699996	-0.77328372	0.29287648
1.39799996	-0.48948079	0.22582431
1.39899996	-0.05970103	0.16160187
1.39999996	0.35116264	0.11798720
1.40099996	0.68220967	0.10162401
1.40199996	0.84473425	0.11906373
1.40299996	0.81326896	0.16750738
1.40399996	0.59282726	0.23163755
1.40499996	0.21816561	0.30191928
1.40599996	-0.20503199	0.35448450
1.40699996	-0.61543429	0.38173598
1.40799996	-0.84082800	0.37296999
1.40899996	-0.84987080	0.32935530
1.40999996	-0.65052903	0.26799336
1.41099996	-0.26977730	0.19771162
1.41199996	0.14708415	0.14234744
1.41299996	0.53869343	0.11026698
1.41399996	0.78841656	0.11026698
1.41499996	0.85740650	0.14234744
1.41599996	0.73031497	0.19771162
1.41699996	0.42830339	0.26799336
1.41799996	0.01713214	0.32935530
1.41899996	-0.44291338	0.37296999
1.41999996	-0.75612080	0.38173598
1.42099996	-0.87899852	0.35448450
1.42199996	-0.77869707	0.30191928
1.42299996	-0.46755043	0.23163755
1.42399996	-0.07083538	0.16750738
1.42499996	0.35343874	0.11906373
1.42599996	0.67602730	0.10147022
1.42699996	0.84728718	0.11721826
1.42799996	0.81895918	0.16393946
1.42899996	0.59685653	0.23480561
1.42999996	0.22665477	0.30201155
1.43099996	-0.23705094	0.35593012
1.43199996	-0.60817546	0.37921384
1.43299996	-0.83390749	0.36832553
1.43399996	-0.84516484	0.32747909
1.43499996	-0.63936394	0.26264149
1.43599996	-0.28903174	0.19555856
1.43699996	0.15523499	0.13619587
1.43799996	0.53358757	0.10396162
1.43899996	0.78900099	0.10337722
1.43999996	0.85909820	0.13853346
1.44099996	0.73382133	0.20457062
1.44199996	0.42836490	0.27165353
1.44299996	-0.01107283	0.32978591
1.44399996	-0.42289001	0.36771038
1.44499996	-0.74793923	0.37982899
1.44599996	-0.87057084	0.35362327
1.44699996	-0.77312994	0.29306102
1.44799996	-0.48948079	0.22582431
1.44899996	-0.05970103	0.16160187
1.44999996	0.35116264	0.11798720
1.45099996	0.68220967	0.10162401
1.45199996	0.84473425	0.11906373
1.45299996	0.81326896	0.16750738
1.45399996	0.59282726	0.23163755
1.45499996	0.21816561	0.30191928
1.45599996	-0.20503199	0.35463828
1.45699996	-0.61543429	0.38250491
1.45799996	-0.84067422	0.37063238
1.45899996	-0.84913260	0.32034326
1.45999996	-0.65283585	0.25898129
1.46099996	-0.27875862	0.19537401
1.46199996	0.13810286	0.14311638
1.46299996	0.53638655	0.11042077
1.46399996	0.78933930	0.11026698
1.46499996	0.85832924	0.14234744
1.46599996	0.72797734	0.19771162
1.46699996	0.41932210	0.26799336
1.46799996	0.00796629	0.32935530
1.46899996	-0.44601992	0.37296999
1.46999996	-0.75289124	0.38173598
1.47099996	-0.86909449	0.35448450
1.47199996	-0.77202266	0.30207309
1.47299996	-0.47422490	0.23240650
1.47399996	-0.08061638	0.16504675
1.47499996	0.35094735	0.10928272
1.47599996	0.67679626	0.09479577
1.47699996	0.84744096	0.12389272
1.47799996	0.81895918	0.17368971
1.47899996	0.59685653	0.23726624
1.47999996	0.22665477	0.30124262
1.48099996	-0.23705094	0.35577634
1.48199996	-0.60817546	0.37921384
1.48299996	-0.83390749	0.36832553
1.48399996	-0.84501106	0.32747909
1.48499996	-0.63859499	0.26264149
1.48599996	-0.29136935	0.19555856
1.48699996	0.14625369	0.13619587
1.48799996	0.52479082	0.10396162
1.48899996	0.78746307	0.10337722
1.48999996	0.85756028	0.13853346
1.49099996	0.72502458	0.20457062
1.49199996	0.41938362	0.27165353
1.49299996	-0.01337968	0.32978591
1.49399996	-0.42212105	0.36771038
1.49499996	-0.74778545	0.37982899
1.49599996	-0.87057084	0.35362327
1.49699996	-0.77312994	0.29306102
1.49799996	-0.48948079	0.22582431
1.49899996	-0.05970103	0.16160187
1.49999996	0.35116264	0.11798720
1.50099996	0.68220967	0.10162401
1.50199996	0.84473425	0.11906373
1.50299996	0.81326896	0.16750738
1.50399996	0.59282726	0.23163755
1.50499996	0.21816561	0.30191928
1.50599996	-0.20503199	0.35448450
1.50699996	-0.61543429	0.38173598
1.50799996	-0.84082800	0.37296999
1.50899996	-0.84987080	0.32935530
1.50999996	-0.65037525	0.26814714
1.51099996	-0.26900837	0.19844981
1.51199996	0.14493111	0.14004061
1.51299996	0.53045028	0.10125492
1.51399996	0.77709770	0.10110113
1.51499996	0.84608757	0.13927165
1.51599996	0.72207183	0.20078740
1.51699996	0.42615035	0.27712846
1.51799996	0.01774729	0.33849040
1.51899996	-0.44352853	0.37604576
1.51999996	-0.75366020	0.37866017
1.52099996	-0.86924827	0.34531865
1.52199996	-0.77202266	0.29290724
1.52299996	-0.47422490	0.22933070
1.52399996	-0.08061638	0.16827632
1.52499996	0.35094735	0.11921752
1.52599996	0.67679626	0.10147022
1.52699996	0.84744096	0.11721826
1.52799996	0.81895918	0.16393946
1.52899996	0.59685653	0.23480561
1.52999996	0.22665477	0.30201155
1.53099996	-0.23705094	0.35593012
1.53199996	-0.60817546	0.37921384
1.53299996	-0.83390749	0.36832553
1.53399996	-0.84501106	0.32747909
1.53499996	-0.63859499	0.26264149
1.53599996	-0.29136935	0.19555856
1.53699996	0.14625369	0.13619587
1.53799996	0.52463704	0.10396162
1.53899996	0.78669417	0.10337722
1.53999996	0.85986710	0.13853346
1.54099996	0.73400593	0.20457062
1.54199996	0.42836490	0.27165353
1.54299996	-0.01107283	0.32978591
1.54399996	-0.42289001	0.36771038
1.54499996	-0.74793923	0.37982899
1.54599996	-0.87057084	0.35362327
1.54699996	-0.77312994	0.29306102
1.54799996	-0.48948079	0.22582431
1.54899996	-0.05970103	0.16160187
1.54999996	0.35116264	0.11798720
1.55099996	0.68220967	0.10162401
1.55199996	0.84473425	0.11906373
1.55299996	0.81326896	0.16750738
1.55399996	0.59282726	0.23163755
1.55499996	0.21816561	0.30191928
1.55599996	-0.20503199	0.35463828
1.55699996	-0.61543429	0.38250491
1.55799996	-0.84067422	0.37063238
1.55899996	-0.84913260	0.32034326
1.55999996	-0.65268207	0.25913510
1.56099996	-0.27798966	0.19614296
1.56199996	0.13579601	0.14080955
1.56299996	0.52737451	0.10140871
1.56399996	0.78032726	0.10125492
1.56499996	0.85599160	0.14004061
1.56599996	0.72874629	0.19844981
1.56699996	0.41947588	0.26814714
1.56799996	0.00796629	0.32950911
1.56899996	-0.44601992	0.37370816
1.56999996	-0.75289124	0.37942913
1.57099996	-0.86909449	0.34547243
1.57199996	-0.77202266	0.29290724
1.57299996	-0.47422490	0.22933070
1.57399996	-0.08061638	0.16827632
1.57499996	0.35094735	0.11921752
1.57599996	0.67695004	0.10147022
1.57699996	0.84820992	0.11721826
1.57799996	0.81665230	0.16393946
1.57899996	0.58787525	0.23480561
1.57999996	0.21767348	0.30201155
1.58099996	-0.23935777	0.35593012
1.58199996	-0.60725272	0.37921384
1.58299996	-0.83298475	0.36832553
1.58399996	-0.84747171	0.32747909
1.58499996	-0.64834523	0.26264149
1.58599996	-0.29801303	0.19555856
1.58699996	0.15292814	0.13619587
1.58799996	0.53451031	0.10396162
1.58899996	0.78992373	0.10337722
1.58999996	0.85679132	0.13853346
1.59099996	0.72487080	0.20457062
1.59199996	0.41938362	0.27165353
1.59299996	-0.01337968	0.32978591
1.59399996	-0.42212105	0.36755660
1.59499996	-0.74778545	0.37906003
1.59599996	-0.87057084	0.35593012
1.59699996	-0.77312994	0.30201155
1.59799996	-0.48948079	0.23480561
1.59899995	-0.05970103	0.16393946
1.59999995	0.35116264	0.11721826
1.60099995	0.68220967	0.10147022
1.60199995	0.84473425	0.11906373
1.60299995	0.81326896	0.16750738
1.60399995	0.59298104	0.23163755
1.60499995	0.21893455	0.30191928
1.60599995	-0.20733882	0.35448450
1.60699995	-0.62444633	0.38173598
1.60799995	-0.84980929	0.37296999
1.60899995	-0.85220844	0.32935530
1.60999995	-0.64960629	0.26799336
1.61099995	-0.26885459	0.19771162
1.61199995	0.14493111	0.14234744
1.61299995	0.53045028	0.11026698
1.61399995	0.77709770	0.11026698
1.61499995	0.84608757	0.14234744
1.61599995	0.72207183	0.19771162
1.61699995	0.42615035	0.26799336
1.61799995	0.01774729	0.32935530
1.61899995	-0.44352853	0.37296999
1.61999995	-0.75381398	0.38188976
1.62099995	-0.87001723	0.35525346
1.62199995	-0.76971579	0.29958171
1.62299995	-0.46524361	0.22265625
1.62399995	-0.07145054	0.15852608
1.62499995	0.35405388	0.11672613
1.62599995	0.67368972	0.10223917
1.62699995	0.83830583	0.11737204
1.62799995	0.80994707	0.16393946
1.62899995	0.59451896	0.23480561
1.62999995	0.22742371	0.30201155
1.63099995	-0.23689714	0.35593012
1.63199995	-0.60817546	0.37921384
1.63299995	-0.83390749	0.36832553
1.63399995	-0.84516484	0.32747909
1.63499995	-0.63936394	0.26264149
1.63599995	-0.28903174	0.19555856
1.63699995	0.15523499	0.13619587
1.63799995	0.53374141	0.10414616
1.63899995	0.78976995	0.10414616
1.63999995	0.85679132	0.13619587
1.64099995	0.72487080	0.19555856
1.64199995	0.41938362	0.26264149
1.64299995	-0.01337968	0.32747909
1.64399995	-0.42212105	0.36847934
1.64499995	-0.74778545	0.37998277
1.64599995	-0.87041706	0.35362327
1.64699995	-0.77236098	0.29306102
1.64799995	-0.49181840	0.22582431
1.64899995	-0.06871309	0.16160187
1.64999995	0.34215060	0.11798720
1.65099995	0.67990279	0.10162401
1.65199995	0.84565699	0.11906373
1.65299995	0.81419170	0.16750738
1.65399995	0.59052044	0.23163755
1.65499995	0.20918430	0.30191928
1.65599995	-0.21401329	0.35463828
1.65699995	-0.61774117	0.38250491
1.65799995	-0.84005904	0.37063238
1.65899995	-0.84971702	0.32034326
1.65999995	-0.65037525	0.25898129
1.66099995	-0.26900837	0.19537401
1.66199995	0.14477731	0.14311638
1.66299995	0.52968132	0.11042077
1.66399995	0.77955830	0.11026698
1.66499995	0.85583782	0.14234744
1.66599995	0.72874629	0.19771162
1.66699995	0.41947588	0.26799336
1.66799995	0.00796629	0.32950911
1.66899995	-0.44601992	0.37370816
1.66999995	-0.75289124	0.37942913
1.67099995	-0.86909449	0.34547243
1.67199995	-0.77202266	0.29290724
1.67299995	-0.47422490	0.22933070
1.67399995	-0.08061638	0.16827632
1.67499995	0.35094735	0.11921752
1.67599995	0.67679626	0.10147022
1.67699995	0.84744096	0.11721826
1.67799995	0.81895918	0.16393946
1.67899995	0.59685653	0.23480561
1.67999995	0.22665477	0.30201155
1.68099995	-0.23705094	0.35593012
1.68199995	-0.60817546	0.37906003
1.68299995	-0.83390749	0.36755660
1.68399995	-0.84516484	0.32978591
1.68499995	-0.63936394	0.27165353
1.68599995	-0.28903174	0.20457062
1.68699995	0.15523499	0.13853346
1.68799995	0.53374141	0.10337722
1.68899995	0.78976995	0.10396162
1.68999995	0.85679132	0.13619587
1.69099995	0.72487080	0.19555856
1.69199995	0.41953740	0.26264149
1.69299995	-0.01264149	0.32747909
1.69399995	-0.42442790	0.36832553
1.69499995	-0.75676674	0.37921384
1.69599995	-0.87955219	0.35593012
1.69699995	-0.77543676	0.30201155
1.69799995	-0.48871186	0.23480561
1.69899995	-0.05954725	0.16393946
1.69999995	0.35116264	0.11721826
1.70099995	0.68220967	0.10147022
1.70199995	0.84488803	0.11906373
1.70299995	0.81403792	0.16750738
1.70399995	0.59052044	0.23163755
1.70499995	0.20918430	0.30191928
1.70599995	-0.21401329	0.35463828
1.70699995	-0.61774117	0.38250491
1.70799995	-0.83990526	0.37063238
1.70899995	-0.84897882	0.32034326
1.70999995	-0.65283585	0.25898129
1.71099995	-0.27875862	0.19537401
1.71199995	0.13810286	0.14311638
1.71299995	0.53638655	0.11042077
1.71399995	0.78918552	0.11026698
1.71499995	0.85756028	0.14234744
1.71599995	0.73031497	0.19771162
1.71699995	0.42830339	0.26799336
1.71799995	0.01697835	0.32950911
1.71899995	-0.44368234	0.37370816
1.71999995	-0.75366020	0.37942913
1.72099995	-0.86924827	0.34547243
1.72199995	-0.77202266	0.29290724
1.72299995	-0.47422490	0.22933070
1.72399995	-0.08061638	0.16812254
1.72499995	0.35094735	0.11844857
1.72599995	0.67679626	0.10380782
1.72699995	0.84744096	0.12619956
1.72799995	0.81895918	0.17292076
1.72899995	0.59685653	0.23711245
1.72999995	0.22680856	0.30124262
1.73099995	-0.23628199	0.35577634
1.73199995	-0.61048228	0.37921384
1.73299995	-0.84291953	0.36832553
1.73399995	-0.85399234	0.32747909
1.73499995	-0.64093256	0.26264149
1.73599995	-0.29060039	0.19555856
1.73699995	0.14640749	0.13619587
1.73799995	0.52463704	0.10414616
1.73899995	0.78669417	0.10414616
1.73999995	0.85986710	0.13619587
1.74099995	0.73400593	0.19555856
1.74199995	0.42836490	0.26264149
1.74299995	-0.01107283	0.32747909
1.74399995	-0.42289001	0.36832553
1.74499995	-0.74793923	0.37921384
1.74599995	-0.87041706	0.35593012
1.74699995	-0.77236098	0.30201155
1.74799995	-0.49181840	0.23480561
1.74899995	-0.06871309	0.16393946
1.74999995	0.34215060	0.11721826
1.75099995	0.67990279	0.10147022
1.75199995	0.84550321	0.11906373
1.75299995	0.81342274	0.16750738
1.75399995	0.59298104	0.23163755
1.75499995	0.21893455	0.30191928
1.75599995	-0.20733882	0.35448450
1.75699995	-0.62444633	0.38173598
1.75799995	-0.84980929	0.37296999
1.75899995	-0.85220844	0.32935530
1.75999995	-0.64960629	0.26799336
1.76099995	-0.26885459	0.19771162
1.76199995	0.14477731	0.14234744
1.76299995	0.52968132	0.11026698
1.76399995	0.77955830	0.11026698
1.76499995	0.85583782	0.14234744
1.76599995	0.72874629	0.19771162
1.76699995	0.41947588	0.26799336
1.76799995	0.00796629	0.32935530
1.76899995	-0.44601992	0.37296999
1.76999995	-0.75304502	0.38173598
1.77099995	-0.86986345	0.35448450
1.77199995	-0.76971579	0.30191928
1.77299995	-0.46524361	0.23163755
1.77399995	-0.07160433	0.16750738
1.77499995	0.35328493	0.11906373
1.77599995	0.67602730	0.10147022
1.77699995	0.84728718	0.11721826
1.77799995	0.81895918	0.16393946
1.77899995	0.59685653	0.23480561
1.77999995	0.22665477	0.30201155
1.78099995	-0.23705094	0.35593012
1.78199995	-0.60817546	0.37921384
1.78299995	-0.83390749	0.36832553
1.78399995	-0.84501106	0.32747909
1.78499995	-0.63859499	0.26264149
1.78599995	-0.29136935	0.19555856
1.78699995	0.14625369	0.13619587
1.78799995	0.52479082	0.10414616
1.78899995	0.78746307	0.10414616
1.78999995	0.85740650	0.13619587
1.79099995	0.72425568	0.19555856
1.79199995	0.42169046	0.26264149
1.79299995	-0.00442913	0.32747909
1.79399995	-0.41313976	0.36847934
1.79499995	-0.74547857	0.37998277
1.79599995	-0.87133980	0.35362327
1.79699995	-0.77328372	0.29306102
1.79799995	-0.48948079	0.22582431
1.79899995	-0.05970103	0.16160187
1.79999995	0.35116264	0.11798720
1.80099995	0.68220967	0.10162401
1.80199995	0.84473425	0.11906373
1.80299995	0.81326896	0.16750738
1.80399995	0.59298104	0.23163755
1.80499995	0.21893455	0.30191928
1.80599995	-0.20733882	0.35448450
1.80699995	-0.62444633	0.38173598
1.80799995	-0.84980929	0.37296999
1.80899995	-0.85220844	0.32935530
1.80999995	-0.64960629	0.26799336
1.81099995	-0.26885459	0.19771162
1.81199995	0.14493111	0.14234744
1.81299995	0.53045028	0.11026698
1.81399995	0.77725148	0.11026698
1.81499995	0.84685653	0.14234744
1.81599995	0.71976501	0.19771162
1.81699995	0.41713828	0.26799336
1.81799995	0.00873524	0.32950911
1.81899995	-0.44586614	0.37370816
1.81999995	-0.75289124	0.37958291
1.82099995	-0.86909449	0.34624138
1.82199995	-0.77202266	0.29060039
1.82299995	-0.47422490	0.22031865
1.82399995	-0.08046260	0.15911049
1.82499995	0.35171628	0.11611097
1.82599995	0.67445868	0.10457677
1.82699995	0.83845967	0.12638411
1.82799995	0.80994707	0.17292076
1.82899995	0.59451896	0.23711245
1.82999995	0.22742371	0.30124262
1.83099995	-0.23689714	0.35577634
1.83199995	-0.60817546	0.37921384
1.83299995	-0.83390749	0.36832553
1.83399995	-0.84501106	0.32747909
1.83499995	-0.63859499	0.26264149
1.83599995	-0.29136935	0.19555856
1.83699995	0.14625369	0.13619587
1.83799995	0.52479082	0.10396162
1.83899995	0.78746307	0.10337722
1.83999995	0.85756028	0.13853346
1.84099995	0.72502458	0.20457062
1.84199995	0.41953740	0.27165353
1.84299995	-0.01264149	0.32978591
1.84399995	-0.42442790	0.36771038
1.84499995	-0.75676674	0.37982899
1.84599995	-0.87955219	0.35362327
1.84699995	-0.77543676	0.29306102
1.84799995	-0.48871186	0.22582431
1.84899995	-0.05954725	0.16160187
1.84999995	0.35116264	0.11798720
1.85099995	0.68220967	0.10162401
1.85199995	0.84488803	0.11906373
1.85299995	0.81403792	0.16750738
1.85399995	0.59052044	0.23163755
1.85499995	0.20918430	0.30191928
1.85599995	-0.21401329	0.35448450
1.85699995	-0.61774117	0.38173598
1.85799995	-0.83990526	0.37296999
1.85899995	-0.84897882	0.32935530
1.85999995	-0.65268207	0.26799336
1.86099995	-0.27798966	0.19771162
1.86199995	0.13594981	0.14234744
1.86299995	0.52814347	0.11026698
1.86399995	0.77786660	0.11026698
1.86499995	0.84624135	0.14234744
1.86599995	0.72207183	0.19771162
1.86699995	0.42615035	0.26799336
1.86799995	0.01774729	0.32935530
1.86899995	-0.44352853	0.37296999
1.86999995	-0.75366020	0.38173598
1.87099995	-0.86924827	0.35448450
1.87199995	-0.77202266	0.30191928
1.87299995	-0.47422490	0.23163755
1.87399995	-0.08061638	0.16750738
1.87499995	0.35094735	0.11906373
1.87599995	0.67679626	0.10147022
1.87699995	0.84744096	0.11721826
1.87799995	0.81895918	0.16393946
1.87899995	0.59685653	0.23480561
1.87999995	0.22665477	0.30201155
1.88099995	-0.23705094	0.35593012
1.88199995	-0.60817546	0.37921384
1.88299995	-0.83390749	0.36832553
1.88399995	-0.84516484	0.32747909
1.88499995	-0.63936394	0.26264149
1.88599995	-0.28903174	0.19555856
1.88699995	0.15523499	0.13619587
1.88799995	0.53374141	0.10396162
1.88899995	0.78976995	0.10337722
1.88999995	0.85663754	0.13837968
1.89099995	0.72410184	0.20380168
1.89199995	0.42169046	0.27396038
1.89299995	-0.00442913	0.33879799
1.89399995	-0.41313976	0.37656865
1.89499995	-0.74547857	0.38136688
1.89599995	-0.87133980	0.35516116
1.89699995	-0.77328372	0.30185777
1.89799995	-0.48948079	0.23480561
1.89899995	-0.05970103	0.16393946
1.89999995	0.35116264	0.11721826
1.90099995	0.68220967	0.10147022
1.90199995	0.84473425	0.11906373
1.90299995	0.81326896	0.16750738
1.90399995	0.59282726	0.23163755
1.90499995	0.21816561	0.30191928
1.90599995	-0.20503199	0.35463828
1.90699995	-0.61543429	0.38250491
1.90799995	-0.84082800	0.37063238
1.90899995	-0.84987080	0.32034326
1.90999995	-0.65052903	0.25898129
1.91099995	-0.26977730	0.19537401
1.91199995	0.14723794	0.14311638
1.91299995	0.53946233	0.11042077
1.91399995	0.78607899	0.11026698
1.91499995	0.84839445	0.14234744
1.91599995	0.72130293	0.19786540
1.91699995	0.42599654	0.26873153
1.91799995	0.01774729	0.32701772
1.91899995	-0.44352853	0.36395791
1.91999995	-0.75381398	0.37290847
1.92099995	-0.87001723	0.35291585
1.92199995	-0.76971579	0.30035064
1.92299995	-0.46524361	0.22281004
1.92399995	-0.07145054	0.15837230
1.92499995	0.35405388	0.11595719
1.92599995	0.67368972	0.10457677
1.92699995	0.83830583	0.12638411
1.92799995	0.80994707	0.17292076
1.92899995	0.59451896	0.23711245
1.92999995	0.22742371	0.30124262
1.93099995	-0.23689714	0.35577634
1.93199995	-0.60817546	0.37921384
1.93299995	-0.83390749	0.36832553
1.93399995	-0.84501106	0.32747909
1.93499995	-0.63859499	0.26264149
1.93599995	-0.29136935	0.19555856
1.93699995	0.14625369	0.13619587
1.93799995	0.52479082	0.10414616
1.93899995	0.78746307	0.10414616
1.93999995	0.85756028	0.13619587
1.94099995	0.72502458	0.19555856
1.94199995	0.41938362	0.26264149
1.94299995	-0.01337968	0.32747909
1.94399995	-0.42227486	0.36832553
1.94499995	-0.74855435	0.37921384
1.94599995	-0.86811024	0.35593012
1.94699995	-0.76334894	0.30201155
1.94799995	-0.48280635	0.23480561
1.94899995	-0.06640625	0.16393946
1.94999995	0.34138164	0.11721826
1.95099995	0.67974901	0.10147022
1.95199995	0.84565699	0.11906373
1.95299994	0.81419170	0.16750738
1.95399994	0.59052044	0.23163755
1.95499994	0.20918430	0.30191928
1.95599994	-0.21401329	0.35448450
1.95699994	-0.61774117	0.38173598
1.95799994	-0.84005904	0.37312376
1.95899994	-0.84971702	0.33012426
1.95999994	-0.65052903	0.26565576
1.96099994	-0.26977730	0.18873031
1.96199994	0.14708415	0.13336614
1.96299994	0.53869343	0.10796013
1.96399994	0.78857034	0.11103593
1.96499994	0.85817546	0.14250124
1.96599994	0.72797734	0.19771162
1.96699994	0.41932210	0.26799336
1.96799994	0.00796629	0.32935530
1.96899994	-0.44601992	0.37296999
1.96999994	-0.75289124	0.38173598
1.97099994	-0.86909449	0.35448450
1.97199994	-0.77202266	0.30191928
1.97299994	-0.47422490	0.23163755
1.97399994	-0.08061638	0.16750738
1.97499994	0.35094735	0.11906373
1.97599994	0.67679626	0.10147022
1.97699994	0.84744096	0.11721826
1.97799994	0.81895918	0.16393946
1.97899994	0.59685653	0.23480561
1.97999994	0.22665477	0.30201155
1.98099994	-0.23705094	0.35593012
1.98199994	-0.60817546	0.37921384
1.98299994	-0.83390749	0.36832553
1.98399994	-0.84501106	0.32747909
1.98499994	-0.63859499	0.26264149
1.98599994	-0.29136935	0.19555856
1.98699994	0.14625369	0.13619587
1.98799994	0.52479082	0.10414616
1.98899994	0.78746307	0.10414616
1.98999994	0.85756028	0.13619587
1.99099994	0.72502458	0.19555856
1.99199994	0.41938362	0.26264149
1.99299994	-0.01337968	0.32747909
1.99399994	-0.42212105	0.36832553
1.99499994	-0.74778545	0.37921384
1.99599994	-0.87057084	0.35593012
1.99699994	-0.77312994	0.30201155
1.99799994	-0.48948079	0.23480561
1.99899994	-0.05970103	0.16393946
1.99999994	0.35116264	0.11721826
2.00099994	0.68220967	0.10147022
2.00199994	0.84473425	0.11906373
2.00299994	0.81326896	0.16750738
