Time	Channel A	Channel B
(us)	(V)	(V)

-0.00400000	0.28549460	0.29133859
-0.00300000	-0.17150590	0.34402683
-0.00200000	-0.55696356	0.37303150
-0.00100000	-0.81542200	0.37361589
0.00000000	-0.86503446	0.34171999
0.00100000	-0.69860357	0.28235728
0.00200000	-0.36552659	0.21512057
0.00300000	0.08664493	0.14969857
0.00400000	0.47994587	0.11174335
0.00500000	0.75590551	0.10691437
0.00600000	0.85159326	0.13327387
0.00700000	0.75175321	0.18719243
0.00800000	0.47290230	0.25132260
0.00900000	0.05828617	0.31616017
0.01000000	-0.35934424	0.35992864
0.01100000	-0.72013408	0.37629184
0.01200000	-0.87512302	0.35869834
0.01300000	-0.80247295	0.30963951
0.01400000	-0.54195374	0.24858513
0.01500000	-0.12973671	0.18500862
0.01600000	0.28389516	0.13228962
0.01700000	0.63733393	0.09771776
0.01800000	0.82914001	0.10636073
0.01900000	0.82975519	0.15664986
0.02000000	0.63548845	0.22108760
0.02100000	0.27718997	0.29075417
0.02200000	-0.14585383	0.34608760
0.02300000	-0.57200420	0.37881398
0.02400000	-0.82664859	0.37589198
0.02500000	-0.87447709	0.33772147
0.02600000	-0.70438606	0.27946603
0.02700000	-0.33938238	0.20976870
0.02800000	0.07781742	0.14840674
0.02900000	0.48634350	0.10420768
0.03000000	0.75919658	0.09848671
0.03100000	0.85359251	0.13244340
0.03200000	0.75547493	0.18500862
0.03300000	0.48132998	0.24858513
0.03400000	0.08200049	0.30963951
0.03500000	-0.38351992	0.35869834
0.03600000	-0.71702754	0.37644562
0.03700000	-0.87198573	0.36069760
0.03800000	-0.80696356	0.31397638
0.03900000	-0.52971208	0.24311024
0.04000000	-0.14443898	0.17590427
0.04100000	0.29318404	0.12198573
0.04200000	0.63333535	0.09870202
0.04300000	0.82397270	0.10959031
0.04400000	0.82443404	0.15028298
0.04500000	0.63564223	0.21450542
0.04600000	0.28641734	0.28466412
0.04700000	-0.17061393	0.35067052
0.04800000	-0.55945498	0.38275099
0.04900000	-0.82520300	0.37610728
0.05000000	-0.87155509	0.34095103
0.05100000	-0.69116020	0.28220350
0.05200000	-0.35823697	0.21512057
0.05300000	0.07938607	0.14969857
0.05400000	0.47237942	0.11174335
0.05500000	0.76168799	0.10691437
0.05600000	0.86365032	0.13312007
0.05700000	0.76319510	0.18642348
0.05800000	0.48111466	0.25347564
0.05900000	0.06046998	0.32437253
0.06000000	-0.36011317	0.37124753
0.06100000	-0.72028792	0.38761073
0.06200000	-0.87512302	0.36709523
0.06300000	-0.80247295	0.31256151
0.06400000	-0.54195374	0.24535556
0.06500000	-0.12973671	0.17507382
0.06600000	0.28389516	0.12561515
0.06700000	0.63733393	0.10442298
0.06800000	0.82914001	0.11611097
0.06900000	0.82975519	0.15911049
0.07000000	0.63548845	0.22031865
0.07100000	0.27718997	0.29060039
0.07200000	-0.14600763	0.34608760
0.07300000	-0.57277310	0.37881398
0.07400000	-0.82434177	0.37589198
0.07500000	-0.86546504	0.33772147
0.07600000	-0.69525099	0.27928150
0.07700000	-0.33627585	0.20903051
0.07800000	0.07474163	0.15074433
0.07900000	0.47723916	0.11318897
0.08000000	0.75036907	0.10734498
0.08100000	0.85205460	0.13398130
0.08200000	0.75406003	0.18639271
0.08300000	0.47327140	0.25667447
0.08400000	0.07071235	0.32095841
0.08500000	-0.39480808	0.37001723
0.08600000	-0.72523993	0.38465798
0.08700000	-0.87413877	0.36285064
0.08800000	-0.80619460	0.31323817
0.08900000	-0.52955830	0.24295644
0.09000000	-0.14459276	0.17590427
0.09100000	0.29241511	0.12198573
0.09200000	0.63567299	0.09854823
0.09300000	0.83298475	0.10882135
0.09400000	0.83344609	0.15277436
0.09500000	0.63794905	0.22428642
0.09600000	0.28549460	0.29133859
0.09700000	-0.17150590	0.34402683
0.09800000	-0.55711734	0.37303150
0.09900000	-0.81619096	0.37361589
0.10000000	-0.86272758	0.34171999
0.10100000	-0.68962228	0.28235728
0.10200000	-0.35654527	0.21512057
0.10300000	0.08895177	0.14969857
0.10400000	0.47917691	0.11174335
0.10500000	0.75575173	0.10691437
0.10600000	0.85174704	0.13327387
0.10700000	0.75252217	0.18719243
0.10800000	0.47044167	0.25116879
0.10900000	0.04856668	0.31539124
0.11000000	-0.36586490	0.36226624
0.11100000	-0.71272147	0.38527313
0.11200000	-0.86771035	0.36786416
0.11300000	-0.80899358	0.31271529
0.11400000	-0.55170399	0.24550936
0.11500000	-0.13222811	0.17584276
0.11600000	0.28466412	0.12327756
0.11700000	0.63751847	0.09541093
0.11800000	0.82898623	0.10712968
0.11900000	0.82898623	0.15680364
0.12000000	0.63782603	0.22108760
0.12100000	0.28620201	0.29075417
0.12200000	-0.13699557	0.34608760
0.12300000	-0.57043552	0.37881398
0.12400000	-0.82511073	0.37589198
0.12500000	-0.86561882	0.33772147
0.12600000	-0.69525099	0.27928150
0.12700000	-0.33627585	0.20903051
0.12800000	0.07474163	0.15074433
0.12900000	0.47723916	0.11318897
0.13000000	0.75036907	0.10734498
0.13100000	0.85205460	0.13398130
0.13200000	0.75390625	0.18639271
0.13300000	0.47250247	0.25667447
0.13400000	0.07304995	0.32095841
0.13500000	-0.38582677	0.37001723
0.13600000	-0.71628934	0.38465798
0.13700000	-0.87180120	0.36285064
0.13800000	-0.80696356	0.31308439
0.13900000	-0.52971208	0.24218750
0.14000000	-0.14459276	0.17821112
0.14100000	0.29241511	0.13096702
0.14200000	0.63567299	0.10752953
0.14300000	0.83298475	0.11112820
0.14400000	0.83344609	0.15200542
0.14500000	0.63794905	0.22413263
0.14600000	0.28549460	0.29133859
0.14700000	-0.17150590	0.34402683
0.14800000	-0.55711734	0.37318528
0.14900000	-0.81619096	0.37438485
0.15000000	-0.86257380	0.33938238
0.15100000	-0.68885332	0.27334523
0.15200000	-0.35885212	0.20610851
0.15300000	0.08000123	0.14736098
0.15400000	0.47004184	0.11266609
0.15500000	0.75267595	0.10783710
0.15600000	0.85466903	0.13081324
0.15700000	0.76085752	0.17744218
0.15800000	0.48188362	0.24467888
0.15900000	0.06062377	0.32283464
0.16000000	-0.36011317	0.36986342
0.16100000	-0.72028792	0.37952140
0.16200000	-0.87512302	0.35577634
0.16300000	-0.80247295	0.30124262
0.16400000	-0.54195374	0.23711245
0.16500000	-0.12973671	0.17292076
0.16600000	0.28389516	0.12638411
0.16700000	0.63733393	0.10457677
0.16800000	0.82914001	0.11611097
0.16900000	0.82975519	0.15911049
0.17000000	0.63548845	0.22031865
0.17100000	0.27718997	0.29060039
0.17200000	-0.14600763	0.34608760
0.17300000	-0.57277310	0.37881398
0.17400000	-0.82434177	0.37589198
0.17500000	-0.86546504	0.33772147
0.17600000	-0.69525099	0.27946603
0.17700000	-0.33627585	0.20976870
0.17800000	0.07474163	0.14840674
0.17900000	0.47723916	0.10420768
0.18000000	0.75036907	0.09833292
0.18100000	0.85205460	0.13167445
0.18200000	0.75390625	0.18716167
0.18300000	0.47250247	0.25682825
0.18400000	0.07304995	0.32111222
0.18499999	-0.38582677	0.37078616
0.18599999	-0.71628934	0.38235113
0.18699999	-0.87180120	0.35386935
0.18799999	-0.80696356	0.30422613
0.18899999	-0.52971208	0.24064961
0.18999999	-0.14459276	0.17667323
0.19099999	0.29241511	0.12213952
0.19199999	0.63567299	0.09854823
0.19299999	0.83298475	0.10882135
0.19399999	0.83344609	0.15277436
0.19499999	0.63794905	0.22428642
0.19599999	0.28549460	0.29133859
0.19699999	-0.17150590	0.34402683
0.19799999	-0.55711734	0.37303150
0.19899999	-0.81619096	0.37361589
0.19999999	-0.86272758	0.34171999
0.20099999	-0.68962228	0.28235728
0.20199999	-0.35669905	0.21527436
0.20299999	0.08818282	0.15043676
0.20399999	0.48151451	0.10943651
0.20499999	0.76476377	0.09793307
0.20599999	0.86057454	0.12429257
0.20699999	0.75406003	0.18485482
0.20799999	0.47213337	0.25209153
0.20899999	0.05813238	0.31631398
0.20999999	-0.35934424	0.35992864
0.21099999	-0.72013408	0.37629184
0.21199999	-0.87512302	0.35885212
0.21299999	-0.80247295	0.31040847
0.21399999	-0.54195374	0.24627830
0.21499999	-0.12973671	0.17599656
0.21599999	0.28389516	0.12327756
0.21699999	0.63733393	0.09541093
0.21799999	0.82914001	0.10712968
0.21899999	0.82975519	0.15680364
0.21999999	0.63548845	0.22108760
0.22099999	0.27718997	0.29075417
0.22199999	-0.14600763	0.34608760
0.22299999	-0.57277310	0.37881398
0.22399999	-0.82434177	0.37589198
0.22499999	-0.86546504	0.33772147
0.22599999	-0.69525099	0.27928150
0.22699999	-0.33627585	0.20903051
0.22799999	0.07474163	0.15074433
0.22899999	0.47723916	0.11318897
0.22999999	0.75021529	0.10734498
0.23099999	0.85128570	0.13398130
0.23199999	0.75621307	0.18654650
0.23299999	0.48148376	0.25744340
0.23399999	0.08200049	0.31862080
0.23499999	-0.38351992	0.36103591
0.23599999	-0.71702754	0.37567666
0.23699999	-0.87198573	0.36054379
0.23799999	-0.80696356	0.31397638
0.23899999	-0.52971208	0.24311024
0.23999999	-0.14459276	0.17590427
0.24099999	0.29241511	0.12198573
0.24199999	0.63567299	0.09854823
0.24299999	0.83298475	0.10882135
0.24399999	0.83344609	0.15277436
0.24499999	0.63794905	0.22428642
0.24599999	0.28549460	0.29133859
0.24699999	-0.17150590	0.34402683
0.24799999	-0.55711734	0.37303150
0.24899999	-0.81619096	0.37361589
0.24999999	-0.86257380	0.34171999
0.25099999	-0.68885332	0.28235728
0.25199999	-0.35885212	0.21512057
0.25299999	0.08000123	0.14969857
0.25399999	0.47019562	0.11174335
0.25499999	0.75344485	0.10691437
0.25599999	0.85236222	0.13312007
0.25699999	0.75190699	0.18642348
0.25799999	0.47290230	0.25362942
0.25899999	0.05828617	0.32514149
0.25999999	-0.35934424	0.36894071
0.26099999	-0.72013408	0.37859866
0.26199999	-0.87512302	0.35808316
0.26299999	-0.80247295	0.31025466
0.26399999	-0.54195374	0.24612451
0.26499999	-0.12973671	0.17525837
0.26599999	0.28389516	0.12561515
0.26699999	0.63733393	0.10442298
0.26799999	0.82914001	0.11611097
0.26899999	0.82975519	0.15911049
0.26999999	0.63548845	0.22031865
0.27099999	0.27718997	0.29060039
0.27199999	-0.14600763	0.34608760
0.27299999	-0.57277310	0.37881398
0.27399999	-0.82434177	0.37589198
0.27499999	-0.86546504	0.33772147
0.27599999	-0.69525099	0.27946603
0.27699999	-0.33627585	0.20976870
0.27799999	0.07474163	0.14840674
0.27899999	0.47723916	0.10420768
0.27999999	0.75036907	0.09833292
0.28099999	0.85205460	0.13167445
0.28199999	0.75390625	0.18716167
0.28299999	0.47250247	0.25682825
0.28399999	0.07304995	0.32095841
0.28499999	-0.38582677	0.37001723
0.28599999	-0.71628934	0.38465798
0.28699999	-0.87180120	0.36285064
0.28799999	-0.80696356	0.31323817
0.28899999	-0.52971208	0.24295644
0.28999999	-0.14459276	0.17590427
0.29099999	0.29241511	0.12198573
0.29199999	0.63567299	0.09870202
0.29299999	0.83298475	0.10959031
0.29399999	0.83344609	0.15043676
0.29499999	0.63794905	0.21527436
0.29599999	0.28549460	0.28235728
0.29699999	-0.17150590	0.34171999
0.29799999	-0.55711734	0.37376967
0.29899999	-0.81619096	0.37376967
0.29999999	-0.86257380	0.34171999
0.30099999	-0.68885332	0.28235728
0.30199999	-0.35885212	0.21527436
0.30299999	0.08000123	0.15043676
0.30399999	0.47019562	0.10943651
0.30499999	0.75344485	0.09793307
0.30599999	0.85236222	0.12413878
0.30699999	0.75190699	0.18411663
0.30799999	0.47290230	0.25439838
0.30899999	0.05828617	0.32529527
0.30999999	-0.35919046	0.36894071
0.31099999	-0.71936518	0.37859866
0.31199999	-0.87742984	0.35808316
0.31299999	-0.81145424	0.31025466
0.31399999	-0.55093503	0.24612451
0.31499999	-0.13207431	0.17525837
0.31599999	0.28466412	0.12561515
0.31699999	0.63751847	0.10442298
0.31799999	0.82898623	0.11611097
0.31899999	0.82898623	0.15911049
0.31999999	0.63782603	0.22031865
0.32099999	0.28620201	0.29060039
0.32199999	-0.13699557	0.34608760
0.32299999	-0.57043552	0.37881398
0.32399999	-0.82511073	0.37589198
0.32499999	-0.86561882	0.33772147
0.32599999	-0.69525099	0.27928150
0.32699999	-0.33627585	0.20903051
0.32799999	0.07474163	0.15074433
0.32899999	0.47723916	0.11318897
0.32999999	0.75021529	0.10734498
0.33099999	0.85128570	0.13398130
0.33199999	0.75621307	0.18639271
0.33299999	0.48148376	0.25667447
0.33399999	0.08200049	0.32095841
0.33499999	-0.38351992	0.37001723
0.33599999	-0.71702754	0.38465798
0.33699999	-0.87198573	0.36285064
0.33799999	-0.80696356	0.31323817
0.33899999	-0.52971208	0.24295644
0.33999999	-0.14459276	0.17590427
0.34099999	0.29241511	0.12198573
0.34199999	0.63567299	0.09854823
0.34299999	0.83298475	0.10882135
0.34399999	0.83344609	0.15277436
0.34499999	0.63794905	0.22428642
0.34599999	0.28549460	0.29133859
0.34699999	-0.17150590	0.34402683
0.34799999	-0.55711734	0.37318528
0.34899999	-0.81619096	0.37438485
0.34999999	-0.86272758	0.33938238
0.35099999	-0.68962228	0.27334523
0.35199999	-0.35669905	0.20626231
0.35299999	0.08818282	0.14812993
0.35399999	0.48136073	0.11020546
0.35499999	0.76399481	0.09808686
0.35599999	0.86306596	0.12429257
0.35699999	0.76381028	0.18485482
0.35799999	0.47880784	0.25193775
0.35899999	0.05148868	0.31554502
0.35999999	-0.36909449	0.36226624
0.36099999	-0.72259474	0.38527313
0.36199999	-0.87435406	0.36786416
0.36299999	-0.80231917	0.31271529
0.36399999	-0.54195374	0.24535556
0.36499999	-0.12973671	0.17507382
0.36599999	0.28389516	0.12561515
0.36699999	0.63733393	0.10442298
0.36799999	0.82914001	0.11611097
0.36899999	0.82975519	0.15911049
0.36999999	0.63548845	0.22031865
0.37099999	0.27718997	0.29060039
0.37199999	-0.14600763	0.34608760
0.37299999	-0.57277310	0.37881398
0.37399999	-0.82418799	0.37589198
0.37499999	-0.86472684	0.33772147
0.37599999	-0.69755781	0.27928150
0.37699999	-0.34525713	0.20903051
0.37799999	0.06576034	0.15074433
0.37899999	0.47490159	0.11318897
0.37999999	0.75113803	0.10734498
0.38099999	0.85220844	0.13398130
0.38199999	0.75390625	0.18654650
0.38299999	0.47250247	0.25744340
0.38399999	0.07304995	0.31862080
0.38499999	-0.38582677	0.36103591
0.38599999	-0.71628934	0.37567666
0.38699999	-0.87180120	0.36054379
0.38799999	-0.80696356	0.31397638
0.38899999	-0.52971208	0.24311024
0.38999999	-0.14459276	0.17590427
0.39099999	0.29241511	0.12198573
0.39199999	0.63582677	0.09854823
0.39299999	0.83375371	0.10882135
0.39399999	0.83110851	0.15262057
0.39499999	0.62896776	0.22351746
0.39599999	0.27648252	0.29364541
0.39699999	-0.17384350	0.35300812
0.39799999	-0.55634844	0.38198203
0.39899999	-0.81603718	0.37595350
0.39999999	-0.86272758	0.34095103
0.40099999	-0.68962228	0.28220350
0.40199999	-0.35654527	0.21512057
0.40299999	0.08895177	0.14969857
0.40399999	0.47917691	0.11174335
0.40499999	0.75575173	0.10691437
0.40599999	0.85159326	0.13312007
0.40699999	0.75175321	0.18642348
0.40799999	0.47290230	0.25362942
0.40899999	0.05828617	0.32514149
0.40999999	-0.35919046	0.36894071
0.41099999	-0.71936518	0.37859866
0.41199999	-0.87742984	0.35808316
0.41299999	-0.81145424	0.31025466
0.41399999	-0.55093503	0.24612451
0.41499999	-0.13207431	0.17525837
0.41599999	0.28466412	0.12561515
0.41699999	0.63751847	0.10442298
0.41799999	0.82898623	0.11611097
0.41899999	0.82898623	0.15911049
0.41999999	0.63782603	0.22031865
0.42099999	0.28620201	0.29060039
0.42199999	-0.13699557	0.34608760
0.42299999	-0.57043552	0.37881398
0.42399999	-0.82511073	0.37589198
0.42499999	-0.86561882	0.33772147
0.42599999	-0.69525099	0.27928150
0.42699999	-0.33627585	0.20903051
0.42799999	0.07474163	0.15074433
0.42899999	0.47723916	0.11318897
0.42999999	0.75021529	0.10734498
0.43099999	0.85128570	0.13398130
0.43199999	0.75639766	0.18639271
0.43299999	0.48225272	0.25667447
0.43399999	0.07969365	0.32095841
0.43499999	-0.39247048	0.37001723
0.43599999	-0.72616267	0.38465798
0.43699999	-0.87506151	0.36285064
0.43799999	-0.80385703	0.31323817
0.43899999	-0.52057701	0.24295644
0.43999999	-0.13542692	0.17575049
0.44099999	0.29552165	0.12121678
0.44199999	0.63256645	0.10100885
0.44299999	0.82381892	0.11860237
0.44399999	0.82443404	0.15929502
0.44499999	0.63564223	0.21684301
0.44599999	0.28641734	0.28389516
0.44699999	-0.17061393	0.35051674
0.44799999	-0.55945498	0.38290477
0.44899999	-0.82520300	0.37687624
0.44999999	-0.87170893	0.33864421
0.45099999	-0.69192910	0.27319142
0.45199999	-0.35577634	0.20610851
0.45299999	0.08910556	0.14736098
0.45399999	0.47917691	0.11251231
0.45499999	0.75575173	0.10706816
0.45599999	0.85159326	0.13312007
0.45699999	0.75175321	0.18642348
0.45799999	0.47290230	0.25362942
0.45899999	0.05828617	0.32514149
0.45999999	-0.35934424	0.36894071
0.46099999	-0.72013408	0.37859866
0.46199999	-0.87512302	0.35808316
0.46299999	-0.80247295	0.31025466
0.46399999	-0.54195374	0.24612451
0.46499999	-0.12973671	0.17525837
0.46599999	0.28389516	0.12576894
0.46699999	0.63733393	0.10516117
0.46799999	0.82914001	0.11380413
0.46899999	0.82975519	0.15012918
0.46999999	0.63548845	0.21133736
0.47099999	0.27718997	0.28826278
0.47199999	-0.14600763	0.34685653
0.47299999	-0.57277310	0.37896776
0.47399999	-0.82434177	0.37589198
0.47499999	-0.86546504	0.33772147
0.47599999	-0.69525099	0.27946603
0.47699999	-0.33627585	0.20976870
0.47799999	0.07474163	0.14840674
0.47899999	0.47723916	0.10420768
0.47999999	0.75036907	0.09833292
0.48099999	0.85205460	0.13167445
0.48199999	0.75390625	0.18716167
0.48299999	0.47250247	0.25682825
0.48399999	0.07289616	0.32111222
0.48499999	-0.38659573	0.37078616
0.48599999	-0.71395177	0.38235113
0.48699999	-0.86285067	0.35386935
0.48799999	-0.79798228	0.30422613
0.48899999	-0.52740526	0.24064961
0.48999999	-0.14533095	0.17667323
0.49099999	0.29226133	0.12213952
0.49199999	0.63567299	0.09854823
0.49299999	0.83298475	0.10882135
0.49399999	0.83344609	0.15277436
0.49499999	0.63794905	0.22428642
0.49599999	0.28549460	0.29133859
0.49699999	-0.17150590	0.34402683
0.49799999	-0.55711734	0.37318528
0.49899999	-0.81619096	0.37438485
0.49999999	-0.86257380	0.33938238
0.50099999	-0.68885332	0.27334523
0.50199999	-0.35900590	0.20610851
0.50299999	0.07923228	0.14736098
0.50399999	0.47253323	0.11251231
0.50499999	0.76245695	0.10706816
0.50599999	0.86134350	0.13312007
0.50699999	0.75421381	0.18642348
0.50799999	0.47197959	0.25362942
0.50899999	0.05736344	0.32514149
0.50999999	-0.35703740	0.36894071
0.51099999	-0.71115279	0.37859866
0.51199999	-0.86614174	0.35808316
0.51299999	-0.80013531	0.31025466
0.51399999	-0.54272270	0.24627830
0.51499999	-0.12989050	0.17599656
0.51599999	0.28389516	0.12327756
0.51699999	0.63733393	0.09541093
0.51799999	0.82914001	0.10712968
0.51899999	0.82975519	0.15680364
0.51999999	0.63548845	0.22108760
0.52099999	0.27718997	0.29075417
0.52199999	-0.14600763	0.34608760
0.52299999	-0.57277310	0.37881398
0.52399999	-0.82434177	0.37589198
0.52499999	-0.86546504	0.33772147
0.52599999	-0.69540477	0.27946603
0.52699999	-0.33704478	0.20976870
0.52799999	0.07704847	0.14840674
0.52899999	0.48618972	0.10420768
0.52999999	0.75919658	0.09833292
0.53099999	0.85359251	0.13167445
0.53199999	0.75562871	0.18731545
0.53299999	0.48209891	0.25759721
0.53399999	0.07969365	0.31862080
0.53499999	-0.39247048	0.36103591
0.53599999	-0.72600883	0.37567666
0.53699999	-0.87429255	0.36054379
0.53799999	-0.80619460	0.31397638
0.53899998	-0.52955830	0.24311024
0.53999998	-0.14459276	0.17575049
0.54099998	0.29241511	0.12121678
0.54199998	0.63567299	0.10085507
0.54299998	0.83298475	0.11783341
0.54399998	0.83344609	0.16175567
0.54499998	0.63794905	0.22659326
0.54599998	0.28549460	0.29056963
0.54699998	-0.17150590	0.34387302
0.54799998	-0.55711734	0.37318528
0.54899998	-0.81619096	0.37438485
0.54999998	-0.86257380	0.33938238
0.55099998	-0.68885332	0.27334523
0.55199998	-0.35900590	0.20610851
0.55299998	0.07923228	0.14736098
0.55399998	0.47253323	0.11251231
0.55499998	0.76245695	0.10706816
0.55599998	0.86134350	0.13327387
0.55699998	0.75421381	0.18719243
0.55799998	0.47213337	0.25132260
0.55899998	0.05813238	0.31616017
0.55999998	-0.35934424	0.35992864
0.56099998	-0.72013408	0.37629184
0.56199998	-0.87496924	0.35885212
0.56299998	-0.80170399	0.31040847
0.56399998	-0.54426056	0.24612451
0.56499998	-0.13874876	0.17525837
0.56599998	0.27488312	0.12561515
0.56699998	0.63502705	0.10442298
0.56799998	0.82990897	0.11611097
0.56899998	0.82990897	0.15911049
0.56999998	0.63548845	0.22031865
0.57099998	0.27718997	0.29060039
0.57199998	-0.14600763	0.34608760
0.57299998	-0.57277310	0.37881398
0.57399998	-0.82434177	0.37589198
0.57499998	-0.86546504	0.33772147
0.57599998	-0.69525099	0.27946603
0.57699998	-0.33627585	0.20976870
0.57799998	0.07474163	0.14840674
0.57899998	0.47723916	0.10420768
0.57999998	0.75036907	0.09833292
0.58099998	0.85205460	0.13167445
0.58199998	0.75390625	0.18716167
0.58299998	0.47250247	0.25682825
0.58399998	0.07304995	0.32111222
0.58499998	-0.38582677	0.37078616
0.58599998	-0.71628934	0.38235113
0.58699998	-0.87180120	0.35386935
0.58799998	-0.80696356	0.30422613
0.58899998	-0.52971208	0.24064961
0.58999998	-0.14459276	0.17667323
0.59099998	0.29241511	0.12213952
0.59199998	0.63567299	0.09854823
0.59299998	0.83298475	0.10882135
0.59399998	0.83344609	0.15277436
0.59499998	0.63794905	0.22428642
0.59599998	0.28549460	0.29133859
0.59699998	-0.17150590	0.34402683
0.59799998	-0.55711734	0.37303150
0.59899998	-0.81619096	0.37361589
0.59999998	-0.86272758	0.34171999
0.60099998	-0.68962228	0.28235728
0.60199998	-0.35669905	0.21512057
0.60299998	0.08818282	0.14969857
0.60399998	0.48151451	0.11174335
0.60499998	0.76476377	0.10691437
0.60599998	0.86057454	0.13327387
0.60699998	0.75406003	0.18719243
0.60799998	0.47213337	0.25132260
0.60899998	0.05813238	0.31616017
0.60999998	-0.35934424	0.35992864
0.61099998	-0.72013408	0.37629184
0.61199998	-0.87512302	0.35885212
0.61299998	-0.80247295	0.31040847
0.61399998	-0.54195374	0.24612451
0.61499998	-0.12973671	0.17525837
0.61599998	0.28404897	0.12561515
0.61699998	0.63810283	0.10442298
0.61799998	0.82667935	0.11611097
0.61899998	0.82000494	0.15911049
0.61999998	0.62884474	0.22031865
0.62099998	0.28386441	0.29060039
0.62199998	-0.13622662	0.34608760
0.62299998	-0.57028174	0.37881398
0.62399998	-0.82511073	0.37589198
0.62499998	-0.86561882	0.33772147
0.62599998	-0.69525099	0.27928150
0.62699998	-0.33627585	0.20903051
0.62799998	0.07474163	0.15074433
0.62899998	0.47723916	0.11318897
0.62999998	0.75021529	0.10749877
0.63099998	0.85128570	0.13475025
0.63199998	0.75639766	0.18408588
0.63299998	0.48225272	0.24766240
0.63399998	0.07969365	0.31210014
0.63499998	-0.39247048	0.36847934
0.63599998	-0.72600883	0.38312009
0.63699998	-0.87429255	0.35402313
0.63799998	-0.80619460	0.30422613
0.63899998	-0.52955830	0.24064961
0.63999998	-0.14459276	0.17667323
0.64099998	0.29241511	0.12213952
0.64199998	0.63567299	0.09870202
0.64299998	0.83298475	0.10959031
0.64399998	0.83344609	0.15043676
0.64499998	0.63794905	0.21527436
0.64599998	0.28549460	0.28235728
0.64699998	-0.17150590	0.34171999
0.64799998	-0.55711734	0.37395424
0.64899998	-0.81619096	0.37453863
0.64999998	-0.86257380	0.33938238
0.65099998	-0.68885332	0.27334523
0.65199998	-0.35885212	0.20610851
0.65299998	0.08000123	0.14736098
0.65399998	0.47019562	0.11251231
0.65499998	0.75344485	0.10706816
0.65599998	0.85236222	0.13327387
0.65699998	0.75190699	0.18719243
0.65799998	0.47290230	0.25132260
0.65899998	0.05828617	0.31616017
0.65999998	-0.35934424	0.35992864
0.66099998	-0.72013408	0.37629184
0.66199998	-0.87512302	0.35885212
0.66299998	-0.80247295	0.31040847
0.66399998	-0.54195374	0.24612451
0.66499998	-0.12973671	0.17525837
0.66599998	0.28389516	0.12561515
0.66699998	0.63733393	0.10442298
0.66799998	0.82914001	0.11611097
0.66899998	0.82975519	0.15911049
0.66999998	0.63548845	0.22031865
0.67099998	0.27718997	0.29060039
0.67199998	-0.14600763	0.34608760
0.67299998	-0.57277310	0.37881398
0.67399998	-0.82434177	0.37589198
0.67499998	-0.86546504	0.33772147
0.67599998	-0.69525099	0.27928150
0.67699998	-0.33627585	0.20903051
0.67799998	0.07474163	0.15074433
0.67899998	0.47723916	0.11318897
0.67999998	0.75021529	0.10734498
0.68099998	0.85128570	0.13398130
0.68199998	0.75621307	0.18639271
0.68299998	0.48148376	0.25667447
0.68399998	0.08184670	0.32095841
0.68499998	-0.38425812	0.37001723
0.68599998	-0.71472073	0.38465798
0.68699998	-0.86300445	0.36285064
0.68799998	-0.79798228	0.31323817
0.68899998	-0.52740526	0.24295644
0.68999998	-0.14533095	0.17575049
0.69099998	0.29226133	0.12121678
0.69199998	0.63567299	0.10085507
0.69299998	0.83298475	0.11783341
0.69399998	0.83344609	0.16175567
0.69499998	0.63794905	0.22659326
0.69599998	0.28549460	0.29056963
0.69699998	-0.17150590	0.34387302
0.69799998	-0.55711734	0.37303150
0.69899998	-0.81619096	0.37361589
0.69999998	-0.86272758	0.34171999
0.70099998	-0.68962228	0.28235728
0.70199998	-0.35669905	0.21527436
0.70299998	0.08818282	0.15043676
0.70399998	0.48151451	0.10943651
0.70499998	0.76476377	0.09793307
0.70599998	0.86057454	0.12429257
0.70699998	0.75406003	0.18485482
0.70799998	0.47213337	0.25209153
0.70899998	0.05813238	0.31631398
0.70999998	-0.35934424	0.35992864
0.71099998	-0.72013408	0.37629184
0.71199998	-0.87512302	0.35885212
0.71299998	-0.80247295	0.31040847
0.71399998	-0.54195374	0.24612451
0.71499998	-0.12973671	0.17525837
0.71599998	0.28389516	0.12561515
0.71699998	0.63733393	0.10442298
0.71799998	0.82898623	0.11611097
0.71899998	0.82898623	0.15911049
0.71999998	0.63782603	0.22031865
0.72099998	0.28620201	0.29060039
0.72199998	-0.13699557	0.34608760
0.72299998	-0.57043552	0.37881398
0.72399998	-0.82511073	0.37589198
0.72499998	-0.86561882	0.33772147
0.72599998	-0.69540477	0.27928150
0.72699998	-0.33704478	0.20903051
0.72799998	0.07704847	0.15074433
0.72899998	0.48618972	0.11318897
0.72999998	0.75919658	0.10734498
0.73099998	0.85359251	0.13398130
0.73199998	0.75547493	0.18639271
0.73299998	0.48132998	0.25667447
0.73399998	0.08200049	0.32095841
0.73499998	-0.38351992	0.37001723
0.73599998	-0.71702754	0.38465798
0.73699998	-0.87198573	0.36285064
0.73799998	-0.80696356	0.31323817
0.73899998	-0.52971208	0.24295644
0.73999998	-0.14443898	0.17590427
0.74099998	0.29318404	0.12198573
0.74199998	0.63333535	0.09854823
0.74299998	0.82397270	0.10882135
0.74399998	0.82443404	0.15277436
0.74499998	0.63564223	0.22428642
0.74599998	0.28626353	0.29133859
0.74699998	-0.17135212	0.34402683
0.74799998	-0.55711734	0.37303150
0.74899998	-0.81619096	0.37361589
0.74999998	-0.86257380	0.34171999
0.75099998	-0.68885332	0.28235728
0.75199998	-0.35885212	0.21512057
0.75299998	0.08000123	0.14969857
0.75399998	0.47019562	0.11174335
0.75499998	0.75344485	0.10691437
0.75599998	0.85251600	0.13327387
0.75699998	0.75267595	0.18719243
0.75799998	0.47059548	0.25132260
0.75899998	0.04933563	0.31616017
0.75999998	-0.36832553	0.35992864
0.76099998	-0.72244096	0.37629184
0.76199998	-0.87435406	0.35885212
0.76299998	-0.80231917	0.31040847
0.76399998	-0.54195374	0.24612451
0.76499998	-0.12973671	0.17525837
0.76599998	0.28389516	0.12561515
0.76699998	0.63733393	0.10442298
0.76799998	0.82914001	0.11611097
0.76899998	0.82975519	0.15911049
0.76999998	0.63548845	0.22031865
0.77099998	0.27718997	0.29060039
0.77199998	-0.14600763	0.34608760
0.77299998	-0.57277310	0.37881398
0.77399998	-0.82434177	0.37589198
0.77499998	-0.86546504	0.33772147
0.77599998	-0.69540477	0.27928150
0.77699998	-0.33704478	0.20903051
0.77799998	0.07704847	0.15074433
0.77899998	0.48618972	0.11318897
0.77999998	0.75935042	0.10734498
0.78099998	0.85436147	0.13398130
0.78199998	0.75313729	0.18654650
0.78299998	0.47234866	0.25744340
0.78399998	0.07289616	0.31862080
0.78499998	-0.38659573	0.36103591
0.78599998	-0.71395177	0.37567666
0.78699998	-0.86285067	0.36054379
0.78799998	-0.79798228	0.31397638
0.78899998	-0.52740526	0.24311024
0.78999998	-0.14533095	0.17590427
0.79099998	0.29226133	0.12198573
0.79199998	0.63567299	0.09870202
0.79299998	0.83298475	0.10959031
0.79399998	0.83344609	0.15043676
0.79499998	0.63794905	0.21527436
0.79599998	0.28549460	0.28235728
0.79699998	-0.17150590	0.34171999
0.79799998	-0.55711734	0.37395424
0.79899998	-0.81619096	0.37453863
0.79999998	-0.86272758	0.33938238
0.80099998	-0.68962228	0.27334523
0.80199998	-0.35654527	0.20610851
0.80299998	0.08895177	0.14736098
0.80399998	0.47917691	0.11251231
0.80499998	0.75575173	0.10706816
0.80599998	0.85159326	0.13312007
0.80699998	0.75175321	0.18642348
0.80799998	0.47290230	0.25362942
0.80899998	0.05828617	0.32514149
0.80999998	-0.35934424	0.36894071
0.81099998	-0.72013408	0.37859866
0.81199998	-0.87512302	0.35808316
0.81299998	-0.80247295	0.31025466
0.81399998	-0.54195374	0.24612451
0.81499998	-0.12973671	0.17525837
0.81599998	0.28389516	0.12561515
0.81699998	0.63733393	0.10442298
0.81799998	0.82914001	0.11611097
0.81899998	0.82975519	0.15911049
0.81999998	0.63548845	0.22031865
0.82099998	0.27718997	0.29060039
0.82199998	-0.14600763	0.34608760
0.82299998	-0.57277310	0.37881398
0.82399998	-0.82434177	0.37589198
0.82499998	-0.86546504	0.33772147
0.82599998	-0.69525099	0.27946603
0.82699998	-0.33627585	0.20976870
0.82799998	0.07474163	0.14840674
0.82899998	0.47723916	0.10420768
0.82999998	0.75021529	0.09848671
0.83099998	0.85128570	0.13244340
0.83199998	0.75639766	0.18500862
0.83299998	0.48225272	0.24858513
0.83399998	0.07969365	0.30963951
0.83499998	-0.39247048	0.35869834
0.83599998	-0.72600883	0.37644562
0.83699998	-0.87429255	0.36069760
0.83799998	-0.80619460	0.31397638
0.83899998	-0.52955830	0.24311024
0.83999998	-0.14459276	0.17590427
0.84099998	0.29241511	0.12198573
0.84199998	0.63567299	0.09870202
0.84299998	0.83298475	0.10959031
0.84399998	0.83344609	0.15043676
0.84499998	0.63794905	0.21527436
0.84599998	0.28564838	0.28235728
0.84699998	-0.17076771	0.34171999
0.84799998	-0.55945498	0.37395424
0.84899998	-0.82520300	0.37453863
0.84999998	-0.87155509	0.33938238
0.85099998	-0.69116020	0.27334523
0.85199998	-0.35808316	0.20610851
0.85299998	0.08015502	0.14736098
0.85399998	0.47004184	0.11251231
0.85499998	0.75267595	0.10706816
0.85599998	0.85482281	0.13327387
0.85699998	0.76162648	0.18719243
0.85799998	0.47957677	0.25132260
0.85899998	0.05164247	0.31616017
0.85999998	-0.36909449	0.35992864
0.86099998	-0.72259474	0.37629184
0.86199998	-0.87435406	0.35885212
0.86299998	-0.80231917	0.31040847
0.86399998	-0.54195374	0.24612451
0.86499998	-0.12973671	0.17525837
0.86599998	0.28389516	0.12561515
0.86699998	0.63733393	0.10442298
0.86799998	0.82914001	0.11611097
0.86899998	0.82975519	0.15911049
0.86999998	0.63548845	0.22047244
0.87099998	0.27718997	0.29136935
0.87199998	-0.14600763	0.34378076
0.87299998	-0.57277310	0.36980191
0.87399998	-0.82434177	0.36687991
0.87499998	-0.86546504	0.33541462
0.87599998	-0.69540477	0.28020424
0.87699998	-0.33704478	0.20992249
0.87799998	0.07704847	0.14840674
0.87899998	0.48618972	0.10420768
0.87999998	0.75935042	0.09833292
0.88099998	0.85436147	0.13167445
0.88199998	0.75313729	0.18731545
0.88299998	0.47234866	0.25759721
0.88399998	0.07304995	0.31862080
0.88499998	-0.38582677	0.36103591
0.88599998	-0.71628934	0.37567666
0.88699998	-0.87180120	0.36054379
0.88799998	-0.80696356	0.31382260
0.88899998	-0.52971208	0.24234129
0.88999998	-0.14459276	0.17821112
0.89099998	0.29241511	0.13096702
0.89199997	0.63582677	0.10752953
0.89299997	0.83375371	0.11112820
0.89399997	0.83110851	0.15200542
0.89499997	0.62896776	0.22413263
0.89599997	0.27648252	0.29133859
0.89699997	-0.17384350	0.34402683
0.89799997	-0.55634844	0.37303150
0.89899997	-0.81603718	0.37361589
0.89999997	-0.86272758	0.34171999
0.90099997	-0.68962228	0.28235728
0.90199997	-0.35669905	0.21527436
0.90299997	0.08818282	0.15043676
0.90399997	0.48151451	0.10943651
0.90499997	0.76476377	0.09793307
0.90599997	0.86057454	0.12429257
0.90699997	0.75406003	0.18485482
0.90799997	0.47213337	0.25209153
0.90899997	0.05813238	0.31631398
0.90999997	-0.35934424	0.35992864
0.91099997	-0.72013408	0.37629184
0.91199997	-0.87512302	0.35885212
0.91299997	-0.80247295	0.31040847
0.91399997	-0.54195374	0.24612451
0.91499997	-0.12973671	0.17525837
0.91599997	0.28389516	0.12561515
0.91699997	0.63733393	0.10442298
0.91799997	0.82898623	0.11611097
0.91899997	0.82898623	0.15911049
0.91999997	0.63782603	0.22031865
0.92099997	0.28620201	0.29060039
0.92199997	-0.13699557	0.34608760
0.92299997	-0.57043552	0.37881398
0.92399997	-0.82511073	0.37589198
0.92499997	-0.86561882	0.33772147
0.92599997	-0.69525099	0.27928150
0.92699997	-0.33627585	0.20903051
0.92799997	0.07474163	0.15074433
0.92899997	0.47723916	0.11318897
0.92999997	0.75021529	0.10749877
0.93099997	0.85128570	0.13475025
0.93199997	0.75639766	0.18408588
0.93299997	0.48225272	0.24766240
0.93399997	0.07969365	0.31194636
0.93499997	-0.39247048	0.36771038
0.93599997	-0.72600883	0.38542691
0.93699997	-0.87429255	0.36300442
0.93799997	-0.80619460	0.31308439
0.93899997	-0.52955830	0.24218750
0.93999997	-0.14443898	0.17821112
0.94099997	0.29318404	0.13096702
0.94199997	0.63333535	0.10768332
0.94299997	0.82397270	0.11189715
0.94399997	0.82443404	0.14969857
0.94499997	0.63564223	0.21512057
0.94599997	0.28626353	0.28235728
0.94699997	-0.17135212	0.34171999
0.94799997	-0.55711734	0.37376967
0.94899997	-0.81619096	0.37376967
0.94999997	-0.86257380	0.34171999
0.95099997	-0.68885332	0.28235728
0.95199997	-0.35885212	0.21512057
0.95299997	0.08000123	0.14969857
0.95399997	0.47019562	0.11174335
0.95499997	0.75344485	0.10691437
0.95599997	0.85236222	0.13312007
0.95699997	0.75190699	0.18642348
0.95799997	0.47290230	0.25362942
0.95899997	0.05828617	0.32514149
0.95999997	-0.35934424	0.36894071
0.96099997	-0.72013408	0.37859866
0.96199997	-0.87512302	0.35808316
0.96299997	-0.80247295	0.31025466
0.96399997	-0.54195374	0.24612451
0.96499997	-0.12973671	0.17525837
0.96599997	0.28389516	0.12576894
0.96699997	0.63733393	0.10516117
0.96799997	0.82898623	0.11380413
0.96899997	0.82898623	0.15012918
0.96999997	0.63782603	0.21133736
0.97099997	0.28620201	0.28826278
0.97199997	-0.13699557	0.34685653
0.97299997	-0.57043552	0.37896776
0.97399997	-0.82511073	0.37589198
0.97499997	-0.86561882	0.33772147
0.97599997	-0.69540477	0.27928150
0.97699997	-0.33704478	0.20903051
0.97799997	0.07704847	0.15089813
0.97899997	0.48618972	0.11395792
0.97999997	0.75935042	0.10500738
0.98099997	0.85436147	0.12500000
0.98199997	0.75313729	0.17741142
0.98299997	0.47234866	0.25433686
0.98399997	0.07304995	0.32172737
0.98499997	-0.38582677	0.37017101
0.98599997	-0.71628934	0.38465798
0.98699997	-0.87180120	0.36285064
0.98799997	-0.80696356	0.31323817
0.98899997	-0.52971208	0.24295644
0.98999997	-0.14459276	0.17590427
0.99099997	0.29241511	0.12198573
0.99199997	0.63567299	0.09870202
0.99299997	0.83298475	0.10959031
0.99399997	0.83344609	0.15043676
0.99499997	0.63794905	0.21527436
0.99599997	0.28549460	0.28235728
0.99699997	-0.17150590	0.34171999
0.99799997	-0.55711734	0.37376967
0.99899997	-0.81619096	0.37376967
0.99999997	-0.86272758	0.34187376
1.00099997	-0.68962228	0.28312624
1.00199997	-0.35654527	0.21281374
1.00299997	0.08895177	0.14068651
1.00399997	0.47917691	0.10276206
1.00499997	0.75575173	0.10457677
1.00599997	0.85159326	0.13388902
1.00699997	0.75175321	0.18657726
1.00799997	0.47290230	0.25362942
1.00899997	0.05828617	0.32514149
1.00999997	-0.35934424	0.36894071
1.01099997	-0.72013408	0.37859866
1.01199997	-0.87512302	0.35808316
1.01299997	-0.80247295	0.31025466
1.01399997	-0.54195374	0.24612451
1.01499997	-0.12973671	0.17525837
1.01599997	0.28389516	0.12576894
1.01699997	0.63733393	0.10516117
1.01799997	0.82914001	0.11380413
1.01899997	0.82975519	0.15012918
1.01999997	0.63548845	0.21133736
1.02099997	0.27718997	0.28826278
1.02199997	-0.14600763	0.34685653
1.02299997	-0.57277310	0.37896776
1.02399997	-0.82434177	0.37589198
1.02499997	-0.86546504	0.33772147
1.02599997	-0.69540477	0.27928150
1.02699997	-0.33704478	0.20903051
1.02799997	0.07704847	0.15074433
1.02899997	0.48618972	0.11318897
1.02999997	0.75919658	0.10734498
1.03099997	0.85359251	0.13398130
1.03199997	0.75547493	0.18654650
1.03299997	0.48132998	0.25744340
1.03399997	0.08200049	0.31862080
1.03499997	-0.38351992	0.36103591
1.03599997	-0.71702754	0.37567666
1.03699997	-0.87198573	0.36054379
1.03799997	-0.80696356	0.31397638
1.03899997	-0.52971208	0.24311024
1.03999997	-0.14459276	0.17590427
1.04099997	0.29241511	0.12198573
1.04199997	0.63567299	0.09870202
1.04299997	0.83298475	0.10959031
1.04399997	0.83344609	0.15043676
1.04499997	0.63794905	0.21527436
1.04599997	0.28549460	0.28235728
1.04699997	-0.17150590	0.34171999
1.04799997	-0.55711734	0.37376967
1.04899997	-0.81619096	0.37376967
1.04999997	-0.86272758	0.34171999
1.05099997	-0.68962228	0.28235728
1.05199997	-0.35669905	0.21512057
1.05299997	0.08818282	0.14969857
1.05399997	0.48151451	0.11174335
1.05499997	0.76476377	0.10691437
1.05599997	0.86057454	0.13327387
1.05699997	0.75406003	0.18719243
1.05799997	0.47213337	0.25132260
1.05899997	0.05813238	0.31616017
1.05999997	-0.35934424	0.35992864
1.06099997	-0.72013408	0.37629184
1.06199997	-0.87512302	0.35885212
1.06299997	-0.80247295	0.31040847
1.06399997	-0.54195374	0.24612451
1.06499997	-0.12973671	0.17525837
1.06599997	0.28389516	0.12561515
1.06699997	0.63733393	0.10442298
1.06799997	0.82914001	0.11611097
1.06899997	0.82975519	0.15911049
1.06999997	0.63548845	0.22031865
1.07099997	0.27718997	0.29060039
1.07199997	-0.14600763	0.34608760
1.07299997	-0.57277310	0.37881398
1.07399997	-0.82434177	0.37589198
1.07499997	-0.86546504	0.33772147
1.07599997	-0.69525099	0.27928150
1.07699997	-0.33627585	0.20903051
1.07799997	0.07474163	0.15074433
1.07899997	0.47723916	0.11318897
1.07999997	0.75036907	0.10734498
1.08099997	0.85205460	0.13398130
1.08199997	0.75390625	0.18654650
1.08299997	0.47250247	0.25744340
1.08399997	0.07304995	0.31862080
1.08499997	-0.38582677	0.36103591
1.08599997	-0.71628934	0.37552288
1.08699997	-0.87180120	0.35977486
1.08799997	-0.80696356	0.31631398
1.08899997	-0.52971208	0.25209153
1.08999997	-0.14459276	0.18485482
1.09099997	0.29241511	0.12429257
1.09199997	0.63567299	0.09777928
1.09299997	0.83298475	0.10866757
1.09399997	0.83344609	0.15277436
1.09499997	0.63794905	0.22428642
1.09599997	0.28549460	0.29133859
1.09699997	-0.17150590	0.34402683
1.09799997	-0.55711734	0.37303150
1.09899997	-0.81619096	0.37361589
1.09999997	-0.86272758	0.34171999
1.10099997	-0.68962228	0.28235728
1.10199997	-0.35669905	0.21527436
1.10299997	0.08818282	0.15043676
1.10399997	0.48151451	0.10943651
1.10499997	0.76476377	0.09793307
1.10599997	0.86057454	0.12429257
1.10699997	0.75406003	0.18485482
1.10799997	0.47213337	0.25209153
1.10899997	0.05813238	0.31631398
1.10999997	-0.35919046	0.35992864
1.11099997	-0.71936518	0.37629184
1.11199997	-0.87742984	0.35885212
1.11299997	-0.81145424	0.31040847
1.11399997	-0.55108881	0.24627830
1.11499997	-0.13284326	0.17599656
1.11599997	0.28697097	0.12327756
1.11699997	0.64649975	0.09541093
1.11799997	0.83815205	0.10712968
1.11899997	0.83206201	0.15680364
1.11999997	0.63471949	0.22108760
1.12099997	0.27703616	0.29075417
1.12199997	-0.14600763	0.34608760
1.12299997	-0.57277310	0.37881398
1.12399997	-0.82434177	0.37589198
1.12499997	-0.86546504	0.33772147
1.12599997	-0.69525099	0.27928150
1.12699997	-0.33627585	0.20903051
1.12799997	0.07474163	0.15074433
1.12899997	0.47723916	0.11318897
1.12999997	0.75036907	0.10734498
1.13099997	0.85205460	0.13398130
1.13199997	0.75406003	0.18639271
1.13299997	0.47327140	0.25667447
1.13399997	0.07071235	0.32095841
1.13499997	-0.39480808	0.37001723
1.13599997	-0.72523993	0.38465798
1.13699997	-0.87413877	0.36285064
1.13799997	-0.80619460	0.31308439
1.13899997	-0.52955830	0.24218750
1.13999997	-0.14443898	0.17821112
1.14099997	0.29318404	0.13096702
1.14199997	0.63333535	0.10752953
1.14299997	0.82397270	0.11112820
1.14399997	0.82443404	0.15200542
1.14499997	0.63564223	0.22413263
1.14599997	0.28626353	0.29133859
1.14699997	-0.17135212	0.34402683
1.14799997	-0.55711734	0.37318528
1.14899997	-0.81619096	0.37438485
1.14999997	-0.86257380	0.33938238
1.15099997	-0.68885332	0.27334523
1.15199997	-0.35885212	0.20610851
1.15299997	0.08000123	0.14736098
1.15399997	0.47019562	0.11251231
1.15499997	0.75344485	0.10706816
1.15599997	0.85236222	0.13327387
1.15699997	0.75190699	0.18719243
1.15799997	0.47290230	0.25132260
1.15899997	0.05828617	0.31616017
1.15999997	-0.35934424	0.35992864
1.16099997	-0.72013408	0.37629184
1.16199997	-0.87512302	0.35885212
1.16299997	-0.80247295	0.31040847
1.16399997	-0.54195374	0.24612451
1.16499997	-0.12973671	0.17525837
1.16599997	0.28389516	0.12561515
1.16699997	0.63733393	0.10442298
1.16799997	0.82914001	0.11611097
1.16899997	0.82975519	0.15911049
1.16999997	0.63548845	0.22031865
1.17099997	0.27718997	0.29060039
1.17199997	-0.14600763	0.34608760
1.17299997	-0.57277310	0.37881398
1.17399997	-0.82434177	0.37589198
1.17499997	-0.86546504	0.33772147
1.17599997	-0.69540477	0.27946603
1.17699997	-0.33704478	0.20976870
1.17799997	0.07704847	0.14840674
1.17899997	0.48618972	0.10420768
1.17999997	0.75935042	0.09833292
1.18099997	0.85436147	0.13167445
1.18199997	0.75313729	0.18716167
1.18299997	0.47234866	0.25682825
1.18399997	0.07304995	0.32111222
1.18499997	-0.38582677	0.37078616
1.18599997	-0.71628934	0.38235113
1.18699997	-0.87180120	0.35386935
1.18799997	-0.80696356	0.30422613
1.18899997	-0.52971208	0.24064961
1.18999997	-0.14459276	0.17667323
1.19099997	0.29241511	0.12213952
1.19199997	0.63567299	0.09870202
1.19299997	0.83298475	0.10959031
1.19399997	0.83344609	0.15043676
1.19499997	0.63794905	0.21527436
1.19599997	0.28549460	0.28235728
1.19699997	-0.17150590	0.34171999
1.19799997	-0.55711734	0.37376967
1.19899997	-0.81619096	0.37376967
1.19999997	-0.86272758	0.34171999
1.20099997	-0.68962228	0.28235728
1.20199997	-0.35669905	0.21512057
1.20299997	0.08818282	0.14969857
1.20399997	0.48151451	0.11174335
1.20499997	0.76476377	0.10691437
1.20599997	0.86057454	0.13327387
1.20699997	0.75406003	0.18719243
1.20799997	0.47197959	0.25132260
1.20899997	0.05736344	0.31616017
1.20999997	-0.35688362	0.35992864
1.21099997	-0.71041459	0.37629184
1.21199997	-0.86847931	0.35885212
1.21299997	-0.80914742	0.31040847
1.21399997	-0.55170399	0.24612451
1.21499997	-0.13222811	0.17525837
1.21599997	0.28481790	0.12561515
1.21699997	0.63825667	0.10442298
1.21799997	0.82683319	0.11611097
1.21899997	0.82077384	0.15911049
1.21999997	0.62650716	0.22031865
1.22099997	0.27488312	0.29060039
1.22199997	-0.14523868	0.34608760
1.22299997	-0.57261932	0.37881398
1.22399997	-0.82434177	0.37589198
1.22499997	-0.86546504	0.33772147
1.22599997	-0.69525099	0.27928150
1.22699997	-0.33627585	0.20903051
1.22799997	0.07474163	0.15074433
1.22899997	0.47723916	0.11318897
1.22999997	0.75021529	0.10734498
1.23099997	0.85128570	0.13398130
1.23199997	0.75639766	0.18639271
1.23299997	0.48225272	0.25667447
1.23399997	0.07969365	0.32095841
1.23499997	-0.39247048	0.37001723
1.23599997	-0.72600883	0.38465798
1.23699997	-0.87429255	0.36285064
1.23799997	-0.80619460	0.31323817
1.23899997	-0.52955830	0.24295644
1.23999997	-0.14459276	0.17575049
1.24099997	0.29241511	0.12121678
1.24199997	0.63567299	0.10085507
1.24299997	0.83298475	0.11783341
1.24399997	0.83344609	0.16175567
1.24499997	0.63794905	0.22659326
1.24599996	0.28549460	0.29056963
1.24699996	-0.17150590	0.34387302
1.24799996	-0.55711734	0.37303150
1.24899996	-0.81619096	0.37361589
1.24999996	-0.86272758	0.34171999
1.25099996	-0.68962228	0.28235728
1.25199996	-0.35654527	0.21512057
1.25299996	0.08895177	0.14969857
1.25399996	0.47902313	0.11174335
1.25499996	0.75501353	0.10691437
1.25599996	0.85390007	0.13327387
1.25699996	0.76070374	0.18719243
1.25799996	0.48188362	0.25132260
1.25899996	0.06062377	0.31616017
1.25999996	-0.36011317	0.35992864
1.26099996	-0.72028792	0.37629184
1.26199996	-0.87512302	0.35885212
1.26299996	-0.80247295	0.31040847
1.26399996	-0.54195374	0.24612451
1.26499996	-0.12973671	0.17525837
1.26599996	0.28389516	0.12576894
1.26699996	0.63733393	0.10516117
1.26799996	0.82914001	0.11380413
1.26899996	0.82975519	0.15012918
1.26999996	0.63548845	0.21133736
1.27099996	0.27718997	0.28826278
1.27199996	-0.14600763	0.34670275
1.27299996	-0.57277310	0.37819883
1.27399996	-0.82434177	0.37819883
1.27499996	-0.86546504	0.34670275
1.27599996	-0.69525099	0.28826278
1.27699996	-0.33627585	0.21133736
1.27799996	0.07474163	0.14997539
1.27899996	0.47723916	0.11303519
1.27999996	0.75036907	0.10734498
1.28099996	0.85205460	0.13398130
1.28199996	0.75406003	0.18654650
1.28299996	0.47327140	0.25744340
1.28399996	0.07055856	0.31862080
1.28499996	-0.39554626	0.36103591
1.28599996	-0.72293305	0.37567666
1.28699996	-0.86515749	0.36054379
1.28799996	-0.79721332	0.31397638
1.28899996	-0.52725148	0.24311024
1.28999996	-0.14533095	0.17590427
1.29099996	0.29226133	0.12198573
1.29199996	0.63567299	0.09854823
1.29299996	0.83298475	0.10882135
1.29399996	0.83344609	0.15277436
1.29499996	0.63794905	0.22428642
1.29599996	0.28549460	0.29133859
1.29699996	-0.17150590	0.34402683
1.29799996	-0.55711734	0.37303150
1.29899996	-0.81619096	0.37361589
1.29999996	-0.86257380	0.34171999
1.30099996	-0.68885332	0.28235728
1.30199996	-0.35900590	0.21512057
1.30299996	0.07923228	0.14969857
1.30399996	0.47253323	0.11174335
1.30499996	0.76245695	0.10691437
1.30599996	0.86134350	0.13327387
1.30699996	0.75421381	0.18719243
1.30799996	0.47213337	0.25132260
1.30899996	0.05813238	0.31616017
1.30999996	-0.35934424	0.35992864
1.31099996	-0.72013408	0.37629184
1.31199996	-0.87512302	0.35885212
1.31299996	-0.80247295	0.31040847
1.31399996	-0.54195374	0.24612451
1.31499996	-0.12973671	0.17525837
1.31599996	0.28389516	0.12561515
1.31699996	0.63733393	0.10442298
1.31799996	0.82914001	0.11611097
1.31899996	0.82975519	0.15911049
1.31999996	0.63548845	0.22031865
1.32099996	0.27718997	0.29060039
1.32199996	-0.14600763	0.34608760
1.32299996	-0.57277310	0.37881398
1.32399996	-0.82434177	0.37589198
1.32499996	-0.86546504	0.33772147
1.32599996	-0.69540477	0.27928150
1.32699996	-0.33704478	0.20903051
1.32799996	0.07704847	0.15089813
1.32899996	0.48618972	0.11395792
1.32999996	0.75919658	0.10516117
1.33099996	0.85359251	0.12576894
1.33199996	0.75547493	0.17507382
1.33299996	0.48132998	0.24535556
1.33399996	0.08200049	0.31271529
1.33499996	-0.38351992	0.36786416
1.33599996	-0.71702754	0.38542691
1.33699996	-0.87198573	0.36300442
1.33799996	-0.80696356	0.31323817
1.33899996	-0.52971208	0.24295644
1.33999996	-0.14459276	0.17590427
1.34099996	0.29241511	0.12198573
1.34199996	0.63567299	0.09854823
1.34299996	0.83298475	0.10882135
1.34399996	0.83344609	0.15277436
1.34499996	0.63794905	0.22428642
1.34599996	0.28549460	0.29133859
1.34699996	-0.17150590	0.34402683
1.34799996	-0.55727118	0.37303150
1.34899996	-0.81695992	0.37361589
1.34999996	-0.86026698	0.34171999
1.35099996	-0.67987204	0.28235728
1.35199996	-0.35002461	0.21512057
1.35299996	0.08153912	0.14969857
1.35399996	0.47176427	0.11174335
1.35499996	0.76230317	0.10691437
1.35599996	0.86134350	0.13327387
1.35699996	0.75421381	0.18719243
1.35799996	0.47213337	0.25132260
1.35899996	0.05813238	0.31616017
1.35999996	-0.35934424	0.35992864
1.36099996	-0.72013408	0.37629184
1.36199996	-0.87512302	0.35885212
1.36299996	-0.80247295	0.31040847
1.36399996	-0.54195374	0.24612451
1.36499996	-0.12973671	0.17525837
1.36599996	0.28389516	0.12561515
1.36699996	0.63733393	0.10442298
1.36799996	0.82914001	0.11611097
1.36899996	0.82975519	0.15911049
1.36999996	0.63548845	0.22031865
1.37099996	0.27718997	0.29060039
1.37199996	-0.14600763	0.34608760
1.37299996	-0.57277310	0.37881398
1.37399996	-0.82434177	0.37589198
1.37499996	-0.86546504	0.33772147
1.37599996	-0.69525099	0.27928150
1.37699996	-0.33627585	0.20903051
1.37799996	0.07474163	0.15074433
1.37899996	0.47723916	0.11318897
1.37999996	0.75036907	0.10734498
1.38099996	0.85205460	0.13398130
1.38199996	0.75390625	0.18654650
1.38299996	0.47250247	0.25744340
1.38399996	0.07304995	0.31862080
1.38499996	-0.38582677	0.36103591
1.38599996	-0.71628934	0.37567666
1.38699996	-0.87180120	0.36054379
1.38799996	-0.80696356	0.31397638
1.38899996	-0.52971208	0.24311024
1.38999996	-0.14459276	0.17575049
1.39099996	0.29241511	0.12121678
1.39199996	0.63567299	0.10100885
1.39299996	0.83298475	0.11860237
1.39399996	0.83344609	0.15944882
1.39499996	0.63794905	0.21758120
1.39599996	0.28549460	0.28174213
1.39699996	-0.17150590	0.34233513
1.39799996	-0.55711734	0.37146285
1.39899996	-0.81619096	0.36478838
1.39999996	-0.86257380	0.33270791
1.40099996	-0.68885332	0.28001967
1.40199996	-0.35900590	0.21604331
1.40299996	0.07923228	0.15059055
1.40399996	0.47253323	0.10943651
1.40499996	0.76245695	0.09793307
1.40599996	0.86134350	0.12429257
1.40699996	0.75421381	0.18485482
1.40799996	0.47213337	0.25209153
1.40899996	0.05813238	0.31631398
1.40999996	-0.35934424	0.35992864
1.41099996	-0.72013408	0.37629184
1.41199996	-0.87512302	0.35885212
1.41299996	-0.80247295	0.31040847
1.41399996	-0.54195374	0.24612451
1.41499996	-0.12973671	0.17525837
1.41599996	0.28389516	0.12561515
1.41699996	0.63733393	0.10442298
1.41799996	0.82914001	0.11611097
1.41899996	0.82975519	0.15911049
1.41999996	0.63548845	0.22031865
1.42099996	0.27718997	0.29060039
1.42199996	-0.14600763	0.34608760
1.42299996	-0.57277310	0.37881398
1.42399996	-0.82434177	0.37589198
1.42499996	-0.86546504	0.33772147
1.42599996	-0.69525099	0.27928150
1.42699996	-0.33627585	0.20903051
1.42799996	0.07474163	0.15074433
1.42899996	0.47723916	0.11318897
1.42999996	0.75021529	0.10734498
1.43099996	0.85128570	0.13398130
1.43199996	0.75621307	0.18639271
1.43299996	0.48148376	0.25667447
1.43399996	0.08200049	0.32095841
1.43499996	-0.38351992	0.37001723
1.43599996	-0.71702754	0.38465798
1.43699996	-0.87198573	0.36285064
1.43799996	-0.80696356	0.31323817
1.43899996	-0.52971208	0.24295644
1.43999996	-0.14459276	0.17575049
1.44099996	0.29241511	0.12121678
1.44199996	0.63567299	0.10100885
1.44299996	0.83298475	0.11860237
1.44399996	0.83359993	0.15944882
1.44499996	0.63871801	0.21758120
1.44599996	0.28331077	0.28158835
1.44699996	-0.17974901	0.34156618
1.44799996	-0.56843626	0.37395424
1.44899996	-0.82750982	0.37453863
1.44999996	-0.87078619	0.33938238
1.45099996	-0.69100642	0.27334523
1.45199996	-0.35808316	0.20610851
1.45299996	0.08015502	0.14736098
1.45399996	0.47019562	0.11251231
1.45499996	0.75344485	0.10706816
1.45599996	0.85236222	0.13312007
1.45699996	0.75190699	0.18642348
1.45799996	0.47290230	0.25362942
1.45899996	0.05828617	0.32514149
1.45999996	-0.35934424	0.36894071
1.46099996	-0.72013408	0.37859866
1.46199996	-0.87512302	0.35808316
1.46299996	-0.80247295	0.31025466
1.46399996	-0.54195374	0.24627830
1.46499996	-0.12973671	0.17599656
1.46599996	0.28389516	0.12327756
1.46699996	0.63733393	0.09541093
1.46799996	0.82914001	0.10712968
1.46899996	0.82975519	0.15680364
1.46999996	0.63548845	0.22108760
1.47099996	0.27718997	0.29075417
1.47199996	-0.14600763	0.34608760
1.47299996	-0.57277310	0.37881398
1.47399996	-0.82434177	0.37589198
1.47499996	-0.86546504	0.33772147
1.47599996	-0.69525099	0.27928150
1.47699996	-0.33627585	0.20903051
1.47799996	0.07474163	0.15074433
1.47899996	0.47723916	0.11318897
1.47999996	0.75036907	0.10734498
1.48099996	0.85205460	0.13398130
1.48199996	0.75390625	0.18654650
1.48299996	0.47250247	0.25744340
1.48399996	0.07304995	0.31880537
1.48499996	-0.38582677	0.36180487
1.48599996	-0.71628934	0.37318528
1.48699996	-0.87180120	0.35079354
1.48799996	-0.80696356	0.30730191
1.48899996	-0.52971208	0.24978469
1.48999996	-0.14459276	0.18562376
1.49099996	0.29241511	0.12444635
1.49199996	0.63567299	0.09777928
1.49299996	0.83298475	0.10866757
1.49399996	0.83344609	0.15277436
1.49499996	0.63794905	0.22428642
1.49599996	0.28549460	0.29133859
1.49699996	-0.17150590	0.34402683
1.49799996	-0.55711734	0.37303150
1.49899996	-0.81619096	0.37361589
1.49999996	-0.86257380	0.34171999
1.50099996	-0.68885332	0.28235728
1.50199996	-0.35900590	0.21512057
1.50299996	0.07923228	0.14969857
1.50399996	0.47253323	0.11174335
1.50499996	0.76245695	0.10691437
1.50599996	0.86134350	0.13312007
1.50699996	0.75421381	0.18642348
1.50799996	0.47213337	0.25362942
1.50899996	0.05813238	0.32514149
1.50999996	-0.35934424	0.36894071
1.51099996	-0.72013408	0.37859866
1.51199996	-0.87512302	0.35792938
1.51299996	-0.80247295	0.30948573
1.51399996	-0.54195374	0.24843135
1.51499996	-0.12973671	0.18423967
1.51599996	0.28389516	0.13459645
1.51699996	0.63733393	0.10672982
1.51799996	0.82914001	0.11537278
1.51899996	0.82975519	0.15895669
1.51999996	0.63548845	0.22031865
1.52099996	0.27718997	0.29060039
1.52199996	-0.14600763	0.34608760
1.52299996	-0.57277310	0.37881398
1.52399996	-0.82434177	0.37589198
1.52499996	-0.86546504	0.33772147
1.52599996	-0.69540477	0.27928150
1.52699996	-0.33704478	0.20903051
1.52799996	0.07704847	0.15074433
1.52899996	0.48618972	0.11318897
1.52999996	0.75919658	0.10734498
1.53099996	0.85359251	0.13398130
1.53199996	0.75547493	0.18654650
1.53299996	0.48132998	0.25744340
1.53399996	0.08200049	0.31862080
1.53499996	-0.38351992	0.36103591
1.53599996	-0.71702754	0.37567666
1.53699996	-0.87198573	0.36054379
1.53799996	-0.80696356	0.31397638
1.53899996	-0.52971208	0.24311024
1.53999996	-0.14443898	0.17575049
1.54099996	0.29318404	0.12121678
1.54199996	0.63333535	0.10100885
1.54299996	0.82397270	0.11860237
1.54399996	0.82458782	0.15944882
1.54499996	0.63641119	0.21758120
1.54599996	0.28392592	0.28158835
1.54699996	-0.18036418	0.34156618
1.54799996	-0.56612945	0.37376967
1.54899996	-0.81852853	0.37376967
1.54999996	-0.86180484	0.34171999
1.55099996	-0.68869954	0.28235728
1.55199996	-0.35900590	0.21512057
1.55299996	0.07923228	0.14969857
1.55399996	0.47253323	0.11174335
1.55499996	0.76245695	0.10691437
1.55599996	0.86134350	0.13312007
1.55699996	0.75421381	0.18642348
1.55799996	0.47213337	0.25362942
1.55899996	0.05813238	0.32514149
1.55999996	-0.35934424	0.36894071
1.56099996	-0.72013408	0.37859866
1.56199996	-0.87512302	0.35808316
1.56299996	-0.80247295	0.31025466
1.56399996	-0.54195374	0.24612451
1.56499996	-0.12973671	0.17525837
1.56599996	0.28389516	0.12561515
1.56699996	0.63733393	0.10442298
1.56799996	0.82914001	0.11611097
1.56899996	0.82975519	0.15911049
1.56999996	0.63548845	0.22031865
1.57099996	0.27718997	0.29060039
1.57199996	-0.14600763	0.34608760
1.57299996	-0.57277310	0.37881398
1.57399996	-0.82434177	0.37589198
1.57499996	-0.86546504	0.33772147
1.57599996	-0.69525099	0.27928150
1.57699996	-0.33627585	0.20903051
1.57799996	0.07458784	0.15074433
1.57899996	0.47647023	0.11318897
1.57999996	0.75267595	0.10734498
1.58099996	0.86103594	0.13398130
1.58199996	0.76307207	0.18654650
1.58299996	0.47557825	0.25744340
1.58399996	0.06994341	0.31862080
1.58499996	-0.39496186	0.36103591
1.58599996	-0.72523993	0.37567666
1.58699996	-0.87413877	0.36054379
1.58799996	-0.80619460	0.31397638
1.58899996	-0.52955830	0.24311024
1.58999996	-0.14459276	0.17590427
1.59099996	0.29241511	0.12198573
1.59199996	0.63567299	0.09870202
1.59299996	0.83298475	0.10959031
1.59399996	0.83344609	0.15043676
1.59499996	0.63794905	0.21527436
1.59599996	0.28549460	0.28235728
1.59699996	-0.17150590	0.34171999
1.59799996	-0.55711734	0.37395424
1.59899995	-0.81619096	0.37453863
1.59999995	-0.86272758	0.33938238
1.60099995	-0.68962228	0.27334523
1.60199995	-0.35669905	0.20610851
1.60299995	0.08818282	0.14736098
1.60399995	0.48151451	0.11251231
1.60499995	0.76476377	0.10706816
1.60599995	0.86057454	0.13312007
1.60699995	0.75406003	0.18642348
1.60799995	0.47213337	0.25362942
1.60899995	0.05813238	0.32514149
1.60999995	-0.35934424	0.36894071
1.61099995	-0.72013408	0.37859866
1.61199995	-0.87512302	0.35808316
1.61299995	-0.80247295	0.31025466
1.61399995	-0.54195374	0.24627830
1.61499995	-0.12973671	0.17599656
1.61599995	0.28389516	0.12327756
1.61699995	0.63733393	0.09541093
1.61799995	0.82914001	0.10712968
1.61899995	0.82975519	0.15680364
1.61999995	0.63548845	0.22108760
1.62099995	0.27718997	0.29075417
1.62199995	-0.14600763	0.34608760
1.62299995	-0.57277310	0.37881398
1.62399995	-0.82434177	0.37589198
1.62499995	-0.86546504	0.33772147
1.62599995	-0.69525099	0.27946603
1.62699995	-0.33627585	0.20976870
1.62799995	0.07474163	0.14840674
1.62899995	0.47723916	0.10420768
1.62999995	0.75036907	0.09833292
1.63099995	0.85205460	0.13167445
1.63199995	0.75390625	0.18731545
1.63299995	0.47250247	0.25759721
1.63399995	0.07304995	0.31862080
1.63499995	-0.38582677	0.36103591
1.63599995	-0.71628934	0.37567666
1.63699995	-0.87180120	0.36054379
1.63799995	-0.80696356	0.31397638
1.63899995	-0.52971208	0.24311024
1.63999995	-0.14459276	0.17575049
1.64099995	0.29241511	0.12121678
1.64199995	0.63567299	0.10085507
1.64299995	0.83298475	0.11783341
1.64399995	0.83344609	0.16175567
1.64499995	0.63794905	0.22659326
1.64599995	0.28549460	0.29056963
1.64699995	-0.17150590	0.34387302
1.64799995	-0.55711734	0.37303150
1.64899995	-0.81619096	0.37361589
1.64999995	-0.86257380	0.34171999
1.65099995	-0.68885332	0.28235728
1.65199995	-0.35885212	0.21512057
1.65299995	0.08000123	0.14969857
1.65399995	0.47019562	0.11174335
1.65499995	0.75344485	0.10691437
1.65599995	0.85251600	0.13327387
1.65699995	0.75267595	0.18719243
1.65799995	0.47059548	0.25132260
1.65899995	0.04933563	0.31616017
1.65999995	-0.36832553	0.35992864
1.66099995	-0.72244096	0.37629184
1.66199995	-0.87435406	0.35885212
1.66299995	-0.80231917	0.31040847
1.66399995	-0.54195374	0.24627830
1.66499995	-0.12973671	0.17599656
1.66599995	0.28389516	0.12327756
1.66699995	0.63733393	0.09541093
1.66799995	0.82914001	0.10712968
1.66899995	0.82975519	0.15680364
1.66999995	0.63548845	0.22108760
1.67099995	0.27718997	0.29075417
1.67199995	-0.14600763	0.34608760
1.67299995	-0.57277310	0.37881398
1.67399995	-0.82434177	0.37589198
1.67499995	-0.86546504	0.33772147
1.67599995	-0.69540477	0.27928150
1.67699995	-0.33704478	0.20903051
1.67799995	0.07704847	0.15089813
1.67899995	0.48618972	0.11395792
1.67999995	0.75935042	0.10500738
1.68099995	0.85436147	0.12500000
1.68199995	0.75313729	0.17741142
1.68299995	0.47234866	0.25433686
1.68399995	0.07289616	0.32172737
1.68499995	-0.38659573	0.37017101
1.68599995	-0.71395177	0.38465798
1.68699995	-0.86285067	0.36285064
1.68799995	-0.79798228	0.31323817
1.68899995	-0.52740526	0.24295644
1.68999995	-0.14533095	0.17590427
1.69099995	0.29226133	0.12198573
1.69199995	0.63567299	0.09854823
1.69299995	0.83298475	0.10882135
1.69399995	0.83344609	0.15277436
1.69499995	0.63794905	0.22428642
1.69599995	0.28564838	0.29133859
1.69699995	-0.17076771	0.34402683
1.69799995	-0.55945498	0.37318528
1.69899995	-0.82520300	0.37438485
1.69999995	-0.87155509	0.33938238
1.70099995	-0.69116020	0.27334523
1.70199995	-0.35823697	0.20610851
1.70299995	0.07938607	0.14736098
1.70399995	0.47253323	0.11251231
1.70499995	0.76245695	0.10706816
1.70599995	0.86134350	0.13327387
1.70699995	0.75421381	0.18719243
1.70799995	0.47213337	0.25132260
1.70899995	0.05813238	0.31616017
1.70999995	-0.35934424	0.35992864
1.71099995	-0.72013408	0.37629184
1.71199995	-0.87512302	0.35885212
1.71299995	-0.80247295	0.31040847
1.71399995	-0.54195374	0.24612451
1.71499995	-0.12973671	0.17525837
1.71599995	0.28404897	0.12561515
1.71699995	0.63810283	0.10442298
1.71799995	0.82683319	0.11611097
1.71899995	0.82077384	0.15911049
1.71999995	0.62669170	0.22031865
1.72099995	0.27565208	0.29060039
1.72199995	-0.14754552	0.34608760
1.72299995	-0.58160067	0.37881398
1.72399995	-0.83332306	0.37589198
1.72499995	-0.86780268	0.33772147
1.72599995	-0.69448203	0.27928150
1.72699995	-0.33612204	0.20903051
1.72799995	0.07474163	0.15074433
1.72899995	0.47723916	0.11318897
1.72999995	0.75021529	0.10734498
1.73099995	0.85128570	0.13398130
1.73199995	0.75621307	0.18639271
1.73299995	0.48148376	0.25667447
1.73399995	0.08200049	0.32095841
1.73499995	-0.38351992	0.37001723
1.73599995	-0.71702754	0.38465798
1.73699995	-0.87198573	0.36285064
1.73799995	-0.80696356	0.31323817
1.73899995	-0.52971208	0.24295644
1.73999995	-0.14459276	0.17590427
1.74099995	0.29241511	0.12198573
1.74199995	0.63567299	0.09854823
1.74299995	0.83298475	0.10882135
1.74399995	0.83359993	0.15277436
1.74499995	0.63871801	0.22428642
1.74599995	0.28331077	0.29133859
1.74699995	-0.17974901	0.34402683
1.74799995	-0.56843626	0.37303150
1.74899995	-0.82750982	0.37361589
1.74999995	-0.87078619	0.34171999
1.75099995	-0.69100642	0.28235728
1.75199995	-0.35808316	0.21512057
1.75299995	0.08015502	0.14969857
1.75399995	0.47019562	0.11174335
1.75499995	0.75344485	0.10691437
1.75599995	0.85236222	0.13312007
1.75699995	0.75190699	0.18642348
1.75799995	0.47290230	0.25362942
1.75899995	0.05828617	0.32514149
1.75999995	-0.35934424	0.36894071
1.76099995	-0.72013408	0.37859866
1.76199995	-0.87512302	0.35808316
1.76299995	-0.80247295	0.31025466
1.76399995	-0.54195374	0.24612451
1.76499995	-0.12973671	0.17525837
1.76599995	0.28389516	0.12561515
1.76699995	0.63733393	0.10442298
1.76799995	0.82914001	0.11611097
1.76899995	0.82975519	0.15911049
1.76999995	0.63548845	0.22031865
1.77099995	0.27718997	0.29060039
1.77199995	-0.14600763	0.34608760
1.77299995	-0.57277310	0.37881398
1.77399995	-0.82434177	0.37589198
1.77499995	-0.86546504	0.33772147
1.77599995	-0.69525099	0.27928150
1.77699995	-0.33627585	0.20903051
1.77799995	0.07474163	0.15074433
1.77899995	0.47723916	0.11318897
1.77999995	0.75036907	0.10734498
1.78099995	0.85205460	0.13398130
1.78199995	0.75390625	0.18654650
1.78299995	0.47250247	0.25744340
1.78399995	0.07304995	0.31862080
1.78499995	-0.38582677	0.36103591
1.78599995	-0.71628934	0.37567666
1.78699995	-0.87180120	0.36054379
1.78799995	-0.80696356	0.31382260
1.78899995	-0.52971208	0.24234129
1.78999995	-0.14459276	0.17821112
1.79099995	0.29241511	0.13096702
1.79199995	0.63567299	0.10752953
1.79299995	0.83298475	0.11112820
1.79399995	0.83344609	0.15200542
1.79499995	0.63794905	0.22413263
1.79599995	0.28549460	0.29133859
1.79699995	-0.17150590	0.34402683
1.79799995	-0.55711734	0.37303150
1.79899995	-0.81619096	0.37361589
1.79999995	-0.86272758	0.34171999
1.80099995	-0.68962228	0.28235728
1.80199995	-0.35669905	0.21512057
1.80299995	0.08818282	0.14969857
1.80399995	0.48151451	0.11174335
1.80499995	0.76476377	0.10691437
1.80599995	0.86057454	0.13327387
1.80699995	0.75406003	0.18719243
1.80799995	0.47213337	0.25132260
1.80899995	0.05813238	0.31616017
1.80999995	-0.35934424	0.35992864
1.81099995	-0.72013408	0.37629184
1.81199995	-0.87527680	0.35885212
1.81299995	-0.80321109	0.31040847
1.81399995	-0.53964692	0.24612451
1.81499995	-0.12078617	0.17525837
1.81599995	0.29287648	0.12561515
1.81699995	0.63967150	0.10442298
1.81799995	0.82821727	0.11611097
1.81899995	0.82883245	0.15911049
1.81999995	0.63782603	0.22031865
1.82099995	0.28620201	0.29060039
1.82199995	-0.13699557	0.34608760
1.82299995	-0.57043552	0.37881398
1.82399995	-0.82511073	0.37589198
1.82499995	-0.86561882	0.33772147
1.82599995	-0.69525099	0.27928150
1.82699995	-0.33627585	0.20903051
1.82799995	0.07474163	0.15074433
1.82899995	0.47723916	0.11318897
1.82999995	0.75021529	0.10734498
1.83099995	0.85128570	0.13398130
1.83199995	0.75639766	0.18639271
1.83299995	0.48225272	0.25667447
1.83399995	0.07969365	0.32095841
1.83499995	-0.39247048	0.37001723
1.83599995	-0.72600883	0.38465798
1.83699995	-0.87429255	0.36285064
1.83799995	-0.80619460	0.31308439
1.83899995	-0.52955830	0.24218750
1.83999995	-0.14443898	0.17821112
1.84099995	0.29318404	0.13096702
1.84199995	0.63318157	0.10752953
1.84299995	0.82320374	0.11112820
1.84399995	0.82674092	0.15200542
1.84499995	0.64462352	0.22413263
1.84599995	0.29521409	0.29149237
1.84699995	-0.16904527	0.34479576
1.84799995	-0.55788630	0.37069389
1.84899995	-0.81634474	0.36463460
1.84999995	-0.86257380	0.33270791
1.85099995	-0.68885332	0.28001967
1.85199995	-0.35900590	0.21588951
1.85299995	0.07923228	0.14985237
1.85399995	0.47237942	0.11174335
1.85499995	0.76168799	0.10691437
1.85599995	0.86380410	0.13327387
1.85699995	0.76396406	0.18719243
1.85799995	0.47880784	0.25116879
1.85899995	0.05148868	0.31539124
1.85999995	-0.36909449	0.36226624
1.86099995	-0.72259474	0.38527313
1.86199995	-0.87435406	0.36786416
1.86299995	-0.80231917	0.31271529
1.86399995	-0.54195374	0.24535556
1.86499995	-0.12973671	0.17507382
1.86599995	0.28389516	0.12561515
1.86699995	0.63733393	0.10442298
1.86799995	0.82914001	0.11611097
1.86899995	0.82975519	0.15911049
1.86999995	0.63548845	0.22031865
1.87099995	0.27718997	0.29060039
1.87199995	-0.14600763	0.34608760
1.87299995	-0.57277310	0.37881398
1.87399995	-0.82434177	0.37589198
1.87499995	-0.86546504	0.33772147
1.87599995	-0.69525099	0.27928150
1.87699995	-0.33627585	0.20903051
1.87799995	0.07458784	0.15074433
1.87899995	0.47647023	0.11318897
1.87999995	0.75267595	0.10734498
1.88099995	0.86103594	0.13398130
1.88199995	0.76291829	0.18639271
1.88299995	0.47484004	0.25667447
1.88399995	0.07212722	0.32095841
1.88499995	-0.38674951	0.37001723
1.88599995	-0.71395177	0.38465798
1.88699995	-0.86285067	0.36285064
1.88799995	-0.79798228	0.31323817
1.88899995	-0.52740526	0.24295644
1.88999995	-0.14533095	0.17575049
1.89099995	0.29226133	0.12121678
1.89199995	0.63567299	0.10085507
1.89299995	0.83298475	0.11783341
1.89399995	0.83344609	0.16175567
1.89499995	0.63794905	0.22659326
1.89599995	0.28549460	0.29056963
1.89699995	-0.17150590	0.34387302
1.89799995	-0.55711734	0.37303150
1.89899995	-0.81619096	0.37361589
1.89999995	-0.86257380	0.34171999
1.90099995	-0.68885332	0.28235728
1.90199995	-0.35900590	0.21512057
1.90299995	0.07923228	0.14969857
1.90399995	0.47253323	0.11174335
1.90499995	0.76245695	0.10691437
1.90599995	0.86134350	0.13327387
1.90699995	0.75421381	0.18719243
1.90799995	0.47213337	0.25132260
1.90899995	0.05813238	0.31616017
1.90999995	-0.35919046	0.35992864
1.91099995	-0.71936518	0.37629184
1.91199995	-0.87758368	0.35885212
1.91299995	-0.81222320	0.31040847
1.91399995	-0.54862821	0.24612451
1.91499995	-0.12309301	0.17525837
1.91599995	0.29364541	0.12576894
1.91699995	0.63982528	0.10516117
1.91799995	0.82821727	0.11380413
1.91899995	0.82883245	0.15012918
1.91999995	0.63797981	0.21133736
1.92099995	0.28694022	0.28826278
1.92199995	-0.13930242	0.34685653
1.92299995	-0.57941681	0.37896776
1.92399995	-0.83409202	0.37589198
1.92499995	-0.86795646	0.33772147
1.92599995	-0.69448203	0.27946603
1.92699995	-0.33612204	0.20976870
1.92799995	0.07474163	0.14840674
1.92899995	0.47723916	0.10420768
1.92999995	0.75036907	0.09833292
1.93099995	0.85205460	0.13167445
1.93199995	0.75406003	0.18716167
1.93299995	0.47327140	0.25682825
1.93399995	0.07071235	0.32095841
1.93499995	-0.39480808	0.37001723
1.93599995	-0.72523993	0.38465798
1.93699995	-0.87413877	0.36285064
1.93799995	-0.80619460	0.31308439
1.93899995	-0.52955830	0.24218750
1.93999995	-0.14459276	0.17805733
1.94099995	0.29241511	0.13019808
1.94199995	0.63567299	0.10983637
1.94299995	0.83298475	0.12014025
1.94399995	0.83359993	0.16101746
1.94499995	0.63871801	0.22643946
1.94599995	0.28331077	0.29056963
1.94699995	-0.17974901	0.34387302
1.94799995	-0.56843626	0.37318528
1.94899995	-0.82750982	0.37438485
1.94999995	-0.87078619	0.33938238
1.95099995	-0.69100642	0.27334523
1.95199995	-0.35808316	0.20626231
1.95299994	0.08015502	0.14812993
1.95399994	0.47019562	0.11020546
1.95499994	0.75344485	0.09808686
1.95599994	0.85251600	0.12429257
1.95699994	0.75267595	0.18485482
1.95799994	0.47059548	0.25209153
1.95899994	0.04933563	0.31631398
1.95999994	-0.36832553	0.35992864
1.96099994	-0.72244096	0.37629184
1.96199994	-0.87435406	0.35885212
1.96299994	-0.80231917	0.31040847
1.96399994	-0.54195374	0.24612451
1.96499994	-0.12973671	0.17525837
1.96599994	0.28389516	0.12561515
1.96699994	0.63733393	0.10442298
1.96799994	0.82914001	0.11611097
1.96899994	0.82975519	0.15911049
1.96999994	0.63564223	0.22031865
1.97099994	0.27795890	0.29060039
1.97199994	-0.14831446	0.34608760
1.97299994	-0.58175445	0.37881398
1.97399994	-0.83332306	0.37589198
1.97499994	-0.86780268	0.33772147
1.97599994	-0.69448203	0.27928150
1.97699994	-0.33612204	0.20903051
1.97799994	0.07474163	0.15074433
1.97899994	0.47723916	0.11318897
1.97999994	0.75036907	0.10734498
1.98099994	0.85205460	0.13398130
1.98199994	0.75390625	0.18639271
1.98299994	0.47250247	0.25667447
1.98399994	0.07289616	0.32095841
1.98499994	-0.38659573	0.37001723
1.98599994	-0.71395177	0.38465798
1.98699994	-0.86285067	0.36285064
1.98799994	-0.79798228	0.31308439
1.98899994	-0.52740526	0.24218750
1.98999994	-0.14533095	0.17821112
1.99099994	0.29226133	0.13096702
1.99199994	0.63567299	0.10768332
1.99299994	0.83298475	0.11189715
1.99399994	0.83344609	0.14969857
1.99499994	0.63794905	0.21512057
1.99599994	0.28549460	0.28235728
1.99699994	-0.17150590	0.34171999
1.99799994	-0.55711734	0.37395424
1.99899994	-0.81619096	0.37453863
1.99999994	-0.86272758	0.33938238
2.00099994	-0.68962228	0.27334523
2.00199994	-0.35654527	0.20610851
2.00299994	0.08895177	0.14736098
