Time	Channel A	Channel B
(us)	(V)	(V)

-0.00400000	-0.83270794	0.31323817
-0.00300000	-0.86838704	0.24295644
-0.00200000	-0.69229823	0.17590427
-0.00100000	-0.32790971	0.12198573
0.00000000	0.08621432	0.09854823
0.00100000	0.48929626	0.10882135
0.00200000	0.75642842	0.15277436
0.00300000	0.84599531	0.22428642
0.00400000	0.74215674	0.29133859
0.00500000	0.46256766	0.34402683
0.00600000	0.06016240	0.37318528
0.00700000	-0.40594241	0.37438485
0.00800000	-0.73363680	0.33938238
0.00900000	-0.87706077	0.27334523
0.01000000	-0.80324185	0.20610851
0.01100000	-0.52116144	0.14736098
0.01200000	-0.13312007	0.11235851
0.01300000	0.30450296	0.10629921
0.01400000	0.64170152	0.13542692
0.01500000	0.82689470	0.19540477
0.01600000	0.82151204	0.26264149
0.01700000	0.62724531	0.32747909
0.01800000	0.27509841	0.36817175
0.01900000	-0.18190207	0.37844488
0.02000000	-0.56782109	0.35808316
0.02100000	-0.82812500	0.31025466
0.02200000	-0.86878693	0.24612451
0.02300000	-0.68356299	0.17525837
0.02400000	-0.34464198	0.12561515
0.02500000	0.09965551	0.10442298
0.02600000	0.48988065	0.11611097
0.02700000	0.76768577	0.15911049
0.02800000	0.85780632	0.22031865
0.02900000	0.74643207	0.29060039
0.03000000	0.45850763	0.34608760
0.03100000	0.03786294	0.37881398
0.03200000	-0.37672243	0.37589198
0.03300000	-0.72539371	0.33772147
0.03400000	-0.87143207	0.27928150
0.03500000	-0.79395300	0.20903051
0.03600000	-0.53081942	0.15074433
0.03700000	-0.11921752	0.11318897
0.03800000	0.29456815	0.10719119
0.03900000	0.64926797	0.13321236
0.04000000	0.83523005	0.18873031
0.04100000	0.82372659	0.26565576
0.04200000	0.62358516	0.32993972
0.04300000	0.26651698	0.37235484
0.04400000	-0.15668061	0.38388902
0.04500000	-0.58467644	0.36269686
0.04600000	-0.83040106	0.31323817
0.04700000	-0.85943651	0.24295644
0.04800000	-0.68334770	0.17575049
0.04900000	-0.32557210	0.12121678
0.05000000	0.08529159	0.10085507
0.05100000	0.48837352	0.11783341
0.05200000	0.75873524	0.16160187
0.05300000	0.85497659	0.22582431
0.05400000	0.75113803	0.29287648
0.05500000	0.46487451	0.35285434
0.05600000	0.05939345	0.38213584
0.05700000	-0.40609622	0.37672243
0.05800000	-0.73363680	0.33864421
0.05900000	-0.87706077	0.27319142
0.06000000	-0.80324185	0.20610851
0.06100000	-0.52116144	0.14736098
0.06200000	-0.13327387	0.11251231
0.06300000	0.30373400	0.10706816
0.06400000	0.64403909	0.13312007
0.06500000	0.83590674	0.18642348
0.06600000	0.83064717	0.25362942
0.06700000	0.63035184	0.32514149
0.06800000	0.27183810	0.36894071
0.06900000	-0.19183686	0.37859866
0.07000000	-0.57449555	0.35808316
0.07100000	-0.82145053	0.31025466
0.07200000	-0.85903668	0.24612451
0.07300000	-0.68110234	0.17525837
0.07400000	-0.34541091	0.12561515
0.07500000	0.09950172	0.10442298
0.07600000	0.48988065	0.11595719
0.07700000	0.76768577	0.15837230
0.07800000	0.85780632	0.22281004
0.07900000	0.74643207	0.30035064
0.08000000	0.45850763	0.35276204
0.08100000	0.03786294	0.37213951
0.08200000	-0.37656865	0.36611098
0.08300000	-0.72462475	0.33526084
0.08400000	-0.87389272	0.28020424
0.08500000	-0.80367249	0.20992249
0.08600000	-0.53730929	0.14840674
0.08700000	-0.11177412	0.10420768
0.08800000	0.30201155	0.09833292
0.08900000	0.64274728	0.13167445
0.09000000	0.82544905	0.18716167
0.09100000	0.82123524	0.25682825
0.09200000	0.62435406	0.32095841
0.09300000	0.26667076	0.37001723
0.09400000	-0.15652682	0.38465798
0.09500000	-0.58390749	0.36285064
0.09600000	-0.83286172	0.31323817
0.09700000	-0.86915600	0.24295644
0.09800000	-0.68999141	0.17590427
0.09900000	-0.31889763	0.12198573
0.10000000	0.09504183	0.09854823
0.10100000	0.49083415	0.10882135
0.10200000	0.75796628	0.15262057
0.10300000	0.85482281	0.22351746
0.10400000	0.75113803	0.29364541
0.10500000	0.46487451	0.35300812
0.10600000	0.05939345	0.38213584
0.10700000	-0.40609622	0.37672243
0.10800000	-0.73363680	0.33864421
0.10900000	-0.87706077	0.27319142
0.11000000	-0.80324185	0.20610851
0.11100000	-0.52116144	0.14736098
0.11200000	-0.13312007	0.11235851
0.11300000	0.30450296	0.10629921
0.11400000	0.64170152	0.13542692
0.11500000	0.82689470	0.19540477
0.11600000	0.82166582	0.26264149
0.11700000	0.62801427	0.32747909
0.11800000	0.27276084	0.36832553
0.11900000	-0.19091412	0.37921384
0.12000000	-0.57683319	0.35577634
0.12100000	-0.83043182	0.30124262
0.12200000	-0.86801797	0.23711245
0.12300000	-0.68340921	0.17292076
0.12400000	-0.34464198	0.12638411
0.12500000	0.09965551	0.10457677
0.12600000	0.48988065	0.11611097
0.12700000	0.76768577	0.15911049
0.12800000	0.85780632	0.22031865
0.12900000	0.74643207	0.29060039
0.13000000	0.45850763	0.34608760
0.13100000	0.03786294	0.37881398
0.13200000	-0.37672243	0.37589198
0.13300000	-0.72539371	0.33772147
0.13400000	-0.87158585	0.27928150
0.13500000	-0.79472196	0.20903051
0.13600000	-0.52851254	0.15074433
0.13700000	-0.11023622	0.11318897
0.13800000	0.30358022	0.10719119
0.13900000	0.65157479	0.13321236
0.14000000	0.83461493	0.18873031
0.14100000	0.82431102	0.26565576
0.14200000	0.62127829	0.33012426
0.14300000	0.25750491	0.37312376
0.14400000	-0.16566192	0.38173598
0.14500000	-0.58698326	0.35448450
0.14600000	-0.82978594	0.30191928
0.14700000	-0.86005169	0.23163755
0.14800000	-0.68101007	0.16766118
0.14900000	-0.31659079	0.11983268
0.15000000	0.09427288	0.09931718
0.15100000	0.49068037	0.10897515
0.15200000	0.75796628	0.15277436
0.15300000	0.85482281	0.22428642
0.15400000	0.75098425	0.29133859
0.15500000	0.46410555	0.34402683
0.15600000	0.06173105	0.37318528
0.15700000	-0.39711490	0.37438485
0.15800000	-0.72462475	0.33953616
0.15900000	-0.87475395	0.27411416
0.16000000	-0.80401081	0.20380168
0.16100000	-0.52134597	0.13837968
0.16200000	-0.13327387	0.10337722
0.16300000	0.30373400	0.10396162
0.16400000	0.64403909	0.13634965
0.16500000	0.83590674	0.19632751
0.16600000	0.83064717	0.26033464
0.16700000	0.63035184	0.31846702
0.16800000	0.27183810	0.35915971
0.16900000	-0.19183686	0.37613803
0.17000000	-0.57449555	0.35885212
0.17100000	-0.82145053	0.31040847
0.17200000	-0.85903668	0.24612451
0.17300000	-0.68110234	0.17525837
0.17400000	-0.34541091	0.12561515
0.17500000	0.09950172	0.10442298
0.17600000	0.48988065	0.11611097
0.17700000	0.76768577	0.15911049
0.17800000	0.85780632	0.22031865
0.17900000	0.74643207	0.29060039
0.18000000	0.45850763	0.34624138
0.18100000	0.03786294	0.37958291
0.18200000	-0.37656865	0.37355438
0.18300000	-0.72462475	0.32874015
0.18400000	-0.87389272	0.27045399
0.18499999	-0.80367249	0.20746186
0.18599999	-0.53746307	0.14917569
0.18699999	-0.11254306	0.10436147
0.18799999	0.30434915	0.09833292
0.18899999	0.65172857	0.13167445
0.18999999	0.83446109	0.18731545
0.19099999	0.82357281	0.25759721
0.19199999	0.62358516	0.31880537
0.19299999	0.26651698	0.36180487
0.19399999	-0.15668061	0.37333909
0.19499999	-0.58467644	0.35153174
0.19599999	-0.83040106	0.30499509
0.19699999	-0.85943651	0.24080339
0.19799999	-0.68334770	0.17651944
0.19899999	-0.32557210	0.12137057
0.19999999	0.08544537	0.10085507
0.20099999	0.48914248	0.11783341
0.20199999	0.75642842	0.16175567
0.20299999	0.84599531	0.22659326
0.20399999	0.74215674	0.29056963
0.20499999	0.46256766	0.34387302
0.20599999	0.06016240	0.37318528
0.20699999	-0.40594241	0.37438485
0.20799999	-0.73379058	0.33938238
0.20899999	-0.87782973	0.27334523
0.20999999	-0.80093503	0.20626231
0.21099999	-0.51221085	0.14812993
0.21199999	-0.12429257	0.11005167
0.21299999	0.30604085	0.09731791
0.21399999	0.64327019	0.12647638
0.21499999	0.83575296	0.19309793
0.21599999	0.83064717	0.26341042
0.21699999	0.63035184	0.32763287
0.21799999	0.27199188	0.36817175
0.21899999	-0.19106792	0.37844488
0.21999999	-0.57683319	0.35808316
0.22099999	-0.83043182	0.31025466
0.22199999	-0.86801797	0.24612451
0.22299999	-0.68340921	0.17525837
0.22399999	-0.34464198	0.12561515
0.22499999	0.09965551	0.10442298
0.22599999	0.48988065	0.11611097
0.22699999	0.76768577	0.15911049
0.22799999	0.85780632	0.22047244
0.22899999	0.74643207	0.29136935
0.22999999	0.45850763	0.34378076
0.23099999	0.03786294	0.36980191
0.23199999	-0.37672243	0.36687991
0.23299999	-0.72539371	0.33541462
0.23399999	-0.87143207	0.28020424
0.23499999	-0.79395300	0.20992249
0.23599999	-0.53081942	0.14840674
0.23699999	-0.11921752	0.10420768
0.23799999	0.29456815	0.09833292
0.23899999	0.64926797	0.13167445
0.23999999	0.83523005	0.18731545
0.24099999	0.82372659	0.25759721
0.24199999	0.62358516	0.31862080
0.24299999	0.26651698	0.36103591
0.24399999	-0.15652682	0.37567666
0.24499999	-0.58390749	0.36054379
0.24599999	-0.83270794	0.31397638
0.24699999	-0.86838704	0.24311024
0.24799999	-0.69245201	0.17590427
0.24899999	-0.32864788	0.12198573
0.24999999	0.08836737	0.09870202
0.25099999	0.49750862	0.10959031
0.25199999	0.76771653	0.15028298
0.25299999	0.85728347	0.21450542
0.25399999	0.75036907	0.28466412
0.25499999	0.46472073	0.35067052
0.25599999	0.05939345	0.38290477
0.25699999	-0.40609622	0.37687624
0.25799999	-0.73363680	0.33864421
0.25899999	-0.87706077	0.27319142
0.25999999	-0.80324185	0.20626231
0.26099999	-0.52116144	0.14812993
0.26199999	-0.13327387	0.11005167
0.26299999	0.30373400	0.09731791
0.26399999	0.64403909	0.12647638
0.26499999	0.83590674	0.19309793
0.26599999	0.83064717	0.26341042
0.26699999	0.63035184	0.32763287
0.26799999	0.27183810	0.36817175
0.26899999	-0.19183686	0.37844488
0.26999999	-0.57449555	0.35808316
0.27099999	-0.82145053	0.31025466
0.27199999	-0.85903668	0.24612451
0.27299999	-0.68110234	0.17525837
0.27399999	-0.34541091	0.12561515
0.27499999	0.09950172	0.10442298
0.27599999	0.48988065	0.11611097
0.27699999	0.76768577	0.15911049
0.27799999	0.85780632	0.22031865
0.27899999	0.74643207	0.29060039
0.27999999	0.45866141	0.34608760
0.28099999	0.03863189	0.37881398
0.28199999	-0.37887549	0.37589198
0.28299999	-0.73360604	0.33772147
0.28399999	-0.88290477	0.27946603
0.28499999	-0.80601007	0.20976870
0.28599999	-0.53669417	0.14840674
0.28699999	-0.11238927	0.10420768
0.28799999	0.30434915	0.09833292
0.28899999	0.65172857	0.13167445
0.28999999	0.83446109	0.18716167
0.29099999	0.82357281	0.25682825
0.29199999	0.62358516	0.32095841
0.29299999	0.26651698	0.37001723
0.29399999	-0.15652682	0.38465798
0.29499999	-0.58390749	0.36285064
0.29599999	-0.83286172	0.31323817
0.29699999	-0.86915600	0.24295644
0.29799999	-0.68999141	0.17575049
0.29899999	-0.31889763	0.12121678
0.29999999	0.09519562	0.10085507
0.30099999	0.49160311	0.11783341
0.30199999	0.75565946	0.16160187
0.30299999	0.84584153	0.22582431
0.30399999	0.74215674	0.29287648
0.30499999	0.46256766	0.35285434
0.30599999	0.06016240	0.38213584
0.30699999	-0.40594241	0.37672243
0.30799999	-0.73379058	0.33879799
0.30899999	-0.87782973	0.27396038
0.30999999	-0.80093503	0.20380168
0.31099999	-0.51221085	0.13837968
0.31199999	-0.12429257	0.10353100
0.31299999	0.30604085	0.10473056
0.31399999	0.64327019	0.13388902
0.31499999	0.83575296	0.18657726
0.31599999	0.83064717	0.25362942
0.31699999	0.63035184	0.32514149
0.31799999	0.27199188	0.36894071
0.31899999	-0.19106792	0.37859866
0.31999999	-0.57698697	0.35808316
0.32099999	-0.83120078	0.31025466
0.32199999	-0.86571109	0.24612451
0.32299999	-0.67442793	0.17525837
0.32399999	-0.33562991	0.12561515
0.32499999	0.10199311	0.10442298
0.32599999	0.48911172	0.11611097
0.32699999	0.76753199	0.15911049
0.32799999	0.85780632	0.22031865
0.32899999	0.74643207	0.29060039
0.32999999	0.45850763	0.34608760
0.33099999	0.03786294	0.37881398
0.33199999	-0.37672243	0.37589198
0.33299999	-0.72539371	0.33772147
0.33399999	-0.87143207	0.27928150
0.33499999	-0.79395300	0.20903051
0.33599999	-0.53081942	0.15074433
0.33699999	-0.11921752	0.11318897
0.33799999	0.29456815	0.10734498
0.33899999	0.64926797	0.13398130
0.33999999	0.83538383	0.18639271
0.34099999	0.82449555	0.25667447
0.34199999	0.62127829	0.32095841
0.34299999	0.25750491	0.37001723
0.34399999	-0.16566192	0.38465798
0.34499999	-0.58698326	0.36285064
0.34599999	-0.82963210	0.31323817
0.34699999	-0.85928273	0.24295644
0.34799999	-0.68334770	0.17590427
0.34899999	-0.32557210	0.12198573
0.34999999	0.08529159	0.09854823
0.35099999	0.48837352	0.10882135
0.35199999	0.75888902	0.15262057
0.35299999	0.85574555	0.22351746
0.35399999	0.74883121	0.29379922
0.35499999	0.45592397	0.35377705
0.35599999	0.05028912	0.37982899
0.35699999	-0.40920275	0.36771038
0.35799999	-0.73056102	0.32978591
0.35899999	-0.86792570	0.27165353
0.35999999	-0.79429132	0.20457062
0.36099999	-0.51885456	0.13853346
0.36199999	-0.13404281	0.10337722
0.36299999	0.30358022	0.10396162
0.36399999	0.64403909	0.13619587
0.36499999	0.83590674	0.19555856
0.36599999	0.83064717	0.26264149
0.36699999	0.63035184	0.32747909
0.36799999	0.27183810	0.36817175
0.36899999	-0.19183686	0.37844488
0.36999999	-0.57449555	0.35808316
0.37099999	-0.82145053	0.31025466
0.37199999	-0.85903668	0.24612451
0.37299999	-0.68110234	0.17525837
0.37399999	-0.34541091	0.12561515
0.37499999	0.09950172	0.10442298
0.37599999	0.48988065	0.11611097
0.37699999	0.76768577	0.15911049
0.37799999	0.85780632	0.22031865
0.37899999	0.74643207	0.29060039
0.37999999	0.45850763	0.34608760
0.38099999	0.03786294	0.37881398
0.38199999	-0.37656865	0.37589198
0.38299999	-0.72462475	0.33772147
0.38399999	-0.87389272	0.27928150
0.38499999	-0.80367249	0.20903051
0.38599999	-0.53746307	0.15074433
0.38699999	-0.11254306	0.11318897
0.38799999	0.30450296	0.10734498
0.38899999	0.65249753	0.13398130
0.38999999	0.83227730	0.18639271
0.39099999	0.81532973	0.25667447
0.39199999	0.61226624	0.32111222
0.39299999	0.25519809	0.37078616
0.39399999	-0.16476993	0.38235113
0.39499999	-0.58606052	0.35386935
0.39599999	-0.83209276	0.30407235
0.39699999	-0.86900222	0.23988065
0.39799999	-0.68999141	0.17898007
0.39899999	-0.31889763	0.13112082
0.39999999	0.09504183	0.10752953
0.40099999	0.49083415	0.11112820
0.40199999	0.75796628	0.15200542
0.40299999	0.85482281	0.22413263
0.40399999	0.75113803	0.29133859
0.40499999	0.46487451	0.34402683
0.40599999	0.05939345	0.37318528
0.40699999	-0.40609622	0.37438485
0.40799999	-0.73379058	0.33938238
0.40899999	-0.87782973	0.27334523
0.40999999	-0.80093503	0.20626231
0.41099999	-0.51221085	0.14812993
0.41199999	-0.12429257	0.11005167
0.41299999	0.30604085	0.09731791
0.41399999	0.64327019	0.12647638
0.41499999	0.83575296	0.19309793
0.41599999	0.83064717	0.26341042
0.41699999	0.63035184	0.32763287
0.41799999	0.27183810	0.36817175
0.41899999	-0.19183686	0.37844488
0.41999999	-0.57449555	0.35808316
0.42099999	-0.82145053	0.31025466
0.42199999	-0.85903668	0.24612451
0.42299999	-0.68110234	0.17525837
0.42399999	-0.34541091	0.12561515
0.42499999	0.09950172	0.10442298
0.42599999	0.48972687	0.11611097
0.42699999	0.76691681	0.15911049
0.42799999	0.86014396	0.22047244
0.42899999	0.75544417	0.29136935
0.42999999	0.46751967	0.34378076
0.43099999	0.04016978	0.36980191
0.43199999	-0.37749138	0.36703372
0.43299999	-0.72554749	0.33618355
0.43399999	-0.87143207	0.27789739
0.43499999	-0.79395300	0.20094119
0.43599999	-0.53081942	0.13942544
0.43699999	-0.11921752	0.10187007
0.43799999	0.29456815	0.09910187
0.43899999	0.64926797	0.13182825
0.43999999	0.83538383	0.18731545
0.44099999	0.82449555	0.25759721
0.44199999	0.62127829	0.31862080
0.44299999	0.25750491	0.36103591
0.44399999	-0.16566192	0.37567666
0.44499999	-0.58698326	0.36054379
0.44599999	-0.82963210	0.31397638
0.44699999	-0.85928273	0.24311024
0.44799999	-0.68334770	0.17590427
0.44899999	-0.32557210	0.12198573
0.44999999	0.08529159	0.09854823
0.45099999	0.48837352	0.10882135
0.45199999	0.75873524	0.15277436
0.45299999	0.85497659	0.22428642
0.45399999	0.75113803	0.29149237
0.45499999	0.46487451	0.34479576
0.45599999	0.05923967	0.37084767
0.45699999	-0.40686515	0.36540353
0.45799999	-0.73132998	0.33040109
0.45899999	-0.86807948	0.27103838
0.45999999	-0.79429132	0.20687746
0.46099999	-0.51885456	0.14751476
0.46199999	-0.13404281	0.11251231
0.46299999	0.30358022	0.10706816
0.46399999	0.64403909	0.13312007
0.46499999	0.83590674	0.18642348
0.46599999	0.83064717	0.25362942
0.46699999	0.63035184	0.32514149
0.46799999	0.27183810	0.36894071
0.46899999	-0.19183686	0.37859866
0.46999999	-0.57449555	0.35808316
0.47099999	-0.82145053	0.31025466
0.47199999	-0.85903668	0.24612451
0.47299999	-0.68110234	0.17525837
0.47399999	-0.34541091	0.12561515
0.47499999	0.09950172	0.10442298
0.47599999	0.48988065	0.11611097
0.47699999	0.76768577	0.15911049
0.47799999	0.85780632	0.22031865
0.47899999	0.74643207	0.29060039
0.47999999	0.45850763	0.34608760
0.48099999	0.03786294	0.37881398
0.48199999	-0.37656865	0.37589198
0.48299999	-0.72462475	0.33772147
0.48399999	-0.87389272	0.27946603
0.48499999	-0.80367249	0.20976870
0.48599999	-0.53746307	0.14840674
0.48699999	-0.11254306	0.10420768
0.48799999	0.30434915	0.09833292
0.48899999	0.65172857	0.13167445
0.48999999	0.83446109	0.18716167
0.49099999	0.82357281	0.25682825
0.49199999	0.62358516	0.32095841
0.49299999	0.26651698	0.37001723
0.49399999	-0.15668061	0.38465798
0.49499999	-0.58467644	0.36285064
0.49599999	-0.83040106	0.31323817
0.49699999	-0.85943651	0.24295644
0.49799999	-0.68334770	0.17575049
0.49899999	-0.32557210	0.12121678
0.49999999	0.08544537	0.10100885
0.50099999	0.48914248	0.11860237
0.50199999	0.75642842	0.15929502
0.50299999	0.84599531	0.21684301
0.50399999	0.74200296	0.28389516
0.50499999	0.46179873	0.35051674
0.50599999	0.06250000	0.38290477
0.50699999	-0.39696112	0.37687624
0.50799999	-0.72477853	0.33879799
0.50899999	-0.87549210	0.27396038
0.50999999	-0.80170399	0.20395546
0.51099999	-0.51236469	0.13911787
0.51199999	-0.12429257	0.10119341
0.51299999	0.30604085	0.09578002
0.51399999	0.64327019	0.12490772
0.51499999	0.83575296	0.18427043
0.51599999	0.83064717	0.25439838
0.51699999	0.63035184	0.32529527
0.51799999	0.27199188	0.36894071
0.51899999	-0.19106792	0.37859866
0.51999999	-0.57698697	0.35808316
0.52099999	-0.83120078	0.31025466
0.52199999	-0.86571109	0.24627830
0.52299999	-0.67442793	0.17599656
0.52399999	-0.33562991	0.12327756
0.52499999	0.10199311	0.09541093
0.52599999	0.48911172	0.10712968
0.52699999	0.76753199	0.15680364
0.52799999	0.85780632	0.22124138
0.52899999	0.74643207	0.29152313
0.52999999	0.45850763	0.34378076
0.53099999	0.03786294	0.36980191
0.53199999	-0.37656865	0.36687991
0.53299999	-0.72462475	0.33541462
0.53399999	-0.87373894	0.28020424
0.53499999	-0.80290353	0.20992249
0.53599999	-0.53980070	0.14840674
0.53699999	-0.12152436	0.10420768
0.53799999	0.29533711	0.09833292
0.53899998	0.64942175	0.13167445
0.53999998	0.83538383	0.18716167
0.54099998	0.82449555	0.25682825
0.54199998	0.62127829	0.32095841
0.54299998	0.25750491	0.37001723
0.54399998	-0.16566192	0.38465798
0.54499998	-0.58698326	0.36285064
0.54599998	-0.82963210	0.31323817
0.54699998	-0.85928273	0.24295644
0.54799998	-0.68334770	0.17575049
0.54899998	-0.32557210	0.12121678
0.54999998	0.08529159	0.10085507
0.55099998	0.48837352	0.11783341
0.55199998	0.75873524	0.16160187
0.55299998	0.85497659	0.22582431
0.55399998	0.75113803	0.29287648
0.55499998	0.46487451	0.35285434
0.55599998	0.05939345	0.38213584
0.55699998	-0.40609622	0.37672243
0.55799998	-0.73363680	0.33879799
0.55899998	-0.87706077	0.27396038
0.55999998	-0.80324185	0.20380168
0.56099998	-0.52116144	0.13837968
0.56199998	-0.13327387	0.10353100
0.56299998	0.30373400	0.10473056
0.56399998	0.64419293	0.13388902
0.56499998	0.83667570	0.18657726
0.56599998	0.82834029	0.25362942
0.56699998	0.62137055	0.32514149
0.56799998	0.26288754	0.36894071
0.56899998	-0.19414370	0.37859866
0.56999998	-0.57375735	0.35808316
0.57099998	-0.82129675	0.31025466
0.57199998	-0.85903668	0.24612451
0.57299998	-0.68110234	0.17525837
0.57399998	-0.34541091	0.12561515
0.57499998	0.09950172	0.10442298
0.57599998	0.48988065	0.11611097
0.57699998	0.76768577	0.15911049
0.57799998	0.85780632	0.22031865
0.57899998	0.74643207	0.29060039
0.57999998	0.45850763	0.34608760
0.58099998	0.03786294	0.37881398
0.58199998	-0.37672243	0.37589198
0.58299998	-0.72539371	0.33772147
0.58399998	-0.87158585	0.27928150
0.58499998	-0.79472196	0.20903051
0.58599998	-0.52851254	0.15074433
0.58699998	-0.11023622	0.11318897
0.58799998	0.30358022	0.10734498
0.58899998	0.65157479	0.13398130
0.58999998	0.83446109	0.18639271
0.59099998	0.82357281	0.25667447
0.59199998	0.62358516	0.32111222
0.59299998	0.26651698	0.37078616
0.59399998	-0.15652682	0.38235113
0.59499998	-0.58390749	0.35386935
0.59599998	-0.83270794	0.30422613
0.59699998	-0.86838704	0.24064961
0.59799998	-0.69229823	0.17651944
0.59899998	-0.32790971	0.12137057
0.59999998	0.08621432	0.10085507
0.60099998	0.48929626	0.11783341
0.60199998	0.75642842	0.16160187
0.60299998	0.84599531	0.22582431
0.60399998	0.74215674	0.29306102
0.60499998	0.46256766	0.35362327
0.60599998	0.06000861	0.37982899
0.60699998	-0.40671137	0.36771038
0.60799998	-0.73132998	0.32978591
0.60899998	-0.86807948	0.27165353
0.60999998	-0.79429132	0.20457062
0.61099998	-0.51885456	0.13853346
0.61199998	-0.13404281	0.10353100
0.61299998	0.30358022	0.10473056
0.61399998	0.64403909	0.13388902
0.61499998	0.83590674	0.18657726
0.61599998	0.83064717	0.25362942
0.61699998	0.63035184	0.32514149
0.61799998	0.27199188	0.36894071
0.61899998	-0.19106792	0.37859866
0.61999998	-0.57683319	0.35808316
0.62099998	-0.83043182	0.31025466
0.62199998	-0.86786419	0.24612451
0.62299998	-0.68264025	0.17525837
0.62399998	-0.34694883	0.12561515
0.62499998	0.09067421	0.10442298
0.62599998	0.48074558	0.11611097
0.62699998	0.76460999	0.15911049
0.62799998	0.86088210	0.22031865
0.62899998	0.75559795	0.29060039
0.62999998	0.46751967	0.34608760
0.63099998	0.04016978	0.37881398
0.63199998	-0.37749138	0.37604576
0.63299998	-0.72554749	0.33849040
0.63399998	-0.87143207	0.27712846
0.63499998	-0.79395300	0.20078740
0.63599998	-0.53081942	0.13942544
0.63699998	-0.11921752	0.10187007
0.63799998	0.29456815	0.09910187
0.63899998	0.64926797	0.13182825
0.63999998	0.83538383	0.18716167
0.64099998	0.82449555	0.25682825
0.64199998	0.62127829	0.32095841
0.64299998	0.25750491	0.37001723
0.64399998	-0.16550812	0.38465798
0.64499998	-0.58621430	0.36285064
0.64599998	-0.83193898	0.31323817
0.64699998	-0.86823326	0.24295644
0.64799998	-0.69229823	0.17575049
0.64899998	-0.32790971	0.12121678
0.64999998	0.08606053	0.10085507
0.65099998	0.48852730	0.11783341
0.65199998	0.75873524	0.16160187
0.65299998	0.85497659	0.22582431
0.65399998	0.75113803	0.29306102
0.65499998	0.46487451	0.35362327
0.65599998	0.05923967	0.37967521
0.65699998	-0.40686515	0.36694142
0.65799998	-0.73132998	0.33193898
0.65899998	-0.86807948	0.27986589
0.65999998	-0.79429132	0.21588951
0.66099998	-0.51885456	0.14985237
0.66199998	-0.13404281	0.11158957
0.66299998	0.30358022	0.10614542
0.66399998	0.64419293	0.13542692
0.66499998	0.83667570	0.19540477
0.66599998	0.82818651	0.26248771
0.66699998	0.62060159	0.32671013
0.66799998	0.26534817	0.37047860
0.66899998	-0.18439345	0.38745692
0.66999998	-0.56705219	0.36709523
0.67099998	-0.82797122	0.31256151
0.67199998	-0.86878693	0.24535556
0.67299998	-0.68356299	0.17507382
0.67399998	-0.34448817	0.12561515
0.67499998	0.10042446	0.10442298
0.67599998	0.48757380	0.11611097
0.67699998	0.75870448	0.15911049
0.67799998	0.84882504	0.22031865
0.67899998	0.74412525	0.29060039
0.67999998	0.45927659	0.34608760
0.68099998	0.03801673	0.37881398
0.68199998	-0.37672243	0.37589198
0.68299998	-0.72539371	0.33772147
0.68399998	-0.87143207	0.27946603
0.68499998	-0.79395300	0.20976870
0.68599998	-0.53081942	0.14840674
0.68699998	-0.11921752	0.10420768
0.68799998	0.29456815	0.09833292
0.68899998	0.64926797	0.13167445
0.68999998	0.83523005	0.18731545
0.69099998	0.82372659	0.25759721
0.69199998	0.62358516	0.31862080
0.69299998	0.26651698	0.36103591
0.69399998	-0.15668061	0.37567666
0.69499998	-0.58467644	0.36054379
0.69599998	-0.83040106	0.31397638
0.69699998	-0.85943651	0.24311024
0.69799998	-0.68334770	0.17575049
0.69899998	-0.32557210	0.12121678
0.69999998	0.08529159	0.10085507
0.70099998	0.48837352	0.11783341
0.70199998	0.75873524	0.16175567
0.70299998	0.85497659	0.22659326
0.70399998	0.75113803	0.29056963
0.70499998	0.46487451	0.34387302
0.70599998	0.05939345	0.37318528
0.70699998	-0.40609622	0.37438485
0.70799998	-0.73363680	0.33938238
0.70899998	-0.87706077	0.27334523
0.70999998	-0.80324185	0.20610851
0.71099998	-0.52116144	0.14736098
0.71199998	-0.13312007	0.11235851
0.71299998	0.30450296	0.10629921
0.71399998	0.64170152	0.13542692
0.71499998	0.82689470	0.19540477
0.71599998	0.82166582	0.26264149
0.71699998	0.62801427	0.32747909
0.71799998	0.27276084	0.36817175
0.71899998	-0.19091412	0.37844488
0.71999998	-0.57683319	0.35808316
0.72099998	-0.83043182	0.31025466
0.72199998	-0.86801797	0.24612451
0.72299998	-0.68340921	0.17525837
0.72399998	-0.34464198	0.12561515
0.72499998	0.09965551	0.10442298
0.72599998	0.48988065	0.11611097
0.72699998	0.76768577	0.15911049
0.72799998	0.85780632	0.22031865
0.72899998	0.74643207	0.29060039
0.72999998	0.45866141	0.34608760
0.73099998	0.03863189	0.37881398
0.73199998	-0.37902927	0.37604576
0.73299998	-0.73437500	0.33849040
0.73399998	-0.88059795	0.27697465
0.73499998	-0.79702878	0.20001845
0.73599998	-0.52774358	0.14173228
0.73699998	-0.11008243	0.11088213
0.73799998	0.30358022	0.10811393
0.73899998	0.65157479	0.13413508
0.73999998	0.83461493	0.18639271
0.74099998	0.82431102	0.25667447
0.74199998	0.62127829	0.32095841
0.74299998	0.25750491	0.37001723
0.74399998	-0.16566192	0.38465798
0.74499998	-0.58698326	0.36285064
0.74599998	-0.82963210	0.31323817
0.74699998	-0.85928273	0.24295644
0.74799998	-0.68334770	0.17575049
0.74899998	-0.32557210	0.12121678
0.74999998	0.08529159	0.10085507
0.75099998	0.48837352	0.11783341
0.75199998	0.75873524	0.16160187
0.75299998	0.85497659	0.22582431
0.75399998	0.75098425	0.29306102
0.75499998	0.46410555	0.35362327
0.75599998	0.06173105	0.37982899
0.75699998	-0.39711490	0.36771038
0.75799998	-0.72462475	0.32978591
0.75899998	-0.87475395	0.27165353
0.75999998	-0.80401081	0.20457062
0.76099998	-0.52134597	0.13853346
0.76199998	-0.13327387	0.10353100
0.76299998	0.30373400	0.10473056
0.76399998	0.64403909	0.13388902
0.76499998	0.83590674	0.18657726
0.76599998	0.83064717	0.25362942
0.76699998	0.63035184	0.32514149
0.76799998	0.27183810	0.36894071
0.76899998	-0.19183686	0.37859866
0.76999998	-0.57449555	0.35808316
0.77099998	-0.82145053	0.31025466
0.77199998	-0.85903668	0.24627830
0.77299998	-0.68110234	0.17599656
0.77399998	-0.34541091	0.12327756
0.77499998	0.09950172	0.09541093
0.77599998	0.48988065	0.10697588
0.77699998	0.76768577	0.15603469
0.77799998	0.85780632	0.22342519
0.77899998	0.74643207	0.29973549
0.77999998	0.45850763	0.35509965
0.78099998	0.03786294	0.38112080
0.78199998	-0.37672243	0.37512302
0.78299998	-0.72539371	0.33756766
0.78399998	-0.87158585	0.27928150
0.78499998	-0.79472196	0.20903051
0.78599998	-0.52851254	0.15074433
0.78699998	-0.11023622	0.11318897
0.78799998	0.30358022	0.10734498
0.78899998	0.65157479	0.13398130
0.78999998	0.83446109	0.18654650
0.79099998	0.82357281	0.25744340
0.79199998	0.62358516	0.31862080
0.79299998	0.26651698	0.36103591
0.79399998	-0.15652682	0.37567666
0.79499998	-0.58390749	0.36054379
0.79599998	-0.83286172	0.31397638
0.79699998	-0.86915600	0.24311024
0.79799998	-0.68999141	0.17590427
0.79899998	-0.31889763	0.12198573
0.79999998	0.09519562	0.09854823
0.80099998	0.49160311	0.10882135
0.80199998	0.75565946	0.15277436
0.80299998	0.84584153	0.22428642
0.80399998	0.74215674	0.29149237
0.80499998	0.46256766	0.34479576
0.80599998	0.06016240	0.37084767
0.80699998	-0.40594241	0.36540353
0.80799998	-0.73379058	0.33055487
0.80899998	-0.87782973	0.27180734
0.80999998	-0.80093503	0.20457062
0.81099998	-0.51221085	0.13853346
0.81199998	-0.12413878	0.10337722
0.81299998	0.30680978	0.10396162
0.81399998	0.64093256	0.13619587
0.81499998	0.82674092	0.19555856
0.81599998	0.82166582	0.26264149
0.81699998	0.62801427	0.32747909
0.81799998	0.27276084	0.36832553
0.81899998	-0.19091412	0.37921384
0.81999998	-0.57698697	0.35593012
0.82099998	-0.83120078	0.30201155
0.82199998	-0.86555731	0.23480561
0.82299998	-0.67365897	0.16393946
0.82399998	-0.33796751	0.11737204
0.82499998	0.09298106	0.10223917
0.82599998	0.48013040	0.11687992
0.82699998	0.76522517	0.15929502
0.82799998	0.85857528	0.22031865
0.82899998	0.74658585	0.29060039
0.82999998	0.45850763	0.34608760
0.83099998	0.03786294	0.37881398
0.83199998	-0.37672243	0.37589198
0.83299998	-0.72539371	0.33772147
0.83399998	-0.87143207	0.27946603
0.83499998	-0.79395300	0.20976870
0.83599998	-0.53081942	0.14840674
0.83699998	-0.11921752	0.10420768
0.83799998	0.29456815	0.09833292
0.83899998	0.64926797	0.13167445
0.83999998	0.83523005	0.18716167
0.84099998	0.82372659	0.25682825
0.84199998	0.62358516	0.32095841
0.84299998	0.26651698	0.37001723
0.84399998	-0.15668061	0.38465798
0.84499998	-0.58467644	0.36285064
0.84599998	-0.83040106	0.31323817
0.84699998	-0.85943651	0.24295644
0.84799998	-0.68334770	0.17590427
0.84899998	-0.32557210	0.12198573
0.84999998	0.08529159	0.09854823
0.85099998	0.48837352	0.10882135
0.85199998	0.75873524	0.15277436
0.85299998	0.85497659	0.22428642
0.85399998	0.75113803	0.29133859
0.85499998	0.46487451	0.34402683
0.85599998	0.05923967	0.37318528
0.85699998	-0.40686515	0.37438485
0.85799998	-0.73148376	0.33938238
0.85899998	-0.86884844	0.27334523
0.85999998	-0.79198450	0.20626231
0.86099998	-0.50990403	0.14812993
0.86199998	-0.12506151	0.11005167
0.86299998	0.30588704	0.09731791
0.86399998	0.64327019	0.12663017
0.86499998	0.83575296	0.19386688
0.86599998	0.83064717	0.26107284
0.86699998	0.63035184	0.31862080
0.86799998	0.27199188	0.35915971
0.86899998	-0.19106792	0.37613803
0.86999998	-0.57683319	0.35885212
0.87099998	-0.83043182	0.31040847
0.87199998	-0.86801797	0.24612451
0.87299998	-0.68340921	0.17525837
0.87399998	-0.34464198	0.12561515
0.87499998	0.09965551	0.10442298
0.87599998	0.48988065	0.11611097
0.87699998	0.76768577	0.15911049
0.87799998	0.85780632	0.22031865
0.87899998	0.74643207	0.29060039
0.87999998	0.45850763	0.34608760
0.88099998	0.03786294	0.37881398
0.88199998	-0.37656865	0.37589198
0.88299998	-0.72462475	0.33772147
0.88399998	-0.87389272	0.27946603
0.88499998	-0.80367249	0.20976870
0.88599998	-0.53746307	0.14840674
0.88699998	-0.11254306	0.10420768
0.88799998	0.30434915	0.09833292
0.88899998	0.65172857	0.13167445
0.88999998	0.83446109	0.18716167
0.89099998	0.82357281	0.25682825
0.89199997	0.62358516	0.32095841
0.89299997	0.26651698	0.37001723
0.89399997	-0.15652682	0.38465798
0.89499997	-0.58390749	0.36285064
0.89599997	-0.83270794	0.31323817
0.89699997	-0.86838704	0.24295644
0.89799997	-0.69229823	0.17590427
0.89899997	-0.32790971	0.12198573
0.89999997	0.08606053	0.09854823
0.90099997	0.48852730	0.10882135
0.90199997	0.75873524	0.15277436
0.90299997	0.85497659	0.22428642
0.90399997	0.75113803	0.29149237
0.90499997	0.46487451	0.34479576
0.90599997	0.05939345	0.37084767
0.90699997	-0.40609622	0.36540353
0.90799997	-0.73363680	0.33040109
0.90899997	-0.87706077	0.27103838
0.90999997	-0.80324185	0.20687746
0.91099997	-0.52116144	0.14751476
0.91199997	-0.13327387	0.11235851
0.91299997	0.30373400	0.10629921
0.91399997	0.64403909	0.13558070
0.91499997	0.83590674	0.19617371
0.91599997	0.83064717	0.26033464
0.91699997	0.63035184	0.31846702
0.91799997	0.27199188	0.35931349
0.91899997	-0.19106792	0.37690699
0.91999997	-0.57683319	0.35654527
0.92099997	-0.83043182	0.30139640
0.92199997	-0.86801797	0.23711245
0.92299997	-0.68340921	0.17292076
0.92399997	-0.34464198	0.12638411
0.92499997	0.09965551	0.10457677
0.92599997	0.48988065	0.11611097
0.92699997	0.76768577	0.15911049
0.92799997	0.85780632	0.22031865
0.92899997	0.74643207	0.29060039
0.92999997	0.45850763	0.34608760
0.93099997	0.03786294	0.37881398
0.93199997	-0.37672243	0.37604576
0.93299997	-0.72539371	0.33849040
0.93399997	-0.87143207	0.27712846
0.93499997	-0.79395300	0.20078740
0.93599997	-0.53081942	0.13942544
0.93699997	-0.11921752	0.10187007
0.93799997	0.29456815	0.09910187
0.93899997	0.64926797	0.13182825
0.93999997	0.83538383	0.18731545
0.94099997	0.82449555	0.25759721
0.94199997	0.62127829	0.31880537
0.94299997	0.25750491	0.36180487
0.94399997	-0.16550812	0.37333909
0.94499997	-0.58621430	0.35153174
0.94599997	-0.83193898	0.30499509
0.94699997	-0.86823326	0.24080339
0.94799997	-0.69229823	0.17651944
0.94899997	-0.32790971	0.12137057
0.94999997	0.08606053	0.10085507
0.95099997	0.48852730	0.11783341
0.95199997	0.75873524	0.16175567
0.95299997	0.85497659	0.22659326
0.95399997	0.75113803	0.29072341
0.95499997	0.46487451	0.34464198
0.95599997	0.05923967	0.37084767
0.95699997	-0.40686515	0.36540353
0.95799997	-0.73132998	0.33055487
0.95899997	-0.86807948	0.27180734
0.95999997	-0.79429132	0.20457062
0.96099997	-0.51885456	0.13853346
0.96199997	-0.13404281	0.10353100
0.96299997	0.30358022	0.10473056
0.96399997	0.64403909	0.13388902
0.96499997	0.83590674	0.18657726
0.96599997	0.83064717	0.25362942
0.96699997	0.63035184	0.32514149
0.96799997	0.27199188	0.36909449
0.96899997	-0.19106792	0.37936762
0.96999997	-0.57683319	0.35577634
0.97099997	-0.83043182	0.30124262
0.97199997	-0.86801797	0.23711245
0.97299997	-0.68340921	0.17292076
0.97399997	-0.34464198	0.12638411
0.97499997	0.09965551	0.10457677
0.97599997	0.48988065	0.11611097
0.97699997	0.76768577	0.15911049
0.97799997	0.85780632	0.22047244
0.97899997	0.74643207	0.29136935
0.97999997	0.45866141	0.34378076
0.98099997	0.03863189	0.36980191
0.98199997	-0.37902927	0.36687991
0.98299997	-0.73437500	0.33541462
0.98399997	-0.88059795	0.28020424
0.98499997	-0.79702878	0.20992249
0.98599997	-0.52774358	0.14840674
0.98699997	-0.11008243	0.10420768
0.98799997	0.30358022	0.09833292
0.98899997	0.65157479	0.13167445
0.98999997	0.83461493	0.18716167
0.99099997	0.82431102	0.25682825
0.99199997	0.62127829	0.32095841
0.99299997	0.25750491	0.37001723
0.99399997	-0.16566192	0.38465798
0.99499997	-0.58698326	0.36285064
0.99599997	-0.82978594	0.31323817
0.99699997	-0.86005169	0.24295644
0.99799997	-0.68101007	0.17590427
0.99899997	-0.31659079	0.12198573
0.99999997	0.09427288	0.09854823
1.00099997	0.49068037	0.10882135
1.00199997	0.75796628	0.15277436
1.00299997	0.85482281	0.22428642
1.00399997	0.75113803	0.29133859
1.00499997	0.46487451	0.34402683
1.00599997	0.05923967	0.37318528
1.00699997	-0.40686515	0.37438485
1.00799997	-0.73148376	0.33938238
1.00899997	-0.86884844	0.27334523
1.00999997	-0.79198450	0.20610851
1.01099997	-0.50990403	0.14736098
1.01199997	-0.12506151	0.11235851
1.01299997	0.30588704	0.10629921
1.01399997	0.64327019	0.13542692
1.01499997	0.83575296	0.19540477
1.01599997	0.83049333	0.26264149
1.01699997	0.62958294	0.32747909
1.01799997	0.27432948	0.36817175
1.01899997	-0.18208662	0.37844488
1.01999997	-0.56782109	0.35808316
1.02099997	-0.82812500	0.31025466
1.02199997	-0.86878693	0.24627830
1.02299997	-0.68356299	0.17599656
1.02399997	-0.34448817	0.12327756
1.02499997	0.10042446	0.09541093
1.02599997	0.48757380	0.10712968
1.02699997	0.75870448	0.15680364
1.02799997	0.84882504	0.22108760
1.02899997	0.74412525	0.29075417
1.02999997	0.45927659	0.34608760
1.03099997	0.03801673	0.37881398
1.03199997	-0.37672243	0.37589198
1.03299997	-0.72539371	0.33772147
1.03399997	-0.87158585	0.27928150
1.03499997	-0.79472196	0.20903051
1.03599997	-0.52851254	0.15074433
1.03699997	-0.11023622	0.11318897
1.03799997	0.30358022	0.10734498
1.03899997	0.65157479	0.13398130
1.03999997	0.83461493	0.18654650
1.04099997	0.82431102	0.25744340
1.04199997	0.62127829	0.31862080
1.04299997	0.25750491	0.36103591
1.04399997	-0.16566192	0.37567666
1.04499997	-0.58698326	0.36054379
1.04599997	-0.82963210	0.31397638
1.04699997	-0.85928273	0.24311024
1.04799997	-0.68334770	0.17575049
1.04899997	-0.32557210	0.12121678
1.04999997	0.08529159	0.10085507
1.05099997	0.48837352	0.11783341
1.05199997	0.75888902	0.16160187
1.05299997	0.85574555	0.22582431
1.05399997	0.74883121	0.29306102
1.05499997	0.45592397	0.35362327
1.05599997	0.05028912	0.37982899
1.05699997	-0.40920275	0.36771038
1.05799997	-0.73056102	0.32978591
1.05899997	-0.86792570	0.27165353
1.05999997	-0.79429132	0.20472440
1.06099997	-0.51885456	0.13927165
1.06199997	-0.13388902	0.10119341
1.06299997	0.30431840	0.09578002
1.06399997	0.64185530	0.12490772
1.06499997	0.82766360	0.18427043
1.06599997	0.81935900	0.25439838
1.06699997	0.61906374	0.32529527
1.06799997	0.26381028	0.36894071
1.06899997	-0.19322096	0.37859866
1.06999997	-0.57606423	0.35808316
1.07099997	-0.83027804	0.31025466
1.07199997	-0.86801797	0.24612451
1.07299997	-0.68340921	0.17525837
1.07399997	-0.34464198	0.12561515
1.07499997	0.09965551	0.10442298
1.07599997	0.48988065	0.11611097
1.07699997	0.76768577	0.15911049
1.07799997	0.85780632	0.22031865
1.07899997	0.74643207	0.29060039
1.07999997	0.45850763	0.34608760
1.08099997	0.03786294	0.37881398
1.08199997	-0.37656865	0.37589198
1.08299997	-0.72462475	0.33772147
1.08399997	-0.87389272	0.27946603
1.08499997	-0.80367249	0.20976870
1.08599997	-0.53746307	0.14840674
1.08699997	-0.11254306	0.10420768
1.08799997	0.30434915	0.09833292
1.08899997	0.65172857	0.13167445
1.08999997	0.83446109	0.18731545
1.09099997	0.82357281	0.25759721
1.09199997	0.62358516	0.31862080
1.09299997	0.26651698	0.36103591
1.09399997	-0.15652682	0.37567666
1.09499997	-0.58390749	0.36054379
1.09599997	-0.83286172	0.31397638
1.09699997	-0.86915600	0.24311024
1.09799997	-0.69014519	0.17575049
1.09899997	-0.31966659	0.12121678
1.09999997	0.09753322	0.10085507
1.10099997	0.50061518	0.11783341
1.10199997	0.76464075	0.16175567
1.10299997	0.84814835	0.22659326
1.10399997	0.74138778	0.29056963
1.10499997	0.46241388	0.34387302
1.10599997	0.06016240	0.37318528
1.10699997	-0.40594241	0.37438485
1.10799997	-0.73379058	0.33938238
1.10899997	-0.87782973	0.27334523
1.10999997	-0.80093503	0.20610851
1.11099997	-0.51221085	0.14736098
1.11199997	-0.12413878	0.11235851
1.11299997	0.30680978	0.10629921
1.11399997	0.64093256	0.13542692
1.11499997	0.82674092	0.19540477
1.11599997	0.82166582	0.26264149
1.11699997	0.62801427	0.32747909
1.11799997	0.27276084	0.36832553
1.11899997	-0.19091412	0.37921384
1.11999997	-0.57683319	0.35577634
1.12099997	-0.83043182	0.30124262
1.12199997	-0.86801797	0.23711245
1.12299997	-0.68340921	0.17292076
1.12399997	-0.34464198	0.12638411
1.12499997	0.09965551	0.10457677
1.12599997	0.48988065	0.11611097
1.12699997	0.76768577	0.15911049
1.12799997	0.85780632	0.22031865
1.12899997	0.74643207	0.29060039
1.12999997	0.45866141	0.34608760
1.13099997	0.03863189	0.37881398
1.13199997	-0.37902927	0.37604576
1.13299997	-0.73437500	0.33849040
1.13399997	-0.88059795	0.27712846
1.13499997	-0.79702878	0.20078740
1.13599997	-0.52774358	0.13942544
1.13699997	-0.11008243	0.10187007
1.13799997	0.30358022	0.09910187
1.13899997	0.65157479	0.13182825
1.13999997	0.83461493	0.18731545
1.14099997	0.82431102	0.25759721
1.14199997	0.62127829	0.31862080
1.14299997	0.25750491	0.36103591
1.14399997	-0.16566192	0.37567666
1.14499997	-0.58698326	0.36054379
1.14599997	-0.82963210	0.31397638
1.14699997	-0.85928273	0.24311024
1.14799997	-0.68334770	0.17575049
1.14899997	-0.32557210	0.12121678
1.14999997	0.08529159	0.10085507
1.15099997	0.48837352	0.11783341
1.15199997	0.75873524	0.16175567
1.15299997	0.85497659	0.22659326
1.15399997	0.75113803	0.29072341
1.15499997	0.46487451	0.34464198
1.15599997	0.05923967	0.37069389
1.15699997	-0.40686515	0.36463460
1.15799997	-0.73132998	0.33270791
1.15899997	-0.86807948	0.28001967
1.15999997	-0.79429132	0.21588951
1.16099997	-0.51885456	0.14985237
1.16199997	-0.13404281	0.11174335
1.16299997	0.30358022	0.10691437
1.16399997	0.64419293	0.13312007
1.16499997	0.83667570	0.18642348
1.16599997	0.82834029	0.25362942
1.16699997	0.62137055	0.32514149
1.16799997	0.26288754	0.36894071
1.16899997	-0.19414370	0.37859866
1.16999997	-0.57375735	0.35808316
1.17099997	-0.82129675	0.31025466
1.17199997	-0.85903668	0.24612451
1.17299997	-0.68110234	0.17525837
1.17399997	-0.34541091	0.12561515
1.17499997	0.09950172	0.10442298
1.17599997	0.48988065	0.11611097
1.17699997	0.76768577	0.15911049
1.17799997	0.85780632	0.22031865
1.17899997	0.74643207	0.29060039
1.17999997	0.45866141	0.34608760
1.18099997	0.03863189	0.37881398
1.18199997	-0.37887549	0.37589198
1.18299997	-0.73360604	0.33772147
1.18399997	-0.88290477	0.27946603
1.18499997	-0.80601007	0.20976870
1.18599997	-0.53669417	0.14840674
1.18699997	-0.11238927	0.10420768
1.18799997	0.30434915	0.09833292
1.18899997	0.65172857	0.13167445
1.18999997	0.83446109	0.18716167
1.19099997	0.82357281	0.25682825
1.19199997	0.62358516	0.32111222
1.19299997	0.26651698	0.37078616
1.19399997	-0.15652682	0.38235113
1.19499997	-0.58390749	0.35386935
1.19599997	-0.83286172	0.30422613
1.19699997	-0.86915600	0.24064961
1.19799997	-0.69014519	0.17651944
1.19899997	-0.31966659	0.12137057
1.19999997	0.09737943	0.10085507
1.20099997	0.49984622	0.11783341
1.20199997	0.76694757	0.16175567
1.20299997	0.85712969	0.22659326
1.20399997	0.75036907	0.29056963
1.20499997	0.46472073	0.34387302
1.20599997	0.05939345	0.37318528
1.20699997	-0.40609622	0.37438485
1.20799997	-0.73363680	0.33938238
1.20899997	-0.87706077	0.27334523
1.20999997	-0.80324185	0.20610851
1.21099997	-0.52116144	0.14736098
1.21199997	-0.13327387	0.11235851
1.21299997	0.30373400	0.10629921
1.21399997	0.64403909	0.13542692
1.21499997	0.83590674	0.19540477
1.21599997	0.83064717	0.26264149
1.21699997	0.63035184	0.32747909
1.21799997	0.27199188	0.36817175
1.21899997	-0.19106792	0.37844488
1.21999997	-0.57683319	0.35808316
1.22099997	-0.83043182	0.31025466
1.22199997	-0.86801797	0.24612451
1.22299997	-0.68340921	0.17525837
1.22399997	-0.34464198	0.12561515
1.22499997	0.09965551	0.10442298
1.22599997	0.48988065	0.11595719
1.22699997	0.76768577	0.15837230
1.22799997	0.85796010	0.22265625
1.22899997	0.74720103	0.29958171
1.22999997	0.45635459	0.35509965
1.23099997	0.02965059	0.38112080
1.23199997	-0.38801059	0.37512302
1.23299997	-0.73668182	0.33756766
1.23399997	-0.87982899	0.27928150
1.23499997	-0.79687500	0.20903051
1.23599997	-0.52774358	0.15074433
1.23699997	-0.11008243	0.11318897
1.23799997	0.30358022	0.10734498
1.23899997	0.65157479	0.13398130
1.23999997	0.83461493	0.18639271
1.24099997	0.82431102	0.25667447
1.24199997	0.62127829	0.32111222
1.24299997	0.25750491	0.37078616
1.24399997	-0.16550812	0.38235113
1.24499997	-0.58621430	0.35386935
1.24599996	-0.83193898	0.30422613
1.24699996	-0.86823326	0.24064961
1.24799996	-0.69229823	0.17667323
1.24899996	-0.32790971	0.12213952
1.24999996	0.08606053	0.09854823
1.25099996	0.48852730	0.10882135
1.25199996	0.75873524	0.15277436
1.25299996	0.85497659	0.22428642
1.25399996	0.75113803	0.29133859
1.25499996	0.46487451	0.34402683
1.25599996	0.05939345	0.37318528
1.25699996	-0.40609622	0.37438485
1.25799996	-0.73363680	0.33938238
1.25899996	-0.87706077	0.27334523
1.25999996	-0.80324185	0.20610851
1.26099996	-0.52116144	0.14736098
1.26199996	-0.13327387	0.11235851
1.26299996	0.30373400	0.10629921
1.26399996	0.64419293	0.13542692
1.26499996	0.83667570	0.19540477
1.26599996	0.82834029	0.26264149
1.26699996	0.62137055	0.32747909
1.26799996	0.26304135	0.36817175
1.26899996	-0.19337475	0.37844488
1.26999996	-0.57606423	0.35808316
1.27099996	-0.83027804	0.31025466
1.27199996	-0.86801797	0.24612451
1.27299996	-0.68340921	0.17525837
1.27399996	-0.34464198	0.12561515
1.27499996	0.09965551	0.10442298
1.27599996	0.48988065	0.11611097
1.27699996	0.76768577	0.15911049
1.27799996	0.85780632	0.22031865
1.27899996	0.74643207	0.29060039
1.27999996	0.45850763	0.34608760
1.28099996	0.03786294	0.37881398
1.28199996	-0.37656865	0.37604576
1.28299996	-0.72462475	0.33849040
1.28399996	-0.87389272	0.27712846
1.28499996	-0.80367249	0.20078740
1.28599996	-0.53746307	0.13942544
1.28699996	-0.11254306	0.10187007
1.28799996	0.30434915	0.09910187
1.28899996	0.65172857	0.13182825
1.28999996	0.83446109	0.18716167
1.29099996	0.82357281	0.25682825
1.29199996	0.62358516	0.32111222
1.29299996	0.26651698	0.37078616
1.29399996	-0.15668061	0.38235113
1.29499996	-0.58467644	0.35386935
1.29599996	-0.83040106	0.30422613
1.29699996	-0.85943651	0.24064961
1.29799996	-0.68334770	0.17651944
1.29899996	-0.32557210	0.12137057
1.29999996	0.08544537	0.10085507
1.30099996	0.48914248	0.11783341
1.30199996	0.75642842	0.16175567
1.30299996	0.84599531	0.22659326
1.30399996	0.74215674	0.29056963
1.30499996	0.46256766	0.34387302
1.30599996	0.06000861	0.37303150
1.30699996	-0.40671137	0.37361589
1.30799996	-0.73148376	0.34187376
1.30899996	-0.86884844	0.28312624
1.30999996	-0.79198450	0.21281374
1.31099996	-0.50990403	0.14068651
1.31199996	-0.12506151	0.10276206
1.31299996	0.30588704	0.10457677
1.31399996	0.64327019	0.13404281
1.31499996	0.83575296	0.18734621
1.31599996	0.83064717	0.25132260
1.31699996	0.63035184	0.31616017
1.31799996	0.27183810	0.35992864
1.31899996	-0.19183686	0.37629184
1.31999996	-0.57468009	0.35885212
1.32099996	-0.82221949	0.31040847
1.32199996	-0.85669905	0.24612451
1.32299996	-0.67209029	0.17525837
1.32399996	-0.33639887	0.12561515
1.32499996	0.10183932	0.10442298
1.32599996	0.48911172	0.11611097
1.32699996	0.76753199	0.15911049
1.32799996	0.85780632	0.22031865
1.32899996	0.74643207	0.29060039
1.32999996	0.45850763	0.34608760
1.33099996	0.03786294	0.37881398
1.33199996	-0.37672243	0.37589198
1.33299996	-0.72539371	0.33772147
1.33399996	-0.87158585	0.27946603
1.33499996	-0.79472196	0.20976870
1.33599996	-0.52851254	0.14840674
1.33699996	-0.11023622	0.10420768
1.33799996	0.30358022	0.09833292
1.33899996	0.65157479	0.13167445
1.33999996	0.83461493	0.18716167
1.34099996	0.82431102	0.25682825
1.34199996	0.62127829	0.32111222
1.34299996	0.25750491	0.37078616
1.34399996	-0.16566192	0.38235113
1.34499996	-0.58698326	0.35386935
1.34599996	-0.82963210	0.30422613
1.34699996	-0.85928273	0.24064961
1.34799996	-0.68334770	0.17667323
1.34899996	-0.32557210	0.12213952
1.34999996	0.08529159	0.09854823
1.35099996	0.48837352	0.10882135
1.35199996	0.75873524	0.15262057
1.35299996	0.85497659	0.22351746
1.35399996	0.75113803	0.29364541
1.35499996	0.46487451	0.35300812
1.35599996	0.05923967	0.38198203
1.35699996	-0.40686515	0.37595350
1.35799996	-0.73132998	0.34110484
1.35899996	-0.86807948	0.28297243
1.35999996	-0.79429132	0.21281374
1.36099996	-0.51885456	0.14068651
1.36199996	-0.13404281	0.10260827
1.36299996	0.30358022	0.10380782
1.36399996	0.64403909	0.13619587
1.36499996	0.83590674	0.19555856
1.36599996	0.83064717	0.26264149
1.36699996	0.63035184	0.32747909
1.36799996	0.27183810	0.36832553
1.36899996	-0.19183686	0.37921384
1.36999996	-0.57449555	0.35577634
1.37099996	-0.82145053	0.30124262
1.37199996	-0.85903668	0.23711245
1.37299996	-0.68110234	0.17292076
1.37399996	-0.34541091	0.12638411
1.37499996	0.09950172	0.10457677
1.37599996	0.48988065	0.11611097
1.37699996	0.76768577	0.15911049
1.37799996	0.85780632	0.22031865
1.37899996	0.74643207	0.29060039
1.37999996	0.45866141	0.34608760
1.38099996	0.03863189	0.37881398
1.38199996	-0.37902927	0.37589198
1.38299996	-0.73437500	0.33772147
1.38399996	-0.88059795	0.27928150
1.38499996	-0.79702878	0.20903051
1.38599996	-0.52774358	0.15074433
1.38699996	-0.11008243	0.11318897
1.38799996	0.30358022	0.10734498
1.38899996	0.65157479	0.13398130
1.38999996	0.83446109	0.18639271
1.39099996	0.82357281	0.25667447
1.39199996	0.62358516	0.32095841
1.39299996	0.26651698	0.37001723
1.39399996	-0.15652682	0.38465798
1.39499996	-0.58390749	0.36285064
1.39599996	-0.83270794	0.31323817
1.39699996	-0.86838704	0.24295644
1.39799996	-0.69229823	0.17590427
1.39899996	-0.32790971	0.12198573
1.39999996	0.08621432	0.09854823
1.40099996	0.48929626	0.10882135
1.40199996	0.75642842	0.15277436
1.40299996	0.84599531	0.22428642
1.40399996	0.74215674	0.29133859
1.40499996	0.46256766	0.34402683
1.40599996	0.06016240	0.37318528
1.40699996	-0.40594241	0.37438485
1.40799996	-0.73379058	0.33938238
1.40899996	-0.87782973	0.27334523
1.40999996	-0.80093503	0.20610851
1.41099996	-0.51221085	0.14736098
1.41199996	-0.12429257	0.11235851
1.41299996	0.30604085	0.10629921
1.41399996	0.64327019	0.13542692
1.41499996	0.83575296	0.19540477
1.41599996	0.83064717	0.26264149
1.41699996	0.63035184	0.32747909
1.41799996	0.27183810	0.36817175
1.41899996	-0.19183686	0.37844488
1.41999996	-0.57449555	0.35808316
1.42099996	-0.82145053	0.31025466
1.42199996	-0.85888284	0.24612451
1.42299996	-0.68033344	0.17525837
1.42399996	-0.34771776	0.12561515
1.42499996	0.09052042	0.10442298
1.42599996	0.48089936	0.11611097
1.42699996	0.76537895	0.15911049
1.42799996	0.85857528	0.22047244
1.42899996	0.74658585	0.29136935
1.42999996	0.45866141	0.34378076
1.43099996	0.03863189	0.36980191
1.43199996	-0.37902927	0.36687991
1.43299996	-0.73437500	0.33541462
1.43399996	-0.88041335	0.28005046
1.43499996	-0.79625982	0.20918430
1.43599996	-0.53005046	0.15074433
1.43699996	-0.11906373	0.11318897
1.43799996	0.29456815	0.10734498
1.43899996	0.64926797	0.13398130
1.43999996	0.83538383	0.18654650
1.44099996	0.82449555	0.25744340
1.44199996	0.62127829	0.31880537
1.44299996	0.25750491	0.36180487
1.44399996	-0.16566192	0.37333909
1.44499996	-0.58698326	0.35153174
1.44599996	-0.82978594	0.30499509
1.44699996	-0.86005169	0.24080339
1.44799996	-0.68101007	0.17651944
1.44899996	-0.31659079	0.12137057
1.44999996	0.09427288	0.10085507
1.45099996	0.49068037	0.11783341
1.45199996	0.75796628	0.16175567
1.45299996	0.85482281	0.22659326
1.45399996	0.75113803	0.29056963
1.45499996	0.46487451	0.34387302
1.45599996	0.05923967	0.37318528
1.45699996	-0.40686515	0.37438485
1.45799996	-0.73132998	0.33938238
1.45899996	-0.86807948	0.27334523
1.45999996	-0.79429132	0.20610851
1.46099996	-0.51885456	0.14736098
1.46199996	-0.13404281	0.11235851
1.46299996	0.30358022	0.10629921
1.46399996	0.64419293	0.13542692
1.46499996	0.83667570	0.19540477
1.46599996	0.82834029	0.26264149
1.46699996	0.62137055	0.32747909
1.46799996	0.26304135	0.36832553
1.46899996	-0.19337475	0.37921384
1.46999996	-0.57606423	0.35577634
1.47099996	-0.83027804	0.30124262
1.47199996	-0.86801797	0.23711245
1.47299996	-0.68340921	0.17292076
1.47399996	-0.34464198	0.12638411
1.47499996	0.09965551	0.10457677
1.47599996	0.48988065	0.11611097
1.47699996	0.76768577	0.15911049
1.47799996	0.85780632	0.22031865
1.47899996	0.74643207	0.29060039
1.47999996	0.45850763	0.34608760
1.48099996	0.03786294	0.37881398
1.48199996	-0.37656865	0.37589198
1.48299996	-0.72462475	0.33772147
1.48399996	-0.87389272	0.27946603
1.48499996	-0.80367249	0.20976870
1.48599996	-0.53746307	0.14840674
1.48699996	-0.11254306	0.10420768
1.48799996	0.30434915	0.09833292
1.48899996	0.65172857	0.13167445
1.48999996	0.83461493	0.18731545
1.49099996	0.82431102	0.25759721
1.49199996	0.62127829	0.31880537
1.49299996	0.25750491	0.36180487
1.49399996	-0.16550812	0.37333909
1.49499996	-0.58621430	0.35153174
1.49599996	-0.83209276	0.30499509
1.49699996	-0.86900222	0.24080339
1.49799996	-0.68999141	0.17667323
1.49899996	-0.31889763	0.12213952
1.49999996	0.09519562	0.09854823
1.50099996	0.49160311	0.10882135
1.50199996	0.75565946	0.15262057
1.50299996	0.84584153	0.22351746
1.50399996	0.74215674	0.29364541
1.50499996	0.46256766	0.35300812
1.50599996	0.06016240	0.38198203
1.50699996	-0.40594241	0.37595350
1.50799996	-0.73363680	0.34095103
1.50899996	-0.87706077	0.28220350
1.50999996	-0.80324185	0.21512057
1.51099996	-0.52116144	0.14969857
1.51199996	-0.13312007	0.11158957
1.51299996	0.30450296	0.10614542
1.51399996	0.64170152	0.13542692
1.51499996	0.82689470	0.19540477
1.51599996	0.82166582	0.26264149
1.51699996	0.62801427	0.32747909
1.51799996	0.27276084	0.36817175
1.51899996	-0.19091412	0.37844488
1.51999996	-0.57683319	0.35808316
1.52099996	-0.83043182	0.31025466
1.52199996	-0.86801797	0.24612451
1.52299996	-0.68340921	0.17525837
1.52399996	-0.34464198	0.12561515
1.52499996	0.09965551	0.10442298
1.52599996	0.48988065	0.11595719
1.52699996	0.76768577	0.15837230
1.52799996	0.85780632	0.22265625
1.52899996	0.74643207	0.29958171
1.52999996	0.45866141	0.35509965
1.53099996	0.03863189	0.38112080
1.53199996	-0.37887549	0.37512302
1.53299996	-0.73360604	0.33756766
1.53399996	-0.88290477	0.27946603
1.53499996	-0.80601007	0.20976870
1.53599996	-0.53669417	0.14840674
1.53699996	-0.11238927	0.10420768
1.53799996	0.30434915	0.09833292
1.53899996	0.65172857	0.13167445
1.53999996	0.83461493	0.18716167
1.54099996	0.82431102	0.25682825
1.54199996	0.62127829	0.32095841
1.54299996	0.25750491	0.37001723
1.54399996	-0.16566192	0.38465798
1.54499996	-0.58698326	0.36285064
1.54599996	-0.82963210	0.31323817
1.54699996	-0.85928273	0.24295644
1.54799996	-0.68334770	0.17590427
1.54899996	-0.32557210	0.12198573
1.54999996	0.08529159	0.09870202
1.55099996	0.48837352	0.10959031
1.55199996	0.75873524	0.15028298
1.55299996	0.85497659	0.21450542
1.55399996	0.75113803	0.28481790
1.55499996	0.46487451	0.35143948
1.55599996	0.05939345	0.38059792
1.55699996	-0.40609622	0.36786416
1.55799996	-0.73363680	0.32963213
1.55899996	-0.87706077	0.27088460
1.55999996	-0.80324185	0.20687746
1.56099996	-0.52116144	0.14751476
1.56199996	-0.13327387	0.11251231
1.56299996	0.30373400	0.10706816
1.56399996	0.64419293	0.13312007
1.56499996	0.83667570	0.18642348
1.56599996	0.82834029	0.25362942
1.56699996	0.62137055	0.32514149
1.56799996	0.26304135	0.36894071
1.56899996	-0.19337475	0.37859866
1.56999996	-0.57606423	0.35808316
1.57099996	-0.83027804	0.31025466
1.57199996	-0.86801797	0.24612451
1.57299996	-0.68340921	0.17525837
1.57399996	-0.34464198	0.12561515
1.57499996	0.09965551	0.10442298
1.57599996	0.48988065	0.11611097
1.57699996	0.76768577	0.15911049
1.57799996	0.85780632	0.22031865
1.57899996	0.74643207	0.29060039
1.57999996	0.45850763	0.34608760
1.58099996	0.03786294	0.37881398
1.58199996	-0.37656865	0.37589198
1.58299996	-0.72462475	0.33772147
1.58399996	-0.87389272	0.27946603
1.58499996	-0.80367249	0.20976870
1.58599996	-0.53746307	0.14840674
1.58699996	-0.11254306	0.10420768
1.58799996	0.30434915	0.09833292
1.58899996	0.65172857	0.13167445
1.58999996	0.83461493	0.18731545
1.59099996	0.82431102	0.25759721
1.59199996	0.62127829	0.31862080
1.59299996	0.25750491	0.36103591
1.59399996	-0.16550812	0.37567666
1.59499996	-0.58621430	0.36054379
1.59599996	-0.83209276	0.31397638
1.59699996	-0.86900222	0.24311024
1.59799996	-0.68999141	0.17590427
1.59899995	-0.31889763	0.12198573
1.59999995	0.09519562	0.09854823
1.60099995	0.49160311	0.10882135
1.60199995	0.75565946	0.15277436
1.60299995	0.84584153	0.22428642
1.60399995	0.74215674	0.29133859
1.60499995	0.46256766	0.34402683
1.60599995	0.06000861	0.37318528
1.60699995	-0.40671137	0.37438485
1.60799995	-0.73148376	0.33938238
1.60899995	-0.86884844	0.27334523
1.60999995	-0.79198450	0.20610851
1.61099995	-0.50990403	0.14736098
1.61199995	-0.12490772	0.11251231
1.61299995	0.30665600	0.10706816
1.61399995	0.64093256	0.13312007
1.61499995	0.82674092	0.18642348
1.61599995	0.82166582	0.25362942
1.61699995	0.62801427	0.32514149
1.61799995	0.27276084	0.36909449
1.61899995	-0.19091412	0.37936762
1.61999995	-0.57683319	0.35577634
1.62099995	-0.83043182	0.30124262
1.62199995	-0.86801797	0.23711245
1.62299995	-0.68340921	0.17292076
1.62399995	-0.34464198	0.12638411
1.62499995	0.09965551	0.10457677
1.62599995	0.48988065	0.11611097
1.62699995	0.76768577	0.15911049
1.62799995	0.85780632	0.22031865
1.62899995	0.74643207	0.29060039
1.62999995	0.45850763	0.34608760
1.63099995	0.03786294	0.37881398
1.63199995	-0.37672243	0.37589198
1.63299995	-0.72539371	0.33772147
1.63399995	-0.87158585	0.27928150
1.63499995	-0.79472196	0.20903051
1.63599995	-0.52835876	0.15074433
1.63699995	-0.10946728	0.11318897
1.63799995	0.30124262	0.10734498
1.63899995	0.64259350	0.13398130
1.63999995	0.82560283	0.18639271
1.64099995	0.82200420	0.25667447
1.64199995	0.62204725	0.32095841
1.64299995	0.25765872	0.37001723
1.64399995	-0.16566192	0.38465798
1.64499995	-0.58698326	0.36285064
1.64599995	-0.82963210	0.31323817
1.64699995	-0.85928273	0.24295644
1.64799995	-0.68350148	0.17575049
1.64899995	-0.32634103	0.12121678
1.64999995	0.08759843	0.10085507
1.65099995	0.49735484	0.11783341
1.65199995	0.76787031	0.16175567
1.65299995	0.85805243	0.22659326
1.65399995	0.74806225	0.29056963
1.65499995	0.45577016	0.34387302
1.65599995	0.05028912	0.37318528
1.65699995	-0.40920275	0.37438485
1.65799995	-0.73056102	0.33938238
1.65899995	-0.86792570	0.27334523
1.65999995	-0.79429132	0.20610851
1.66099995	-0.51885456	0.14736098
1.66199995	-0.13404281	0.11235851
1.66299995	0.30358022	0.10629921
1.66399995	0.64419293	0.13542692
1.66499995	0.83667570	0.19540477
1.66599995	0.82834029	0.26264149
1.66699995	0.62137055	0.32747909
1.66799995	0.26304135	0.36817175
1.66899995	-0.19337475	0.37844488
1.66999995	-0.57606423	0.35808316
1.67099995	-0.83027804	0.31025466
1.67199995	-0.86801797	0.24612451
1.67299995	-0.68340921	0.17525837
1.67399995	-0.34464198	0.12561515
1.67499995	0.09965551	0.10442298
1.67599995	0.48988065	0.11611097
1.67699995	0.76768577	0.15911049
1.67799995	0.85780632	0.22031865
1.67899995	0.74643207	0.29060039
1.67999995	0.45850763	0.34608760
1.68099995	0.03786294	0.37881398
1.68199995	-0.37656865	0.37589198
1.68299995	-0.72462475	0.33772147
1.68399995	-0.87389272	0.27946603
1.68499995	-0.80367249	0.20976870
1.68599995	-0.53746307	0.14840674
1.68699995	-0.11254306	0.10420768
1.68799995	0.30434915	0.09833292
1.68899995	0.65172857	0.13167445
1.68999995	0.83461493	0.18716167
1.69099995	0.82431102	0.25682825
1.69199995	0.62143207	0.32111222
1.69299995	0.25827387	0.37078616
1.69399995	-0.16799951	0.38235113
1.69499995	-0.59599531	0.35386935
1.69599995	-0.83876723	0.30422613
1.69699995	-0.86235851	0.24064961
1.69799995	-0.68024117	0.17651944
1.69899995	-0.31643701	0.12137057
1.69999995	0.09442667	0.10085507
1.70099995	0.49144930	0.11783341
1.70199995	0.75565946	0.16175567
1.70299995	0.84584153	0.22659326
1.70399995	0.74215674	0.29056963
1.70499995	0.46256766	0.34387302
1.70599995	0.06000861	0.37318528
1.70699995	-0.40671137	0.37438485
1.70799995	-0.73148376	0.33938238
1.70899995	-0.86884844	0.27334523
1.70999995	-0.79198450	0.20610851
1.71099995	-0.50990403	0.14736098
1.71199995	-0.12490772	0.11235851
1.71299995	0.30665600	0.10629921
1.71399995	0.64093256	0.13558070
1.71499995	0.82674092	0.19617371
1.71599995	0.82166582	0.26033464
1.71699995	0.62801427	0.31846702
1.71799995	0.27276084	0.35915971
1.71899995	-0.19091412	0.37613803
1.71999995	-0.57698697	0.35885212
1.72099995	-0.83120078	0.31040847
1.72199995	-0.86571109	0.24612451
1.72299995	-0.67442793	0.17525837
1.72399995	-0.33562991	0.12561515
1.72499995	0.10199311	0.10442298
1.72599995	0.48911172	0.11611097
1.72699995	0.76753199	0.15911049
1.72799995	0.85780632	0.22047244
1.72899995	0.74643207	0.29136935
1.72999995	0.45850763	0.34378076
1.73099995	0.03786294	0.36980191
1.73199995	-0.37672243	0.36687991
1.73299995	-0.72539371	0.33541462
1.73399995	-0.87143207	0.28020424
1.73499995	-0.79395300	0.20992249
1.73599995	-0.53081942	0.14840674
1.73699995	-0.11921752	0.10420768
1.73799995	0.29456815	0.09833292
1.73899995	0.64926797	0.13167445
1.73999995	0.83538383	0.18731545
1.74099995	0.82449555	0.25759721
1.74199995	0.62127829	0.31880537
1.74299995	0.25750491	0.36180487
1.74399995	-0.16550812	0.37333909
1.74499995	-0.58621430	0.35153174
1.74599995	-0.83193898	0.30499509
1.74699995	-0.86823326	0.24080339
1.74799995	-0.69229823	0.17651944
1.74899995	-0.32790971	0.12137057
1.74999995	0.08621432	0.10085507
1.75099995	0.48929626	0.11783341
1.75199995	0.75658220	0.16160187
1.75299995	0.84676427	0.22582431
1.75399995	0.73969609	0.29306102
1.75499995	0.45284817	0.35362327
1.75599995	0.05336491	0.37982899
1.75699995	-0.40003690	0.36771038
1.75799995	-0.72170275	0.32963213
1.75899995	-0.86638778	0.27088460
1.75999995	-0.79275346	0.20687746
1.76099995	-0.51005781	0.14751476
1.76199995	-0.12506151	0.11251231
1.76299995	0.30588704	0.10706816
1.76399995	0.64342397	0.13327387
1.76499995	0.83649117	0.18719243
1.76599995	0.82834029	0.25132260
1.76699995	0.62137055	0.31616017
1.76799995	0.26288754	0.35992864
1.76899995	-0.19414370	0.37629184
1.76999995	-0.57375735	0.35885212
1.77099995	-0.82129675	0.31040847
1.77199995	-0.85903668	0.24612451
1.77299995	-0.68110234	0.17525837
1.77399995	-0.34541091	0.12561515
1.77499995	0.09950172	0.10442298
1.77599995	0.48988065	0.11611097
1.77699995	0.76768577	0.15911049
1.77799995	0.85780632	0.22031865
1.77899995	0.74643207	0.29060039
1.77999995	0.45866141	0.34608760
1.78099995	0.03863189	0.37881398
1.78199995	-0.37902927	0.37589198
1.78299995	-0.73437500	0.33772147
1.78399995	-0.88059795	0.27928150
1.78499995	-0.79702878	0.20903051
1.78599995	-0.52774358	0.15074433
1.78699995	-0.11008243	0.11318897
1.78799995	0.30358022	0.10734498
1.78899995	0.65157479	0.13398130
1.78999995	0.83461493	0.18639271
1.79099995	0.82431102	0.25667447
1.79199995	0.62127829	0.32095841
1.79299995	0.25750491	0.37001723
1.79399995	-0.16550812	0.38465798
1.79499995	-0.58621430	0.36285064
1.79599995	-0.83209276	0.31323817
1.79699995	-0.86900222	0.24295644
1.79799995	-0.68999141	0.17575049
1.79899995	-0.31889763	0.12121678
1.79999995	0.09519562	0.10085507
1.80099995	0.49160311	0.11783341
1.80199995	0.75565946	0.16160187
1.80299995	0.84584153	0.22582431
1.80399995	0.74215674	0.29287648
1.80499995	0.46256766	0.35285434
1.80599995	0.06000861	0.38213584
1.80699995	-0.40671137	0.37672243
1.80799995	-0.73132998	0.33864421
1.80899995	-0.86807948	0.27319142
1.80999995	-0.79429132	0.20610851
1.81099995	-0.51885456	0.14736098
1.81199995	-0.13404281	0.11235851
1.81299995	0.30358022	0.10629921
1.81399995	0.64403909	0.13542692
1.81499995	0.83590674	0.19540477
1.81599995	0.83064717	0.26264149
1.81699995	0.63035184	0.32747909
1.81799995	0.27199188	0.36817175
1.81899995	-0.19106792	0.37844488
1.81999995	-0.57698697	0.35808316
1.82099995	-0.83120078	0.31025466
1.82199995	-0.86571109	0.24612451
1.82299995	-0.67442793	0.17525837
1.82399995	-0.33547613	0.12561515
1.82499995	0.10273130	0.10442298
1.82599995	0.48680487	0.11611097
1.82699995	0.75855070	0.15911049
1.82799995	0.84897882	0.22047244
1.82899995	0.74489421	0.29136935
1.82999995	0.45696974	0.34378076
1.83099995	0.02903543	0.36980191
1.83199995	-0.38567299	0.36687991
1.83299995	-0.72770053	0.33541462
1.83399995	-0.87081695	0.28020424
1.83499995	-0.79456818	0.20992249
1.83599995	-0.52851254	0.14840674
1.83699995	-0.11023622	0.10420768
1.83799995	0.30358022	0.09833292
1.83899995	0.65157479	0.13167445
1.83999995	0.83461493	0.18731545
1.84099995	0.82431102	0.25759721
1.84199995	0.62127829	0.31862080
1.84299995	0.25750491	0.36103591
1.84399995	-0.16566192	0.37567666
1.84499995	-0.58698326	0.36054379
1.84599995	-0.82963210	0.31397638
1.84699995	-0.85928273	0.24311024
1.84799995	-0.68350148	0.17575049
1.84899995	-0.32634103	0.12121678
1.84999995	0.08759843	0.10085507
1.85099995	0.49735484	0.11783341
1.85199995	0.76787031	0.16175567
1.85299995	0.85805243	0.22659326
1.85399995	0.74806225	0.29056963
1.85499995	0.45577016	0.34387302
1.85599995	0.05028912	0.37318528
1.85699995	-0.40920275	0.37438485
1.85799995	-0.73071480	0.33938238
1.85899995	-0.86869460	0.27334523
1.85999995	-0.79198450	0.20610851
1.86099995	-0.50990403	0.14736098
1.86199995	-0.12506151	0.11235851
1.86299995	0.30588704	0.10629921
1.86399995	0.64342397	0.13542692
1.86499995	0.83649117	0.19540477
1.86599995	0.82834029	0.26248771
1.86699995	0.62137055	0.32671013
1.86799995	0.26304135	0.37063238
1.86899995	-0.19337475	0.38822588
1.86999995	-0.57606423	0.36475763
1.87099995	-0.83027804	0.30358022
1.87199995	-0.86801797	0.23634350
1.87299995	-0.68340921	0.17276698
1.87399995	-0.34464198	0.12638411
1.87499995	0.09965551	0.10457677
1.87599995	0.48988065	0.11611097
1.87699995	0.76768577	0.15911049
1.87799995	0.85780632	0.22047244
1.87899995	0.74643207	0.29136935
1.87999995	0.45850763	0.34378076
1.88099995	0.03786294	0.36980191
1.88199995	-0.37656865	0.36687991
1.88299995	-0.72462475	0.33541462
1.88399995	-0.87389272	0.28020424
1.88499995	-0.80367249	0.20992249
1.88599995	-0.53746307	0.14840674
1.88699995	-0.11254306	0.10420768
1.88799995	0.30434915	0.09833292
1.88899995	0.65172857	0.13167445
1.88999995	0.83446109	0.18716167
1.89099995	0.82357281	0.25682825
1.89199995	0.62358516	0.32111222
1.89299995	0.26651698	0.37078616
1.89399995	-0.15652682	0.38235113
1.89499995	-0.58390749	0.35386935
1.89599995	-0.83286172	0.30422613
1.89699995	-0.86915600	0.24064961
1.89799995	-0.68999141	0.17651944
1.89899995	-0.31889763	0.12137057
1.89999995	0.09519562	0.10100885
1.90099995	0.49160311	0.11860237
1.90199995	0.75565946	0.15929502
1.90299995	0.84584153	0.21684301
1.90399995	0.74215674	0.28389516
1.90499995	0.46256766	0.35051674
1.90599995	0.06016240	0.38290477
1.90699995	-0.40594241	0.37687624
1.90799995	-0.73379058	0.33864421
1.90899995	-0.87782973	0.27319142
1.90999995	-0.80093503	0.20610851
1.91099995	-0.51221085	0.14736098
1.91199995	-0.12413878	0.11251231
1.91299995	0.30680978	0.10706816
1.91399995	0.64093256	0.13327387
1.91499995	0.82674092	0.18719243
1.91599995	0.82166582	0.25132260
1.91699995	0.62801427	0.31616017
1.91799995	0.27260703	0.35992864
1.91899995	-0.19168307	0.37629184
1.91999995	-0.57449555	0.35885212
1.92099995	-0.82145053	0.31040847
1.92199995	-0.85903668	0.24612451
1.92299995	-0.68110234	0.17525837
1.92399995	-0.34541091	0.12561515
1.92499995	0.09950172	0.10442298
1.92599995	0.48988065	0.11611097
1.92699995	0.76768577	0.15911049
1.92799995	0.85780632	0.22031865
1.92899995	0.74643207	0.29060039
1.92999995	0.45866141	0.34608760
1.93099995	0.03863189	0.37881398
1.93199995	-0.37902927	0.37589198
1.93299995	-0.73437500	0.33772147
1.93399995	-0.88041335	0.27946603
1.93499995	-0.79625982	0.20976870
1.93599995	-0.53005046	0.14840674
1.93699995	-0.11906373	0.10420768
1.93799995	0.29456815	0.09833292
1.93899995	0.64926797	0.13167445
1.93999995	0.83538383	0.18716167
1.94099995	0.82449555	0.25682825
1.94199995	0.62127829	0.32095841
1.94299995	0.25750491	0.37001723
1.94399995	-0.16566192	0.38465798
1.94499995	-0.58698326	0.36285064
1.94599995	-0.82963210	0.31308439
1.94699995	-0.85928273	0.24218750
1.94799995	-0.68334770	0.17821112
1.94899995	-0.32557210	0.13096702
1.94999995	0.08529159	0.10752953
1.95099995	0.48837352	0.11112820
1.95199995	0.75873524	0.15185162
1.95299994	0.85497659	0.22336368
1.95399994	0.75113803	0.29364541
1.95499994	0.46487451	0.35300812
1.95599994	0.05939345	0.38213584
1.95699994	-0.40609622	0.37672243
1.95799994	-0.73363680	0.33864421
1.95899994	-0.87706077	0.27319142
1.95999994	-0.80324185	0.20610851
1.96099994	-0.52116144	0.14736098
1.96199994	-0.13327387	0.11251231
1.96299994	0.30373400	0.10706816
1.96399994	0.64419293	0.13312007
1.96499994	0.83667570	0.18642348
1.96599994	0.82834029	0.25362942
1.96699994	0.62137055	0.32514149
1.96799994	0.26288754	0.36909449
1.96899994	-0.19414370	0.37936762
1.96999994	-0.57375735	0.35577634
1.97099994	-0.82129675	0.30124262
1.97199994	-0.85903668	0.23711245
1.97299994	-0.68110234	0.17292076
1.97399994	-0.34541091	0.12638411
1.97499994	0.09950172	0.10457677
1.97599994	0.48988065	0.11611097
1.97699994	0.76768577	0.15911049
1.97799994	0.85780632	0.22031865
1.97899994	0.74643207	0.29060039
1.97999994	0.45866141	0.34608760
1.98099994	0.03863189	0.37881398
1.98199994	-0.37902927	0.37589198
1.98299994	-0.73437500	0.33772147
1.98399994	-0.88059795	0.27946603
1.98499994	-0.79702878	0.20976870
1.98599994	-0.52774358	0.14840674
1.98699994	-0.11008243	0.10420768
1.98799994	0.30358022	0.09833292
1.98899994	0.65157479	0.13167445
1.98999994	0.83446109	0.18716167
1.99099994	0.82357281	0.25682825
1.99199994	0.62358516	0.32095841
1.99299994	0.26651698	0.37001723
1.99399994	-0.15652682	0.38465798
1.99499994	-0.58390749	0.36285064
1.99599994	-0.83286172	0.31323817
1.99699994	-0.86915600	0.24295644
1.99799994	-0.69014519	0.17590427
1.99899994	-0.31966659	0.12198573
1.99999994	0.09753322	0.09854823
2.00099994	0.50061518	0.10882135
2.00199994	0.76464075	0.15262057
2.00299994	0.84814835	0.22351746
