Time	Channel A	Channel B
(us)	(V)	(V)

-0.00400000	0.66839933	0.30201155
-0.00300000	0.84451896	0.35593012
-0.00200000	0.82188118	0.37921384
-0.00100000	0.60522270	0.36832553
0.00000000	0.23797368	0.32747909
0.00100000	-0.22573204	0.26264149
0.00200000	-0.59962475	0.19540477
0.00300000	-0.83021653	0.13542692
0.00400000	-0.85023993	0.10645300
0.00500000	-0.65594244	0.11312746
0.00600000	-0.31148499	0.14520793
0.00700000	0.13339689	0.19789617
0.00800000	0.51485604	0.26187253
0.00900000	0.77571356	0.32732528
0.01000000	0.85150099	0.36847934
0.01100000	0.73108393	0.37998277
0.01200000	0.43144071	0.35362327
0.01300000	-0.00193775	0.29306102
0.01400000	-0.41375491	0.22582431
0.01500000	-0.74486345	0.16160187
0.01600000	-0.87333906	0.11798720
0.01700000	-0.78072709	0.10162401
0.01800000	-0.50295275	0.11906373
0.01900000	-0.07923228	0.16750738
0.02000000	0.33163139	0.23163755
0.02100000	0.66873771	0.30191928
0.02200000	0.83710629	0.35448450
0.02300000	0.81050074	0.38173598
0.02400000	0.59590304	0.37312376
0.02500000	0.22733144	0.33012426
0.02600000	-0.19586614	0.26580954
0.02700000	-0.61235851	0.18949926
0.02800000	-0.84359622	0.13105930
0.02900000	-0.85749876	0.09894808
0.03000000	-0.66400099	0.10202387
0.03100000	-0.28930855	0.14019439
0.03200000	0.12755290	0.19863436
0.03300000	0.52522147	0.26888534
0.03400000	0.78094244	0.32717150
0.03500000	0.85537648	0.36472687
0.03600000	0.73093009	0.37041709
0.03700000	0.42768824	0.34316561
0.03800000	0.01943898	0.29367617
0.03900000	-0.43396285	0.22948450
0.04000000	-0.74686271	0.16812254
0.04100000	-0.87515378	0.11844857
0.04200000	-0.78395671	0.10380782
0.04300000	-0.48489788	0.12619956
0.04400000	-0.09113558	0.17292076
0.04500000	0.33981299	0.23711245
0.04600000	0.66855317	0.30124262
0.04700000	0.84528792	0.35577634
0.04800000	0.81957430	0.37921384
0.04900000	0.59624141	0.36832553
0.05000000	0.22896162	0.32747909
0.05100000	-0.22803888	0.26264149
0.05200000	-0.59885579	0.19540477
0.05300000	-0.83006275	0.13542692
0.05400000	-0.85023993	0.10645300
0.05500000	-0.65594244	0.11312746
0.05600000	-0.31163877	0.14505413
0.05700000	0.13262795	0.19712721
0.05800000	0.51731670	0.26436391
0.05900000	0.78543305	0.33707553
0.06000000	0.85817546	0.37515378
0.06100000	0.72440946	0.37333909
0.06200000	0.42169046	0.34387302
0.06300000	-0.00442913	0.29056963
0.06400000	-0.41298598	0.22659326
0.06500000	-0.74470967	0.16175567
0.06600000	-0.87352359	0.11798720
0.06700000	-0.78149605	0.10162401
0.06800000	-0.50064594	0.11906373
0.06900000	-0.07025098	0.16750738
0.07000000	0.34061271	0.23163755
0.07100000	0.67104453	0.30191928
0.07200000	0.83633733	0.35448450
0.07300000	0.81034696	0.38173598
0.07400000	0.59590304	0.37296999
0.07500000	0.22733144	0.32935530
0.07600000	-0.19586614	0.26799336
0.07700000	-0.61235851	0.19771162
0.07800000	-0.84375000	0.14234744
0.07900000	-0.85826772	0.11026698
0.08000000	-0.66169417	0.11026698
0.08100000	-0.28032726	0.14234744
0.08200000	0.13671875	0.19771162
0.08300000	0.52829725	0.26799336
0.08400000	0.77771282	0.32950911
0.08500000	0.84547246	0.37370816
0.08600000	0.72437871	0.37958291
0.08700000	0.43510088	0.34624138
0.08800000	0.02688238	0.29060039
0.08900000	-0.44045275	0.22031865
0.09000000	-0.75658220	0.15929502
0.09100000	-0.87764519	0.11687992
0.09200000	-0.78318775	0.10223917
0.09300000	-0.48474410	0.11737204
0.09400000	-0.09098179	0.16393946
0.09500000	0.34055117	0.23480561
0.09600000	0.66606176	0.30201155
0.09700000	0.83553767	0.35593012
0.09800000	0.81289983	0.37921384
0.09900000	0.60291582	0.36832553
0.10000000	0.23889640	0.32747909
0.10100000	-0.22480930	0.26264149
0.10200000	-0.60208535	0.19555856
0.10300000	-0.83999753	0.13619587
0.10400000	-0.85706818	0.10396162
0.10500000	-0.65003693	0.10337722
0.10600000	-0.29939714	0.13853346
0.10700000	0.14486958	0.20457062
0.10800000	0.52306843	0.27180734
0.10900000	0.77786660	0.33055487
0.11000000	0.85073203	0.36540353
0.11100000	0.73089933	0.37084767
0.11200000	0.43144071	0.34464198
0.11300000	-0.00193775	0.29072341
0.11400000	-0.41390872	0.22659326
0.11500000	-0.74563235	0.16175567
0.11600000	-0.87103224	0.11798720
0.11700000	-0.77174580	0.10162401
0.11800000	-0.49397147	0.11906373
0.11900000	-0.07692544	0.16750738
0.12000000	0.33070865	0.23179133
0.12100000	0.66781497	0.30265749
0.12200000	0.83959770	0.35230067
0.12300000	0.82025099	0.37349287
0.12400000	0.60254675	0.36180487
0.12500000	0.22062624	0.31880537
0.12600000	-0.20564714	0.25744340
0.12700000	-0.61481917	0.18654650
0.12800000	-0.84282726	0.13413508
0.12900000	-0.85734499	0.10811393
0.13000000	-0.66384721	0.11103593
0.13100000	-0.28853962	0.14250124
0.13200000	0.12524606	0.19771162
0.13300000	0.51624018	0.26799336
0.13400000	0.77196109	0.32950911
0.13500000	0.85306960	0.37370816
0.13600000	0.73166829	0.37942913
0.13700000	0.42784202	0.34547243
0.13800000	0.01943898	0.29290724
0.13900000	-0.43396285	0.22933070
0.14000000	-0.74686271	0.16827632
0.14100000	-0.87515378	0.11921752
0.14200000	-0.78395671	0.10147022
0.14300000	-0.48489788	0.11721826
0.14400000	-0.09098179	0.16393946
0.14500000	0.34055117	0.23480561
0.14600000	0.66624629	0.30201155
0.14700000	0.83630657	0.35593012
0.14800000	0.81056225	0.37921384
0.14900000	0.59390378	0.36832553
0.15000000	0.22988436	0.32747909
0.15100000	-0.22711614	0.26264149
0.15200000	-0.60131645	0.19555856
0.15300000	-0.83984375	0.13619587
0.15400000	-0.85691434	0.10396162
0.15500000	-0.64926797	0.10337722
0.15600000	-0.30188853	0.13853346
0.15700000	0.13511933	0.20457062
0.15800000	0.51639396	0.27165353
0.15900000	0.78451031	0.32978591
0.16000000	0.86048228	0.36771038
0.16100000	0.73339075	0.37982899
0.16200000	0.43067175	0.35362327
0.16300000	-0.00212229	0.29306102
0.16400000	-0.41375491	0.22582431
0.16500000	-0.74486345	0.16160187
0.16600000	-0.87352359	0.11798720
0.16700000	-0.78149605	0.10162401
0.16800000	-0.50079972	0.11906373
0.16900000	-0.07101993	0.16750738
0.17000000	0.34291953	0.23163755
0.17100000	0.68005657	0.30191928
0.17200000	0.84534943	0.35463828
0.17300000	0.81265378	0.38250491
0.17400000	0.59513408	0.37063238
0.17500000	0.22717765	0.32034326
0.17600000	-0.19586614	0.25913510
0.17700000	-0.61235851	0.19614296
0.17800000	-0.84375000	0.14080955
0.17900000	-0.85826772	0.10140871
0.18000000	-0.66169417	0.10125492
0.18100000	-0.28032726	0.14004061
0.18200000	0.13656496	0.19844981
0.18300000	0.52752829	0.26814714
0.18400000	0.78017348	0.32935530
0.18499999	0.85522270	0.37296999
0.18599999	0.73093009	0.38173598
0.18699999	0.42768824	0.35448450
0.18799999	0.01943898	0.30191928
0.18899999	-0.43396285	0.23163755
0.18999999	-0.74686271	0.16735359
0.19099999	-0.87515378	0.11829478
0.19199999	-0.78395671	0.10380782
0.19299999	-0.48489788	0.12619956
0.19399999	-0.09113558	0.17292076
0.19499999	0.33981299	0.23711245
0.19599999	0.66839933	0.30124262
0.19699999	0.84451896	0.35577634
0.19799999	0.82203496	0.37921384
0.19899999	0.60599160	0.36832553
0.19999999	0.23563607	0.32747909
0.20099999	-0.23471333	0.26264149
0.20199999	-0.60875982	0.19555856
0.20299999	-0.83332306	0.13619587
0.20399999	-0.84716409	0.10396162
0.20499999	-0.64680731	0.10337722
0.20599999	-0.30250368	0.13853346
0.20699999	0.13570374	0.20457062
0.20799999	0.51408708	0.27165353
0.20899999	0.77555978	0.32978591
0.20999999	0.85150099	0.36771038
0.21099999	0.73108393	0.37982899
0.21199999	0.43144071	0.35362327
0.21299999	-0.00193775	0.29306102
0.21399999	-0.41375491	0.22582431
0.21499999	-0.74486345	0.16160187
0.21599999	-0.87333906	0.11798720
0.21699999	-0.78072709	0.10162401
0.21799999	-0.50295275	0.11906373
0.21899999	-0.07923228	0.16750738
0.21999999	0.33147761	0.23179133
0.22099999	0.66796875	0.30265749
0.22199999	0.83941317	0.35230067
0.22299999	0.81948203	0.37349287
0.22399999	0.60488433	0.36165109
0.22499999	0.22963829	0.31803641
0.22599999	-0.19678888	0.25975025
0.22699999	-0.61328125	0.19552781
0.22799999	-0.84128934	0.14311638
0.22899999	-0.84851748	0.11042077
0.22999999	-0.65486592	0.11026698
0.23099999	-0.28623277	0.14234744
0.23199999	0.12447712	0.19786540
0.23299999	0.51608634	0.26873153
0.23399999	0.77196109	0.32717150
0.23499999	0.85306960	0.36472687
0.23599999	0.73182207	0.37041709
0.23699999	0.42861098	0.34316561
0.23799999	0.01713214	0.29367617
0.23899999	-0.44291338	0.22948450
0.23999999	-0.75581324	0.16827632
0.24099999	-0.87749135	0.11921752
0.24199999	-0.78318775	0.10147022
0.24299999	-0.48474410	0.11721826
0.24399999	-0.09113558	0.16393946
0.24499999	0.33981299	0.23480561
0.24599999	0.66855317	0.30201155
0.24699999	0.84528792	0.35593012
0.24799999	0.81957430	0.37921384
0.24899999	0.59624141	0.36832553
0.24999999	0.22911540	0.32747909
0.25099999	-0.22726993	0.26264149
0.25199999	-0.60116267	0.19555856
0.25299999	-0.83907479	0.13619587
0.25399999	-0.85925198	0.10396162
0.25499999	-0.65828001	0.10337722
0.25599999	-0.31071603	0.13853346
0.25699999	0.13355069	0.20457062
0.25799999	0.51485604	0.27180734
0.25899999	0.77571356	0.33055487
0.25999999	0.85150099	0.36540353
0.26099999	0.73108393	0.37084767
0.26199999	0.43159449	0.34464198
0.26299999	-0.00119956	0.29072341
0.26399999	-0.41606176	0.22659326
0.26499999	-0.75384474	0.16175567
0.26599999	-0.88232034	0.11798720
0.26699999	-0.78306472	0.10162401
0.26799999	-0.50221455	0.11906373
0.26899999	-0.07907850	0.16750738
0.26999999	0.33163139	0.23163755
0.27099999	0.66873771	0.30191928
0.27199999	0.83726007	0.35463828
0.27299999	0.81126970	0.38250491
0.27399999	0.59359622	0.37078616
0.27499999	0.21831939	0.32111222
0.27599999	-0.20487820	0.25667447
0.27699999	-0.61466533	0.18639271
0.27799999	-0.84282726	0.13413508
0.27899999	-0.85734499	0.10811393
0.27999999	-0.66384721	0.11103593
0.28099999	-0.28853962	0.14250124
0.28199999	0.12524606	0.19771162
0.28299999	0.51624018	0.26799336
0.28399999	0.77180731	0.32950911
0.28499999	0.85230070	0.37370816
0.28599999	0.73415971	0.37942913
0.28699999	0.43759227	0.34547243
0.28799999	0.02611344	0.29290724
0.28899999	-0.44060653	0.22933070
0.28999999	-0.75673598	0.16812254
0.29099999	-0.87838334	0.11844857
0.29199999	-0.78088093	0.10380782
0.29299999	-0.47579354	0.12619956
0.29399999	-0.08200049	0.17292076
0.29499999	0.34288877	0.23711245
0.29599999	0.66532356	0.30124262
0.29699999	0.83538383	0.35577634
0.29799999	0.81289983	0.37921384
0.29899999	0.60291582	0.36832553
0.29999999	0.23889640	0.32747909
0.30099999	-0.22480930	0.26264149
0.30199999	-0.60208535	0.19555856
0.30299999	-0.83999753	0.13619587
0.30399999	-0.85691434	0.10414616
0.30499999	-0.64926797	0.10414616
0.30599999	-0.30173475	0.13619587
0.30699999	0.13588829	0.19555856
0.30799999	0.51408708	0.26264149
0.30899999	0.77555978	0.32747909
0.30999999	0.85150099	0.36847934
0.31099999	0.73108393	0.37998277
0.31199999	0.43144071	0.35362327
0.31299999	-0.00193775	0.29306102
0.31399999	-0.41390872	0.22582431
0.31499999	-0.74563235	0.16160187
0.31599999	-0.87103224	0.11798720
0.31699999	-0.77174580	0.10162401
0.31799999	-0.49397147	0.11906373
0.31899999	-0.07692544	0.16750738
0.31999999	0.33086246	0.23163755
0.32099999	0.66858393	0.30191928
0.32199999	0.83710629	0.35463828
0.32299999	0.81050074	0.38250491
0.32399999	0.59590304	0.37078616
0.32499999	0.22733144	0.32111222
0.32599999	-0.19586614	0.25667447
0.32699999	-0.61235851	0.18639271
0.32799999	-0.84359622	0.13413508
0.32899999	-0.85749876	0.10811393
0.32999999	-0.66400099	0.11103593
0.33099999	-0.28930855	0.14250124
0.33199999	0.12755290	0.19786540
0.33299999	0.52522147	0.26873153
0.33399999	0.78094244	0.32717150
0.33499999	0.85537648	0.36472687
0.33599999	0.73093009	0.37041709
0.33699999	0.42768824	0.34316561
0.33799999	0.01928519	0.29367617
0.33899999	-0.43473178	0.22948450
0.33999999	-0.74452507	0.16827632
0.34099999	-0.86617249	0.11921752
0.34199999	-0.77494460	0.10147022
0.34299999	-0.48259103	0.11721826
0.34399999	-0.09175074	0.16393946
0.34499999	0.34039739	0.23480561
0.34599999	0.66606176	0.30201155
0.34699999	0.83553767	0.35593012
0.34799999	0.81289983	0.37921384
0.34899999	0.60291582	0.36832553
0.34999999	0.23889640	0.32747909
0.35099999	-0.22480930	0.26264149
0.35199999	-0.60208535	0.19555856
0.35299999	-0.83999753	0.13619587
0.35399999	-0.85691434	0.10396162
0.35499999	-0.64926797	0.10337722
0.35599999	-0.30188853	0.13853346
0.35699999	0.13511933	0.20457062
0.35799999	0.51639396	0.27165353
0.35899999	0.78451031	0.32978591
0.35999999	0.86048228	0.36771038
0.36099999	0.73339075	0.37982899
0.36199999	0.43067175	0.35362327
0.36299999	-0.00212229	0.29306102
0.36399999	-0.41375491	0.22582431
0.36499999	-0.74486345	0.16160187
0.36599999	-0.87333906	0.11798720
0.36699999	-0.78072709	0.10162401
0.36799999	-0.50295275	0.11906373
0.36899999	-0.07923228	0.16750738
0.36999999	0.33163139	0.23163755
0.37099999	0.66873771	0.30191928
0.37199999	0.83710629	0.35463828
0.37299999	0.81050074	0.38250491
0.37399999	0.59590304	0.37078616
0.37499999	0.22733144	0.32111222
0.37599999	-0.19586614	0.25682825
0.37699999	-0.61235851	0.18716167
0.37799999	-0.84375000	0.13182825
0.37899999	-0.85826772	0.09910187
0.37999999	-0.66169417	0.10202387
0.38099999	-0.28032726	0.14019439
0.38199999	0.13671875	0.19863436
0.38299999	0.52829725	0.26888534
0.38399999	0.77771282	0.32717150
0.38499999	0.84547246	0.36472687
0.38599999	0.72437871	0.37041709
0.38699999	0.43510088	0.34316561
0.38799999	0.02688238	0.29367617
0.38899999	-0.44045275	0.22948450
0.38999999	-0.75658220	0.16812254
0.39099999	-0.87764519	0.11844857
0.39199999	-0.78318775	0.10380782
0.39299999	-0.48474410	0.12619956
0.39399999	-0.09098179	0.17292076
0.39499999	0.34055117	0.23711245
0.39599999	0.66606176	0.30124262
0.39699999	0.83553767	0.35577634
0.39799999	0.81305367	0.37921384
0.39899999	0.60368478	0.36832553
0.39999999	0.23655881	0.32747909
0.40099999	-0.23379061	0.26264149
0.40199999	-0.61109746	0.19540477
0.40299999	-0.84230435	0.13542692
0.40399999	-0.85617620	0.10645300
0.40499999	-0.64911419	0.11312746
0.40599999	-0.30173475	0.14520793
0.40699999	0.13588829	0.19789617
0.40799999	0.51408708	0.26187253
0.40899999	0.77555978	0.32732528
0.40999999	0.85150099	0.36847934
0.41099999	0.73108393	0.37998277
0.41199999	0.43159449	0.35362327
0.41299999	-0.00119956	0.29306102
0.41399999	-0.41621554	0.22582431
0.41499999	-0.75461370	0.16160187
0.41599999	-0.88001353	0.11798720
0.41699999	-0.77405268	0.10162401
0.41799999	-0.49320251	0.11906373
0.41899999	-0.07677165	0.16750738
0.41999999	0.33086246	0.23179133
0.42099999	0.66858393	0.30265749
0.42199999	0.83726007	0.35230067
0.42299999	0.81126970	0.37349287
0.42399999	0.59359622	0.36165109
0.42499999	0.21831939	0.31803641
0.42599999	-0.20487820	0.25975025
0.42699999	-0.61466533	0.19552781
0.42799999	-0.84282726	0.14311638
0.42899999	-0.85734499	0.11042077
0.42999999	-0.66400099	0.11026698
0.43099999	-0.28930855	0.14234744
0.43199999	0.12755290	0.19786540
0.43299999	0.52522147	0.26873153
0.43399999	0.78094244	0.32701772
0.43499999	0.85537648	0.36395791
0.43599999	0.73108393	0.37275466
0.43699999	0.42845717	0.35214689
0.43799999	0.01713214	0.30265749
0.43899999	-0.44291338	0.23179133
0.43999999	-0.75581324	0.16735359
0.44099999	-0.87749135	0.11829478
0.44199999	-0.78318775	0.10380782
0.44299999	-0.48474410	0.12619956
0.44399999	-0.09113558	0.17292076
0.44499999	0.33981299	0.23711245
0.44599999	0.66855317	0.30124262
0.44699999	0.84528792	0.35577634
0.44799999	0.81957430	0.37921384
0.44899999	0.59624141	0.36832553
0.44999999	0.22911540	0.32747909
0.45099999	-0.22726993	0.26264149
0.45199999	-0.60131645	0.19555856
0.45299999	-0.83984375	0.13619587
0.45399999	-0.85691434	0.10396162
0.45499999	-0.64926797	0.10337722
0.45599999	-0.30188853	0.13853346
0.45699999	0.13511933	0.20457062
0.45799999	0.51654774	0.27165353
0.45899999	0.78527927	0.32978591
0.45999999	0.85799092	0.36771038
0.46099999	0.72364050	0.37982899
0.46199999	0.42418185	0.35362327
0.46299999	0.00535187	0.29306102
0.46399999	-0.40631151	0.22582431
0.46499999	-0.75135332	0.16160187
0.46599999	-0.88324308	0.11798720
0.46699999	-0.78395671	0.10162401
0.46799999	-0.49987698	0.11906373
0.46899999	-0.07009719	0.16750738
0.46999999	0.34061271	0.23163755
0.47099999	0.67104453	0.30191928
0.47199999	0.83633733	0.35463828
0.47299999	0.81034696	0.38250491
0.47399999	0.59590304	0.37063238
0.47499999	0.22733144	0.32034326
0.47599999	-0.19586614	0.25913510
0.47699999	-0.61235851	0.19614296
0.47799999	-0.84359622	0.14080955
0.47899999	-0.85749876	0.10140871
0.47999999	-0.66400099	0.10125492
0.48099999	-0.28930855	0.14004061
0.48199999	0.12755290	0.19844981
0.48299999	0.52522147	0.26814714
0.48399999	0.78094244	0.32950911
0.48499999	0.85537648	0.37370816
0.48599999	0.73093009	0.37942913
0.48699999	0.42768824	0.34547243
0.48799999	0.01943898	0.29290724
0.48899999	-0.43396285	0.22933070
0.48999999	-0.74686271	0.16827632
0.49099999	-0.87515378	0.11921752
0.49199999	-0.78395671	0.10147022
0.49299999	-0.48489788	0.11721826
0.49399999	-0.09098179	0.16393946
0.49499999	0.34055117	0.23480561
0.49599999	0.66606176	0.30201155
0.49699999	0.83553767	0.35593012
0.49799999	0.81305367	0.37921384
0.49899999	0.60368478	0.36832553
0.49999999	0.23640501	0.32747909
0.50099999	-0.23455955	0.26264149
0.50199999	-0.60860604	0.19540477
0.50299999	-0.83255410	0.13542692
0.50399999	-0.84947097	0.10629921
0.50499999	-0.65578860	0.11235851
0.50599999	-0.31148499	0.14751476
0.50699999	0.13339689	0.20687746
0.50799999	0.51485604	0.27103838
0.50899999	0.77571356	0.33040109
0.50999999	0.85150099	0.36524975
0.51099999	0.73108393	0.37007874
0.51199999	0.43144071	0.34694883
0.51299999	-0.00193775	0.29970473
0.51399999	-0.41375491	0.23557456
0.51499999	-0.74486345	0.16409326
0.51599999	-0.87333906	0.11721826
0.51699999	-0.78072709	0.10147022
0.51799999	-0.50295275	0.11906373
0.51899999	-0.07923228	0.16750738
0.51999999	0.33163139	0.23179133
0.52099999	0.66873771	0.30265749
0.52199999	0.83710629	0.35230067
0.52299999	0.81050074	0.37349287
0.52399999	0.59590304	0.36180487
0.52499999	0.22733144	0.31880537
0.52599999	-0.19586614	0.25744340
0.52699999	-0.61235851	0.18654650
0.52799999	-0.84359622	0.13413508
0.52899999	-0.85749876	0.10811393
0.52999999	-0.66400099	0.11103593
0.53099999	-0.28930855	0.14250124
0.53199999	0.12755290	0.19786540
0.53299999	0.52522147	0.26873153
0.53399999	0.78094244	0.32717150
0.53499999	0.85537648	0.36472687
0.53599999	0.73108393	0.37041709
0.53699999	0.42845717	0.34316561
0.53799999	0.01697835	0.29367617
0.53899998	-0.44368234	0.22948450
0.53999998	-0.75350642	0.16827632
0.54099998	-0.86847931	0.11921752
0.54199998	-0.77417570	0.10147022
0.54299998	-0.48243725	0.11721826
0.54399998	-0.09190453	0.16393946
0.54499998	0.33965921	0.23480561
0.54599998	0.66855317	0.30201155
0.54699998	0.84528792	0.35593012
0.54799998	0.81957430	0.37921384
0.54899998	0.59624141	0.36832553
0.54999998	0.22896162	0.32747909
0.55099998	-0.22803888	0.26264149
0.55199998	-0.59885579	0.19555856
0.55299998	-0.83006275	0.13619587
0.55399998	-0.85039371	0.10396162
0.55499998	-0.65671134	0.10337722
0.55599998	-0.30933192	0.13853346
0.55699998	0.14164001	0.20457062
0.55799998	0.52629799	0.27165353
0.55899998	0.78777069	0.32978591
0.55999998	0.85740650	0.36771038
0.56099998	0.72425568	0.37982899
0.56199998	0.42169046	0.35362327
0.56299998	-0.00442913	0.29306102
0.56399998	-0.41298598	0.22582431
0.56499998	-0.74470967	0.16160187
0.56599998	-0.87352359	0.11798720
0.56699998	-0.78149605	0.10162401
0.56799998	-0.50064594	0.11906373
0.56899998	-0.07025098	0.16750738
0.56999998	0.34061271	0.23179133
0.57099998	0.67104453	0.30265749
0.57199998	0.83633733	0.35214689
0.57299998	0.81034696	0.37275466
0.57399998	0.59590304	0.36411172
0.57499998	0.22733144	0.32778665
0.57599998	-0.19601993	0.26657850
0.57699998	-0.61312747	0.18965305
0.57799998	-0.84144318	0.13105930
0.57899998	-0.84928644	0.09894808
0.57999998	-0.65268207	0.10202387
0.58099998	-0.27798966	0.14019439
0.58199998	0.13594981	0.19863436
0.58299998	0.52814347	0.26888534
0.58399998	0.77786660	0.32701772
0.58499998	0.84624135	0.36395791
0.58599998	0.72191805	0.37275466
0.58699998	0.42538139	0.35214689
0.58799998	0.02020792	0.30265749
0.58899998	-0.43380904	0.23179133
0.58999998	-0.74686271	0.16735359
0.59099998	-0.87515378	0.11829478
0.59199998	-0.78395671	0.10380782
0.59299998	-0.48489788	0.12619956
0.59399998	-0.09098179	0.17292076
0.59499998	0.34055117	0.23711245
0.59599998	0.66606176	0.30124262
0.59699998	0.83553767	0.35577634
0.59799998	0.81305367	0.37921384
0.59899998	0.60368478	0.36832553
0.59999998	0.23640501	0.32747909
0.60099998	-0.23455955	0.26264149
0.60199998	-0.60875982	0.19555856
0.60299998	-0.83332306	0.13619587
0.60399998	-0.84716409	0.10396162
0.60499998	-0.64680731	0.10337722
0.60599998	-0.30250368	0.13853346
0.60699998	0.13570374	0.20457062
0.60799998	0.51408708	0.27180734
0.60899998	0.77555978	0.33055487
0.60999998	0.85150099	0.36540353
0.61099998	0.73108393	0.37084767
0.61199998	0.43144071	0.34464198
0.61299998	-0.00193775	0.29072341
0.61399998	-0.41375491	0.22659326
0.61499998	-0.74486345	0.16175567
0.61599998	-0.87333906	0.11798720
0.61699998	-0.78072709	0.10162401
0.61799998	-0.50295275	0.11906373
0.61899998	-0.07923228	0.16750738
0.61999998	0.33163139	0.23179133
0.62099998	0.66873771	0.30265749
0.62199998	0.83710629	0.35230067
0.62299998	0.81050074	0.37349287
0.62399998	0.59590304	0.36165109
0.62499998	0.22733144	0.31803641
0.62599998	-0.19586614	0.25975025
0.62699998	-0.61235851	0.19552781
0.62799998	-0.84359622	0.14311638
0.62899998	-0.85749876	0.11042077
0.62999998	-0.66400099	0.11026698
0.63099998	-0.28930855	0.14234744
0.63199998	0.12755290	0.19786540
0.63299998	0.52522147	0.26873153
0.63399998	0.78094244	0.32717150
0.63499998	0.85537648	0.36472687
0.63599998	0.73093009	0.37041709
0.63699998	0.42768824	0.34316561
0.63799998	0.01928519	0.29367617
0.63899998	-0.43473178	0.22948450
0.63999998	-0.74452507	0.16827632
0.64099998	-0.86617249	0.11921752
0.64199998	-0.77494460	0.10147022
0.64299998	-0.48259103	0.11721826
0.64399998	-0.09190453	0.16393946
0.64499998	0.33965921	0.23480561
0.64599998	0.66855317	0.30201155
0.64699998	0.84528792	0.35593012
0.64799998	0.81957430	0.37921384
0.64899998	0.59624141	0.36832553
0.64999998	0.22911540	0.32747909
0.65099998	-0.22726993	0.26264149
0.65199998	-0.60131645	0.19555856
0.65299998	-0.83984375	0.13619587
0.65399998	-0.85691434	0.10396162
0.65499998	-0.64926797	0.10337722
0.65599998	-0.30188853	0.13853346
0.65699998	0.13511933	0.20457062
0.65799998	0.51639396	0.27165353
0.65899998	0.78451031	0.32978591
0.65999998	0.86032850	0.36771038
0.66099998	0.73262179	0.37982899
0.66199998	0.43297860	0.35362327
0.66299998	0.00688976	0.29306102
0.66399998	-0.40474287	0.22582431
0.66499998	-0.74255657	0.16160187
0.66599998	-0.87426180	0.11798720
0.66699998	-0.78164983	0.10162401
0.66799998	-0.50064594	0.11906373
0.66899998	-0.07025098	0.16750738
0.66999998	0.34061271	0.23163755
0.67099998	0.67104453	0.30191928
0.67199998	0.83633733	0.35463828
0.67299998	0.81034696	0.38250491
0.67399998	0.59590304	0.37063238
0.67499998	0.22733144	0.32034326
0.67599998	-0.19586614	0.25898129
0.67699998	-0.61235851	0.19537401
0.67799998	-0.84359622	0.14311638
0.67899998	-0.85749876	0.11042077
0.67999998	-0.66384721	0.11026698
0.68099998	-0.28853962	0.14234744
0.68199998	0.12524606	0.19771162
0.68299998	0.51624018	0.26799336
0.68399998	0.77196109	0.32950911
0.68499998	0.85306960	0.37370816
0.68599998	0.73182207	0.37942913
0.68699998	0.42861098	0.34547243
0.68799998	0.01713214	0.29290724
0.68899998	-0.44291338	0.22933070
0.68999998	-0.75596702	0.16827632
0.69099998	-0.87822956	0.11921752
0.69199998	-0.78088093	0.10147022
0.69299998	-0.47579354	0.11721826
0.69399998	-0.08200049	0.16393946
0.69499998	0.34288877	0.23480561
0.69599998	0.66547734	0.30201155
0.69699998	0.83615279	0.35593012
0.69799998	0.81056225	0.37921384
0.69899998	0.59390378	0.36832553
0.69999998	0.22988436	0.32747909
0.70099998	-0.22711614	0.26264149
0.70199998	-0.60131645	0.19555856
0.70299998	-0.83984375	0.13619587
0.70399998	-0.85691434	0.10396162
0.70499998	-0.64926797	0.10337722
0.70599998	-0.30173475	0.13853346
0.70699998	0.13588829	0.20457062
0.70799998	0.51408708	0.27180734
0.70899998	0.77555978	0.33055487
0.70999998	0.85150099	0.36540353
0.71099998	0.73108393	0.37084767
0.71199998	0.43144071	0.34464198
0.71299998	-0.00193775	0.29072341
0.71399998	-0.41375491	0.22659326
0.71499998	-0.74486345	0.16175567
0.71599998	-0.87333906	0.11798720
0.71699998	-0.78072709	0.10162401
0.71799998	-0.50310653	0.11906373
0.71899998	-0.08000123	0.16750738
0.71999998	0.33393824	0.23179133
0.72099998	0.67771900	0.30265749
0.72199998	0.84627217	0.35214689
0.72299998	0.81357652	0.37275466
0.72399998	0.59282726	0.36395791
0.72499998	0.21816561	0.32701772
0.72599998	-0.20487820	0.26873153
0.72699998	-0.61466533	0.19786540
0.72799998	-0.84282726	0.14234744
0.72899998	-0.85734499	0.11026698
0.72999998	-0.66400099	0.11026698
0.73099998	-0.28930855	0.14234744
0.73199998	0.12755290	0.19786540
0.73299998	0.52522147	0.26873153
0.73399998	0.78094244	0.32717150
0.73499998	0.85537648	0.36472687
0.73599998	0.73108393	0.37041709
0.73699998	0.42845717	0.34316561
0.73799998	0.01713214	0.29367617
0.73899998	-0.44291338	0.22948450
0.73999998	-0.75581324	0.16812254
0.74099998	-0.87749135	0.11844857
0.74199998	-0.78318775	0.10380782
0.74299998	-0.48474410	0.12619956
0.74399998	-0.09113558	0.17292076
0.74499998	0.33981299	0.23711245
0.74599998	0.66855317	0.30124262
0.74699998	0.84528792	0.35577634
0.74799998	0.81972808	0.37921384
0.74899998	0.59701031	0.36832553
0.74999998	0.22680856	0.32747909
0.75099998	-0.23628199	0.26264149
0.75199998	-0.61032850	0.19540477
0.75299998	-0.84215057	0.13542692
0.75399998	-0.85632998	0.10645300
0.75499998	-0.64988309	0.11312746
0.75599998	-0.29939714	0.14520793
0.75699998	0.14486958	0.19789617
0.75799998	0.52306843	0.26187253
0.75899998	0.77786660	0.32732528
0.75999998	0.85073203	0.36847934
0.76099998	0.73089933	0.37998277
0.76199998	0.43159449	0.35362327
0.76299998	-0.00119956	0.29306102
0.76399998	-0.41606176	0.22582431
0.76499998	-0.75384474	0.16160187
0.76599998	-0.88247418	0.11798720
0.76699998	-0.78380293	0.10162401
0.76799998	-0.49987698	0.11906373
0.76899998	-0.07009719	0.16750738
0.76999998	0.34061271	0.23163755
0.77099998	0.67104453	0.30191928
0.77199998	0.83633733	0.35448450
0.77299998	0.81034696	0.38173598
0.77399998	0.59590304	0.37312376
0.77499998	0.22733144	0.33012426
0.77599998	-0.19586614	0.26580954
0.77699998	-0.61235851	0.18949926
0.77799998	-0.84375000	0.13105930
0.77899998	-0.85826772	0.09894808
0.77999998	-0.66169417	0.10202387
0.78099998	-0.28032726	0.14019439
0.78199998	0.13656496	0.19844981
0.78299998	0.52752829	0.26814714
0.78399998	0.78017348	0.32935530
0.78499998	0.85522270	0.37296999
0.78599998	0.73093009	0.38188976
0.78699998	0.42768824	0.35525346
0.78799998	0.01943898	0.29958171
0.78899998	-0.43396285	0.22265625
0.78999998	-0.74686271	0.15837230
0.79099998	-0.87515378	0.11595719
0.79199998	-0.78395671	0.10457677
0.79299998	-0.48489788	0.12638411
0.79399998	-0.09113558	0.17292076
0.79499998	0.33981299	0.23711245
0.79599998	0.66839933	0.30124262
0.79699998	0.84451896	0.35577634
0.79799998	0.82188118	0.37921384
0.79899998	0.60522270	0.36832553
0.79999998	0.23812746	0.32747909
0.80099998	-0.22496308	0.26264149
0.80199998	-0.60208535	0.19555856
0.80299998	-0.83999753	0.13619587
0.80399998	-0.85706818	0.10414616
0.80499998	-0.65003693	0.10414616
0.80599998	-0.29939714	0.13619587
0.80699998	0.14486958	0.19555856
0.80799998	0.52322221	0.26279527
0.80899998	0.77863556	0.32821727
0.80999998	0.84842521	0.36617249
0.81099998	0.72194880	0.37100148
0.81199998	0.42261317	0.34464198
0.81299998	-0.00350640	0.29072341
0.81399998	-0.41529280	0.22659326
0.81499998	-0.75369096	0.16175567
0.81599998	-0.88232034	0.11798720
0.81699998	-0.78306472	0.10162401
0.81799998	-0.50221455	0.11906373
0.81899998	-0.07907850	0.16750738
0.81999998	0.33163139	0.23179133
0.82099998	0.66873771	0.30265749
0.82199998	0.83726007	0.35214689
0.82299998	0.81126970	0.37275466
0.82399998	0.59359622	0.36395791
0.82499998	0.21831939	0.32701772
0.82599998	-0.20503199	0.26873153
0.82699998	-0.61543429	0.19786540
0.82799998	-0.84052044	0.14234744
0.82899998	-0.84836370	0.11026698
0.82999998	-0.65501970	0.11026698
0.83099998	-0.28700173	0.14234744
0.83199998	0.12678395	0.19786540
0.83299998	0.52506769	0.26873153
0.83399998	0.78094244	0.32717150
0.83499998	0.85537648	0.36472687
0.83599998	0.73108393	0.37041709
0.83699998	0.42845717	0.34316561
0.83799998	0.01713214	0.29367617
0.83899998	-0.44291338	0.22948450
0.83999998	-0.75581324	0.16827632
0.84099998	-0.87749135	0.11921752
0.84199998	-0.78318775	0.10147022
0.84299998	-0.48474410	0.11721826
0.84399998	-0.09113558	0.16393946
0.84499998	0.33981299	0.23480561
0.84599998	0.66855317	0.30201155
0.84699998	0.84528792	0.35593012
0.84799998	0.81957430	0.37921384
0.84899998	0.59624141	0.36832553
0.84999998	0.22896162	0.32747909
0.85099998	-0.22803888	0.26264149
0.85199998	-0.59885579	0.19555856
0.85299998	-0.83006275	0.13619587
0.85399998	-0.85023993	0.10396162
0.85499998	-0.65594244	0.10337722
0.85599998	-0.31163877	0.13853346
0.85699998	0.13262795	0.20457062
0.85799998	0.51731670	0.27180734
0.85899998	0.78543305	0.33055487
0.85999998	0.85817546	0.36540353
0.86099998	0.72440946	0.37084767
0.86199998	0.42169046	0.34464198
0.86299998	-0.00442913	0.29072341
0.86399998	-0.41298598	0.22659326
0.86499998	-0.74470967	0.16175567
0.86599998	-0.87333906	0.11798720
0.86699998	-0.78072709	0.10162401
0.86799998	-0.50295275	0.11906373
0.86899998	-0.07923228	0.16750738
0.86999998	0.33163139	0.23179133
0.87099998	0.66873771	0.30265749
0.87199998	0.83726007	0.35214689
0.87299998	0.81126970	0.37275466
0.87399998	0.59359622	0.36395791
0.87499998	0.21831939	0.32701772
0.87599998	-0.20487820	0.26873153
0.87699998	-0.61466533	0.19786540
0.87799998	-0.84282726	0.14234744
0.87899998	-0.85734499	0.11026698
0.87999998	-0.66400099	0.11026698
0.88099998	-0.28930855	0.14234744
0.88199998	0.12770669	0.19771162
0.88299998	0.52599043	0.26799336
0.88399998	0.77863556	0.32950911
0.88499998	0.84639519	0.37370816
0.88599998	0.72207183	0.37942913
0.88699998	0.42615035	0.34547243
0.88799998	0.01790108	0.29290724
0.88899998	-0.44275960	0.22933070
0.88999998	-0.75581324	0.16827632
0.89099998	-0.87749135	0.11921752
0.89199997	-0.78318775	0.10147022
0.89299997	-0.48474410	0.11721826
0.89399997	-0.09098179	0.16393946
0.89499997	0.34055117	0.23480561
0.89599997	0.66606176	0.30201155
0.89699997	0.83553767	0.35593012
0.89799997	0.81289983	0.37921384
0.89899997	0.60291582	0.36832553
0.89999997	0.23889640	0.32747909
0.90099997	-0.22480930	0.26264149
0.90199997	-0.60208535	0.19555856
0.90299997	-0.83999753	0.13619587
0.90399997	-0.85691434	0.10414616
0.90499997	-0.64926797	0.10414616
0.90599997	-0.30173475	0.13619587
0.90699997	0.13588829	0.19555856
0.90799997	0.51408708	0.26264149
0.90899997	0.77555978	0.32747909
0.90999997	0.85150099	0.36847934
0.91099997	0.73108393	0.37998277
0.91199997	0.43144071	0.35362327
0.91299997	-0.00193775	0.29306102
0.91399997	-0.41375491	0.22582431
0.91499997	-0.74486345	0.16160187
0.91599997	-0.87333906	0.11798720
0.91699997	-0.78072709	0.10162401
0.91799997	-0.50295275	0.11906373
0.91899997	-0.07923228	0.16750738
0.91999997	0.33163139	0.23179133
0.92099997	0.66873771	0.30265749
0.92199997	0.83726007	0.35230067
0.92299997	0.81126970	0.37349287
0.92399997	0.59359622	0.36180487
0.92499997	0.21831939	0.31880537
0.92599997	-0.20487820	0.25759721
0.92699997	-0.61466533	0.18731545
0.92799997	-0.84282726	0.13182825
0.92899997	-0.85734499	0.09910187
0.92999997	-0.66384721	0.10202387
0.93099997	-0.28853962	0.14019439
0.93199997	0.12524606	0.19844981
0.93299997	0.51624018	0.26814714
0.93399997	0.77196109	0.32950911
0.93499997	0.85306960	0.37370816
0.93599997	0.73182207	0.37942913
0.93699997	0.42861098	0.34547243
0.93799997	0.01697835	0.29290724
0.93899997	-0.44368234	0.22933070
0.93999997	-0.75350642	0.16827632
0.94099997	-0.86847931	0.11921752
0.94199997	-0.77417570	0.10147022
0.94299997	-0.48243725	0.11721826
0.94399997	-0.09190453	0.16393946
0.94499997	0.33965921	0.23480561
0.94599997	0.66855317	0.30201155
0.94699997	0.84528792	0.35593012
0.94799997	0.81957430	0.37921384
0.94899997	0.59624141	0.36832553
0.94999997	0.22911540	0.32747909
0.95099997	-0.22726993	0.26264149
0.95199997	-0.60131645	0.19555856
0.95299997	-0.83984375	0.13619587
0.95399997	-0.85691434	0.10396162
0.95499997	-0.64926797	0.10337722
0.95599997	-0.30188853	0.13853346
0.95699997	0.13511933	0.20457062
0.95799997	0.51639396	0.27180734
0.95899997	0.78451031	0.33055487
0.95999997	0.86048228	0.36540353
0.96099997	0.73339075	0.37084767
0.96199997	0.43067175	0.34464198
0.96299997	-0.00212229	0.29072341
0.96399997	-0.41375491	0.22659326
0.96499997	-0.74486345	0.16175567
0.96599997	-0.87352359	0.11783341
0.96699997	-0.78149605	0.10085507
0.96799997	-0.50064594	0.12137057
0.96899997	-0.07025098	0.17651944
0.96999997	0.34061271	0.24080339
0.97099997	0.67104453	0.30499509
0.97199997	0.83649117	0.35137796
0.97299997	0.81111592	0.37260088
0.97399997	0.59359622	0.36411172
0.97499997	0.21831939	0.32778665
0.97599997	-0.20487820	0.26642472
0.97699997	-0.61466533	0.18888411
0.97799997	-0.84282726	0.13336614
0.97899997	-0.85734499	0.10796013
0.97999997	-0.66400099	0.11103593
0.98099997	-0.28930855	0.14250124
0.98199997	0.12755290	0.19786540
0.98299997	0.52522147	0.26873153
0.98399997	0.78094244	0.32701772
0.98499997	0.85537648	0.36395791
0.98599997	0.73108393	0.37290847
0.98699997	0.42845717	0.35291585
0.98799997	0.01713214	0.30035064
0.98899997	-0.44291338	0.22281004
0.98999997	-0.75581324	0.15837230
0.99099997	-0.87749135	0.11595719
0.99199997	-0.78318775	0.10457677
0.99299997	-0.48474410	0.12638411
0.99399997	-0.09098179	0.17292076
0.99499997	0.34055117	0.23711245
0.99599997	0.66606176	0.30124262
0.99699997	0.83553767	0.35577634
0.99799997	0.81305367	0.37921384
0.99899997	0.60368478	0.36832553
0.99999997	0.23655881	0.32747909
1.00099997	-0.23379061	0.26264149
1.00199997	-0.61109746	0.19555856
1.00299997	-0.84230435	0.13619587
1.00399997	-0.85617620	0.10396162
1.00499997	-0.64911419	0.10337722
1.00599997	-0.30188853	0.13853346
1.00699997	0.13511933	0.20457062
1.00799997	0.51639396	0.27165353
1.00899997	0.78451031	0.32978591
1.00999997	0.86048228	0.36771038
1.01099997	0.73339075	0.37982899
1.01199997	0.43067175	0.35362327
1.01299997	-0.00212229	0.29306102
1.01399997	-0.41390872	0.22582431
1.01499997	-0.74563235	0.16160187
1.01599997	-0.87118602	0.11798720
1.01699997	-0.77251476	0.10162401
1.01799997	-0.49166462	0.11906373
1.01899997	-0.06794415	0.16750738
1.01999997	0.33984375	0.23179133
1.02099997	0.67089075	0.30265749
1.02199997	0.83633733	0.35214689
1.02299997	0.81034696	0.37275466
1.02399997	0.59590304	0.36395791
1.02499997	0.22733144	0.32701772
1.02599997	-0.19586614	0.26873153
1.02699997	-0.61235851	0.19786540
1.02799997	-0.84375000	0.14234744
1.02899997	-0.85826772	0.11026698
1.02999997	-0.66169417	0.11026698
1.03099997	-0.28032726	0.14234744
1.03199997	0.13656496	0.19771162
1.03299997	0.52752829	0.26799336
1.03399997	0.78017348	0.32950911
1.03499997	0.85522270	0.37370816
1.03599997	0.73093009	0.37942913
1.03699997	0.42768824	0.34547243
1.03799997	0.01943898	0.29290724
1.03899997	-0.43396285	0.22933070
1.03999997	-0.74686271	0.16812254
1.04099997	-0.87515378	0.11844857
1.04199997	-0.78395671	0.10380782
1.04299997	-0.48489788	0.12619956
1.04399997	-0.09113558	0.17307456
1.04499997	0.33981299	0.23788139
1.04599997	0.66855317	0.29893577
1.04699997	0.84528792	0.34679502
1.04799997	0.81957430	0.37023252
1.04899997	0.59624141	0.36601871
1.04999997	0.22896162	0.32821727
1.05099997	-0.22803888	0.26279527
1.05199997	-0.59900957	0.19540477
1.05299997	-0.83083171	0.13542692
1.05399997	-0.84808683	0.10629921
1.05499997	-0.64773005	0.11235851
1.05599997	-0.30031988	0.14751476
1.05699997	0.14394686	0.20687746
1.05799997	0.52552903	0.27088460
1.05899997	0.78761685	0.32963213
1.05999997	0.85740650	0.36771038
1.06099997	0.72425568	0.37982899
1.06199997	0.42184424	0.35362327
1.06299997	-0.00366019	0.29306102
1.06399997	-0.41529280	0.22582431
1.06499997	-0.75369096	0.16160187
1.06599997	-0.88232034	0.11798720
1.06699997	-0.78306472	0.10162401
1.06799997	-0.50236833	0.11906373
1.06899997	-0.07984744	0.16750738
1.06999997	0.33393824	0.23179133
1.07099997	0.67771900	0.30265749
1.07199997	0.84611833	0.35214689
1.07299997	0.81280756	0.37275466
1.07399997	0.59513408	0.36411172
1.07499997	0.22717765	0.32778665
1.07599997	-0.19586614	0.26642472
1.07699997	-0.61235851	0.18888411
1.07799997	-0.84359622	0.13336614
1.07899997	-0.85749876	0.10796013
1.07999997	-0.66400099	0.11103593
1.08099997	-0.28930855	0.14250124
1.08199997	0.12770669	0.19786540
1.08299997	0.52599043	0.26873153
1.08399997	0.77863556	0.32717150
1.08499997	0.84639519	0.36472687
1.08599997	0.72207183	0.37041709
1.08699997	0.42615035	0.34316561
1.08799997	0.01790108	0.29367617
1.08899997	-0.44275960	0.22948450
1.08999997	-0.75596702	0.16812254
1.09099997	-0.87822956	0.11844857
1.09199997	-0.78088093	0.10380782
1.09299997	-0.47579354	0.12619956
1.09399997	-0.08215428	0.17292076
1.09499997	0.34211984	0.23711245
1.09599997	0.66763043	0.30124262
1.09699997	0.84436518	0.35577634
1.09799997	0.82188118	0.37921384
1.09899997	0.60522270	0.36832553
1.09999997	0.23812746	0.32747909
1.10099997	-0.22496308	0.26264149
1.10199997	-0.60208535	0.19540477
1.10299997	-0.83999753	0.13542692
1.10399997	-0.85706818	0.10645300
1.10499997	-0.65003693	0.11312746
1.10599997	-0.29955092	0.14520793
1.10699997	0.14410064	0.19789617
1.10799997	0.52537525	0.26202634
1.10899997	0.78684795	0.32806349
1.10999997	0.85971332	0.36617249
1.11099997	0.73323697	0.37100148
1.11199997	0.43067175	0.34464198
1.11299997	-0.00212229	0.29072341
1.11399997	-0.41390872	0.22659326
1.11499997	-0.74563235	0.16175567
1.11599997	-0.87118602	0.11798720
1.11699997	-0.77251476	0.10162401
1.11799997	-0.49181840	0.11906373
1.11899997	-0.06871309	0.16750738
1.11999997	0.34215060	0.23163755
1.12099997	0.67990279	0.30191928
1.12199997	0.84550321	0.35463828
1.12299997	0.81342274	0.38250491
1.12399997	0.59282726	0.37063238
1.12499997	0.21816561	0.32034326
1.12599997	-0.20487820	0.25898129
1.12699997	-0.61466533	0.19537401
1.12799997	-0.84282726	0.14311638
1.12899997	-0.85734499	0.11042077
1.12999997	-0.66400099	0.11026698
1.13099997	-0.28930855	0.14234744
1.13199997	0.12770669	0.19771162
1.13299997	0.52599043	0.26799336
1.13399997	0.77863556	0.32950911
1.13499997	0.84639519	0.37370816
1.13599997	0.72207183	0.37942913
1.13699997	0.42615035	0.34547243
1.13799997	0.01774729	0.29290724
1.13899997	-0.44352853	0.22933070
1.13999997	-0.75350642	0.16827632
1.14099997	-0.86847931	0.11921752
1.14199997	-0.77417570	0.10147022
1.14299997	-0.48243725	0.11721826
1.14399997	-0.09190453	0.16393946
1.14499997	0.33965921	0.23480561
1.14599997	0.66855317	0.30201155
1.14699997	0.84528792	0.35593012
1.14799997	0.81972808	0.37921384
1.14899997	0.59701031	0.36832553
1.14999997	0.22680856	0.32747909
1.15099997	-0.23628199	0.26264149
1.15199997	-0.61032850	0.19540477
1.15299997	-0.84215057	0.13542692
1.15399997	-0.85632998	0.10629921
1.15499997	-0.64988309	0.11235851
1.15599997	-0.29955092	0.14751476
1.15699997	0.14410064	0.20687746
1.15799997	0.52537525	0.27088460
1.15899997	0.78684795	0.32963213
1.15999997	0.85971332	0.36755660
1.16099997	0.73323697	0.37906003
1.16199997	0.43067175	0.35593012
1.16299997	-0.00212229	0.30201155
1.16399997	-0.41375491	0.23480561
1.16499997	-0.74486345	0.16393946
1.16599997	-0.87333906	0.11721826
1.16699997	-0.78072709	0.10147022
1.16799997	-0.50295275	0.11906373
1.16899997	-0.07923228	0.16750738
1.16999997	0.33163139	0.23179133
1.17099997	0.66873771	0.30265749
1.17199997	0.83710629	0.35214689
1.17299997	0.81050074	0.37275466
1.17399997	0.59590304	0.36395791
1.17499997	0.22733144	0.32701772
1.17599997	-0.19586614	0.26888534
1.17699997	-0.61235851	0.19863436
1.17799997	-0.84375000	0.14004061
1.17899997	-0.85826772	0.10125492
1.17999997	-0.66169417	0.10125492
1.18099997	-0.28032726	0.14004061
1.18199997	0.13671875	0.19863436
1.18299997	0.52829725	0.26888534
1.18399997	0.77786660	0.32717150
1.18499997	0.84624135	0.36472687
1.18599997	0.72207183	0.37057087
1.18699997	0.42615035	0.34393454
1.18799997	0.01790108	0.29136935
1.18899997	-0.44275960	0.22047244
1.18999997	-0.75596702	0.15911049
1.19099997	-0.87822956	0.11611097
1.19199997	-0.78088093	0.10457677
1.19299997	-0.47579354	0.12638411
1.19399997	-0.08200049	0.17292076
1.19499997	0.34288877	0.23711245
1.19599997	0.66532356	0.30124262
1.19699997	0.83538383	0.35577634
1.19799997	0.81305367	0.37921384
1.19899997	0.60368478	0.36832553
1.19999997	0.23655881	0.32747909
1.20099997	-0.23379061	0.26264149
1.20199997	-0.61109746	0.19555856
1.20299997	-0.84230435	0.13619587
1.20399997	-0.85632998	0.10414616
1.20499997	-0.64988309	0.10414616
1.20599997	-0.29939714	0.13604207
1.20699997	0.14486958	0.19478962
1.20799997	0.52306843	0.26494834
1.20899997	0.77786660	0.33646038
1.20999997	0.85073203	0.37746063
1.21099997	0.73089933	0.38228962
1.21199997	0.43144071	0.35285434
1.21299997	-0.00193775	0.29287648
1.21399997	-0.41375491	0.22582431
1.21499997	-0.74486345	0.16160187
1.21599997	-0.87352359	0.11798720
1.21699997	-0.78149605	0.10162401
1.21799997	-0.50064594	0.11906373
1.21899997	-0.07025098	0.16750738
1.21999997	0.34061271	0.23179133
1.22099997	0.67104453	0.30265749
1.22199997	0.83633733	0.35230067
1.22299997	0.81034696	0.37349287
1.22399997	0.59590304	0.36165109
1.22499997	0.22733144	0.31803641
1.22599997	-0.19601993	0.25990403
1.22699997	-0.61312747	0.19629675
1.22799997	-0.84128934	0.14080955
1.22899997	-0.84851748	0.10140871
1.22999997	-0.65501970	0.10125492
1.23099997	-0.28700173	0.14004061
1.23199997	0.12678395	0.19863436
1.23299997	0.52506769	0.26888534
1.23399997	0.78094244	0.32717150
1.23499997	0.85537648	0.36472687
1.23599997	0.73108393	0.37041709
1.23699997	0.42845717	0.34316561
1.23799997	0.01697835	0.29367617
1.23899997	-0.44368234	0.22948450
1.23999997	-0.75350642	0.16827632
1.24099997	-0.86847931	0.11921752
1.24199997	-0.77417570	0.10147022
1.24299997	-0.48243725	0.11721826
1.24399997	-0.09190453	0.16393946
1.24499997	0.33965921	0.23480561
1.24599996	0.66855317	0.30201155
1.24699996	0.84528792	0.35593012
1.24799996	0.81972808	0.37921384
1.24899996	0.59701031	0.36832553
1.24999996	0.22680856	0.32747909
1.25099996	-0.23628199	0.26264149
1.25199996	-0.61017472	0.19555856
1.25299996	-0.84138167	0.13619587
1.25399996	-0.85863680	0.10396162
1.25499996	-0.65889519	0.10337722
1.25599996	-0.30840921	0.13853346
1.25699996	0.14256275	0.20457062
1.25799996	0.52399117	0.27165353
1.25899996	0.77878934	0.32978591
1.25999996	0.84842521	0.36771038
1.26099996	0.72194880	0.37982899
1.26199996	0.42245939	0.35362327
1.26299996	-0.00427534	0.29306102
1.26399996	-0.41313976	0.22582431
1.26499996	-0.74547857	0.16160187
1.26599996	-0.87103224	0.11798720
1.26699996	-0.77174580	0.10162401
1.26799996	-0.49412525	0.11906373
1.26899996	-0.07769439	0.16750738
1.26999996	0.33316928	0.23163755
1.27099996	0.67756522	0.30191928
1.27199996	0.84611833	0.35463828
1.27299996	0.81280756	0.38250491
1.27399996	0.59513408	0.37078616
1.27499996	0.22717765	0.32111222
1.27599996	-0.19601993	0.25667447
1.27699996	-0.61312747	0.18639271
1.27799996	-0.84128934	0.13413508
1.27899996	-0.84851748	0.10811393
1.27999996	-0.65501970	0.11088213
1.28099996	-0.28700173	0.14173228
1.28199996	0.12693775	0.20017225
1.28299996	0.52580583	0.27774361
1.28399996	0.77863556	0.33602977
1.28499996	0.84639519	0.36626476
1.28599996	0.72207183	0.37213951
1.28699996	0.42615035	0.35276204
1.28799996	0.01790108	0.30035064
1.28899996	-0.44275960	0.22281004
1.28999996	-0.75596702	0.15837230
1.29099996	-0.87822956	0.11595719
1.29199996	-0.78088093	0.10457677
1.29299996	-0.47579354	0.12638411
1.29399996	-0.08200049	0.17292076
1.29499996	0.34288877	0.23711245
1.29599996	0.66532356	0.30124262
1.29699996	0.83538383	0.35577634
1.29799996	0.81305367	0.37921384
1.29899996	0.60368478	0.36832553
1.29999996	0.23655881	0.32747909
1.30099996	-0.23379061	0.26264149
1.30199996	-0.61109746	0.19555856
1.30299996	-0.84230435	0.13619587
1.30399996	-0.85617620	0.10414616
1.30499996	-0.64911419	0.10414616
1.30599996	-0.30173475	0.13619587
1.30699996	0.13588829	0.19555856
1.30799996	0.51408708	0.26279527
1.30899996	0.77555978	0.32821727
1.30999996	0.85150099	0.36617249
1.31099996	0.73108393	0.37100148
1.31199996	0.43144071	0.34464198
1.31299996	-0.00193775	0.29072341
1.31399996	-0.41375491	0.22659326
1.31499996	-0.74486345	0.16175567
1.31599996	-0.87352359	0.11798720
1.31699996	-0.78149605	0.10162401
1.31799996	-0.50064594	0.11921752
1.31899996	-0.07025098	0.16827632
1.31999996	0.34061271	0.22933070
1.32099996	0.67104453	0.29290724
1.32199996	0.83649117	0.34547243
1.32299996	0.81111592	0.37942913
1.32399996	0.59359622	0.37386197
1.32499996	0.21831939	0.33027804
1.32599996	-0.20487820	0.26565576
1.32699996	-0.61466533	0.18873031
1.32799996	-0.84298104	0.13336614
1.32899996	-0.85811394	0.10796013
1.32999996	-0.66169417	0.11103593
1.33099996	-0.28032726	0.14250124
1.33199996	0.13671875	0.19786540
1.33299996	0.52829725	0.26873153
1.33399996	0.77786660	0.32717150
1.33499996	0.84624135	0.36472687
1.33599996	0.72207183	0.37041709
1.33699996	0.42615035	0.34316561
1.33799996	0.01774729	0.29367617
1.33899996	-0.44352853	0.22948450
1.33999996	-0.75350642	0.16827632
1.34099996	-0.86847931	0.11921752
1.34199996	-0.77417570	0.10147022
1.34299996	-0.48243725	0.11721826
1.34399996	-0.09190453	0.16393946
1.34499996	0.33965921	0.23480561
1.34599996	0.66855317	0.30201155
1.34699996	0.84528792	0.35593012
1.34799996	0.81957430	0.37921384
1.34899996	0.59624141	0.36832553
1.34999996	0.22911540	0.32747909
1.35099996	-0.22726993	0.26264149
1.35199996	-0.60131645	0.19555856
1.35299996	-0.83984375	0.13619587
1.35399996	-0.85706818	0.10414616
1.35499996	-0.65003693	0.10414616
1.35599996	-0.29955092	0.13619587
1.35699996	0.14410064	0.19555856
1.35799996	0.52552903	0.26264149
1.35899996	0.78761685	0.32747909
1.35999996	0.85740650	0.36832553
1.36099996	0.72425568	0.37921384
1.36199996	0.42169046	0.35593012
1.36299996	-0.00442913	0.30201155
1.36399996	-0.41298598	0.23480561
1.36499996	-0.74470967	0.16393946
1.36599996	-0.87352359	0.11721826
1.36699996	-0.78149605	0.10147022
1.36799996	-0.50079972	0.11906373
1.36899996	-0.07101993	0.16750738
1.36999996	0.34291953	0.23163755
1.37099996	0.68005657	0.30191928
1.37199996	0.84534943	0.35448450
1.37299996	0.81265378	0.38173598
1.37399996	0.59513408	0.37312376
1.37499996	0.22717765	0.33012426
1.37599996	-0.19586614	0.26580954
1.37699996	-0.61235851	0.18949926
1.37799996	-0.84359622	0.13105930
1.37899996	-0.85749876	0.09894808
1.37999996	-0.66400099	0.10202387
1.38099996	-0.28930855	0.14019439
1.38199996	0.12770669	0.19863436
1.38299996	0.52599043	0.26888534
1.38399996	0.77863556	0.32717150
1.38499996	0.84639519	0.36472687
1.38599996	0.72207183	0.37041709
1.38699996	0.42615035	0.34316561
1.38799996	0.01790108	0.29367617
1.38899996	-0.44275960	0.22948450
1.38999996	-0.75581324	0.16827632
1.39099996	-0.87749135	0.11921752
1.39199996	-0.78318775	0.10147022
1.39299996	-0.48474410	0.11721826
1.39399996	-0.09098179	0.16393946
1.39499996	0.34055117	0.23480561
1.39599996	0.66606176	0.30201155
1.39699996	0.83553767	0.35593012
1.39799996	0.81305367	0.37921384
1.39899996	0.60368478	0.36832553
1.39999996	0.23655881	0.32747909
1.40099996	-0.23379061	0.26264149
1.40199996	-0.61125124	0.19540477
1.40299996	-0.84307331	0.13542692
1.40399996	-0.85383856	0.10645300
1.40499996	-0.64016360	0.11312746
1.40599996	-0.29290724	0.14520793
1.40699996	0.13742618	0.19789617
1.40799996	0.51562500	0.26187253
1.40899996	0.78435653	0.32732528
1.40999996	0.86048228	0.36847934
1.41099996	0.73339075	0.37998277
1.41199996	0.43067175	0.35362327
1.41299996	-0.00212229	0.29306102
1.41399996	-0.41375491	0.22582431
1.41499996	-0.74486345	0.16160187
1.41599996	-0.87352359	0.11798720
1.41699996	-0.78149605	0.10162401
1.41799996	-0.50064594	0.11906373
1.41899996	-0.07025098	0.16750738
1.41999996	0.34061271	0.23163755
1.42099996	0.67104453	0.30191928
1.42199996	0.83633733	0.35463828
1.42299996	0.81034696	0.38250491
1.42399996	0.59590304	0.37063238
1.42499996	0.22733144	0.32034326
1.42599996	-0.19601993	0.25898129
1.42699996	-0.61312747	0.19537401
1.42799996	-0.84128934	0.14311638
1.42899996	-0.84851748	0.11042077
1.42999996	-0.65501970	0.11026698
1.43099996	-0.28700173	0.14234744
1.43199996	0.12693775	0.19786540
1.43299996	0.52580583	0.26873153
1.43399996	0.77863556	0.32701772
1.43499996	0.84639519	0.36395791
1.43599996	0.72191805	0.37290847
1.43699996	0.42538139	0.35291585
1.43799996	0.02020792	0.30035064
1.43899996	-0.43380904	0.22281004
1.43999996	-0.74686271	0.15837230
1.44099996	-0.87515378	0.11595719
1.44199996	-0.78395671	0.10457677
1.44299996	-0.48489788	0.12638411
1.44399996	-0.09113558	0.17292076
1.44499996	0.33981299	0.23711245
1.44599996	0.66839933	0.30124262
1.44699996	0.84451896	0.35577634
1.44799996	0.82203496	0.37921384
1.44899996	0.60599160	0.36832553
1.44999996	0.23563607	0.32732528
1.45099996	-0.23471333	0.26187253
1.45199996	-0.60875982	0.19774237
1.45299996	-0.83332306	0.14443898
1.45399996	-0.84731793	0.11528051
1.45499996	-0.64757627	0.11469612
1.45599996	-0.30016610	0.14674582
1.45699996	0.14471580	0.20672368
1.45799996	0.52306843	0.27088460
1.45899996	0.77786660	0.32963213
1.45999996	0.85073203	0.36771038
1.46099996	0.73089933	0.37982899
1.46199996	0.43159449	0.35362327
1.46299996	-0.00119956	0.29306102
1.46399996	-0.41606176	0.22582431
1.46499996	-0.75384474	0.16160187
1.46599996	-0.88247418	0.11798720
1.46699996	-0.78380293	0.10162401
1.46799996	-0.50003076	0.11906373
1.46899996	-0.07086614	0.16750738
1.46999996	0.34291953	0.23179133
1.47099996	0.68005657	0.30265749
1.47199996	0.84534943	0.35230067
1.47299996	0.81265378	0.37349287
1.47399996	0.59513408	0.36165109
1.47499996	0.22717765	0.31803641
1.47599996	-0.19586614	0.25975025
1.47699996	-0.61235851	0.19552781
1.47799996	-0.84375000	0.14311638
1.47899996	-0.85826772	0.11042077
1.47999996	-0.66169417	0.11026698
1.48099996	-0.28032726	0.14234744
1.48199996	0.13671875	0.19771162
1.48299996	0.52829725	0.26799336
1.48399996	0.77771282	0.32950911
1.48499996	0.84547246	0.37370816
1.48599996	0.72437871	0.37942913
1.48699996	0.43510088	0.34547243
1.48799996	0.02688238	0.29290724
1.48899996	-0.44045275	0.22933070
1.48999996	-0.75673598	0.16812254
1.49099996	-0.87838334	0.11844857
1.49199996	-0.78088093	0.10380782
1.49299996	-0.47579354	0.12619956
1.49399996	-0.08200049	0.17292076
1.49499996	0.34288877	0.23711245
1.49599996	0.66532356	0.30124262
1.49699996	0.83538383	0.35577634
1.49799996	0.81305367	0.37921384
1.49899996	0.60368478	0.36832553
1.49999996	0.23655881	0.32747909
1.50099996	-0.23379061	0.26264149
1.50199996	-0.61109746	0.19555856
1.50299996	-0.84230435	0.13619587
1.50399996	-0.85617620	0.10396162
1.50499996	-0.64911419	0.10337722
1.50599996	-0.30173475	0.13853346
1.50699996	0.13588829	0.20457062
1.50799996	0.51408708	0.27180734
1.50899996	0.77555978	0.33055487
1.50999996	0.85150099	0.36540353
1.51099996	0.73108393	0.37084767
1.51199996	0.43144071	0.34464198
1.51299996	-0.00193775	0.29072341
1.51399996	-0.41390872	0.22659326
1.51499996	-0.74563235	0.16175567
1.51599996	-0.87103224	0.11798720
1.51699996	-0.77174580	0.10162401
1.51799996	-0.49397147	0.11906373
1.51899996	-0.07692544	0.16750738
1.51999996	0.33086246	0.23163755
1.52099996	0.66858393	0.30191928
1.52199996	0.83726007	0.35463828
1.52299996	0.81126970	0.38250491
1.52399996	0.59359622	0.37078616
1.52499996	0.21831939	0.32111222
1.52599996	-0.20487820	0.25667447
1.52699996	-0.61466533	0.18639271
1.52799996	-0.84282726	0.13413508
1.52899996	-0.85734499	0.10811393
1.52999996	-0.66400099	0.11103593
1.53099996	-0.28930855	0.14250124
1.53199996	0.12755290	0.19771162
1.53299996	0.52522147	0.26799336
1.53399996	0.78094244	0.32935530
1.53499996	0.85537648	0.37296999
1.53599996	0.73108393	0.38173598
1.53699996	0.42845717	0.35448450
1.53799996	0.01697835	0.30191928
1.53899996	-0.44368234	0.23163755
1.53999996	-0.75350642	0.16750738
1.54099996	-0.86847931	0.11906373
1.54199996	-0.77417570	0.10147022
1.54299996	-0.48243725	0.11721826
1.54399996	-0.09175074	0.16393946
1.54499996	0.34039739	0.23480561
1.54599996	0.66624629	0.30201155
1.54699996	0.83630657	0.35593012
1.54799996	0.81071603	0.37921384
1.54899996	0.59467274	0.36832553
1.54999996	0.22742371	0.32747909
1.55099996	-0.23689714	0.26264149
1.55199996	-0.60802168	0.19555856
1.55299996	-0.83313853	0.13619587
1.55399996	-0.84716409	0.10396162
1.55499996	-0.64680731	0.10337722
1.55599996	-0.30265749	0.13853346
1.55699996	0.13496555	0.20457062
1.55799996	0.51639396	0.27165353
1.55899996	0.78451031	0.32978591
1.55999996	0.86048228	0.36771038
1.56099996	0.73339075	0.37982899
1.56199996	0.43067175	0.35362327
1.56299996	-0.00212229	0.29306102
1.56399996	-0.41375491	0.22582431
1.56499996	-0.74486345	0.16160187
1.56599996	-0.87352359	0.11798720
1.56699996	-0.78149605	0.10162401
1.56799996	-0.50079972	0.11906373
1.56899996	-0.07101993	0.16750738
1.56999996	0.34291953	0.23163755
1.57099996	0.68005657	0.30191928
1.57199996	0.84534943	0.35463828
1.57299996	0.81265378	0.38250491
1.57399996	0.59513408	0.37078616
1.57499996	0.22717765	0.32111222
1.57599996	-0.19586614	0.25667447
1.57699996	-0.61235851	0.18639271
1.57799996	-0.84375000	0.13413508
1.57899996	-0.85826772	0.10811393
1.57999996	-0.66169417	0.11103593
1.58099996	-0.28032726	0.14250124
1.58199996	0.13671875	0.19786540
1.58299996	0.52829725	0.26873153
1.58399996	0.77786660	0.32717150
1.58499996	0.84624135	0.36472687
1.58599996	0.72207183	0.37057087
1.58699996	0.42615035	0.34393454
1.58799996	0.01790108	0.29136935
1.58899996	-0.44275960	0.22047244
1.58999996	-0.75581324	0.15929502
1.59099996	-0.87749135	0.11687992
1.59199996	-0.78318775	0.10223917
1.59299996	-0.48474410	0.11737204
1.59399996	-0.09098179	0.16393946
1.59499996	0.34055117	0.23480561
1.59599996	0.66606176	0.30201155
1.59699996	0.83553767	0.35593012
1.59799996	0.81305367	0.37921384
1.59899995	0.60368478	0.36832553
1.59999995	0.23655881	0.32747909
1.60099995	-0.23379061	0.26264149
1.60199995	-0.61109746	0.19540477
1.60299995	-0.84230435	0.13542692
1.60399995	-0.85617620	0.10629921
1.60499995	-0.64911419	0.11235851
1.60599995	-0.30173475	0.14751476
1.60699995	0.13588829	0.20687746
1.60799995	0.51408708	0.27103838
1.60899995	0.77555978	0.33040109
1.60999995	0.85150099	0.36540353
1.61099995	0.73108393	0.37084767
1.61199995	0.43159449	0.34464198
1.61299995	-0.00119956	0.29072341
1.61399995	-0.41606176	0.22659326
1.61499995	-0.75384474	0.16175567
1.61599995	-0.88247418	0.11798720
1.61699995	-0.78380293	0.10162401
1.61799995	-0.49987698	0.11906373
1.61899995	-0.07009719	0.16750738
1.61999995	0.34045890	0.23179133
1.62099995	0.67027557	0.30265749
1.62199995	0.83882874	0.35230067
1.62299995	0.82009721	0.37349287
1.62399995	0.60254675	0.36165109
1.62499995	0.22062624	0.31803641
1.62599995	-0.20564714	0.25975025
1.62699995	-0.61481917	0.19552781
1.62799995	-0.84282726	0.14311638
1.62899995	-0.85734499	0.11042077
1.62999995	-0.66400099	0.11026698
1.63099995	-0.28930855	0.14234744
1.63199995	0.12755290	0.19771162
1.63299995	0.52522147	0.26799336
1.63399995	0.78094244	0.32950911
1.63499995	0.85537648	0.37370816
1.63599995	0.73093009	0.37942913
1.63699995	0.42768824	0.34547243
1.63799995	0.01943898	0.29290724
1.63899995	-0.43396285	0.22933070
1.63999995	-0.74686271	0.16812254
1.64099995	-0.87515378	0.11844857
1.64199995	-0.78395671	0.10380782
1.64299995	-0.48489788	0.12619956
1.64399995	-0.09113558	0.17292076
1.64499995	0.33981299	0.23711245
1.64599995	0.66855317	0.30124262
1.64699995	0.84528792	0.35577634
1.64799995	0.81957430	0.37921384
1.64899995	0.59624141	0.36832553
1.64999995	0.22911540	0.32747909
1.65099995	-0.22726993	0.26264149
1.65199995	-0.60116267	0.19540477
1.65299995	-0.83907479	0.13542692
1.65399995	-0.85925198	0.10629921
1.65499995	-0.65828001	0.11235851
1.65599995	-0.31071603	0.14751476
1.65699995	0.13355069	0.20687746
1.65799995	0.51485604	0.27088460
1.65899995	0.77571356	0.32963213
1.65999995	0.85150099	0.36771038
1.66099995	0.73108393	0.37982899
1.66199995	0.43144071	0.35362327
1.66299995	-0.00193775	0.29306102
1.66399995	-0.41375491	0.22582431
1.66499995	-0.74486345	0.16160187
1.66599995	-0.87352359	0.11798720
1.66699995	-0.78149605	0.10162401
1.66799995	-0.50064594	0.11906373
1.66899995	-0.07025098	0.16750738
1.66999995	0.34061271	0.23179133
1.67099995	0.67104453	0.30265749
1.67199995	0.83633733	0.35214689
1.67299995	0.81034696	0.37275466
1.67399995	0.59590304	0.36395791
1.67499995	0.22733144	0.32701772
1.67599995	-0.19586614	0.26888534
1.67699995	-0.61235851	0.19863436
1.67799995	-0.84375000	0.14004061
1.67899995	-0.85826772	0.10125492
1.67999995	-0.66169417	0.10125492
1.68099995	-0.28032726	0.14004061
1.68199995	0.13656496	0.19863436
1.68299995	0.52752829	0.26888534
1.68399995	0.78017348	0.32717150
1.68499995	0.85522270	0.36472687
1.68599995	0.73108393	0.37057087
1.68699995	0.42845717	0.34393454
1.68799995	0.01713214	0.29136935
1.68899995	-0.44291338	0.22047244
1.68999995	-0.75596702	0.15911049
1.69099995	-0.87822956	0.11611097
1.69199995	-0.78088093	0.10457677
1.69299995	-0.47579354	0.12638411
1.69399995	-0.08200049	0.17292076
1.69499995	0.34288877	0.23711245
1.69599995	0.66532356	0.30124262
1.69699995	0.83538383	0.35577634
1.69799995	0.81305367	0.37921384
1.69899995	0.60368478	0.36832553
1.69999995	0.23640501	0.32747909
1.70099995	-0.23455955	0.26264149
1.70199995	-0.60875982	0.19555856
1.70299995	-0.83332306	0.13619587
1.70399995	-0.84716409	0.10414616
1.70499995	-0.64680731	0.10414616
1.70599995	-0.30265749	0.13619587
1.70699995	0.13496555	0.19555856
1.70799995	0.51654774	0.26264149
1.70899995	0.78527927	0.32747909
1.70999995	0.85817546	0.36847934
1.71099995	0.72440946	0.37998277
1.71199995	0.42184424	0.35362327
1.71299995	-0.00366019	0.29306102
1.71399995	-0.41544661	0.22582431
1.71499995	-0.75445992	0.16160187
1.71599995	-0.88001353	0.11798720
1.71699995	-0.77405268	0.10162401
1.71799995	-0.49335629	0.11906373
1.71899995	-0.07754060	0.16750738
1.71999995	0.33316928	0.23163755
1.72099995	0.67756522	0.30191928
1.72199995	0.84627217	0.35463828
1.72299995	0.81357652	0.38250491
1.72399995	0.59282726	0.37063238
1.72499995	0.21816561	0.32034326
1.72599995	-0.20503199	0.25913510
1.72699995	-0.61543429	0.19614296
1.72799995	-0.84052044	0.14080955
1.72899995	-0.84836370	0.10140871
1.72999995	-0.65501970	0.10125492
1.73099995	-0.28700173	0.14004061
1.73199995	0.12678395	0.19844981
1.73299995	0.52506769	0.26814714
1.73399995	0.78094244	0.32950911
1.73499995	0.85537648	0.37370816
1.73599995	0.73108393	0.37958291
1.73699995	0.42845717	0.34624138
1.73799995	0.01713214	0.29060039
1.73899995	-0.44291338	0.22031865
1.73999995	-0.75581324	0.15911049
1.74099995	-0.87749135	0.11611097
1.74199995	-0.78318775	0.10457677
1.74299995	-0.48474410	0.12638411
1.74399995	-0.09113558	0.17292076
1.74499995	0.33981299	0.23711245
1.74599995	0.66855317	0.30124262
1.74699995	0.84528792	0.35577634
1.74799995	0.81957430	0.37921384
1.74899995	0.59624141	0.36832553
1.74999995	0.22896162	0.32747909
1.75099995	-0.22803888	0.26264149
1.75199995	-0.59900957	0.19555856
1.75299995	-0.83083171	0.13619587
1.75399995	-0.84808683	0.10396162
1.75499995	-0.64773005	0.10337722
1.75599995	-0.30016610	0.13853346
1.75699995	0.14471580	0.20457062
1.75799995	0.52322221	0.27165353
1.75899995	0.77863556	0.32978591
1.75999995	0.84842521	0.36771038
1.76099995	0.72194880	0.37982899
1.76199995	0.42261317	0.35362327
1.76299995	-0.00350640	0.29306102
1.76399995	-0.41529280	0.22582431
1.76499995	-0.75369096	0.16160187
1.76599995	-0.88232034	0.11798720
1.76699995	-0.78306472	0.10162401
1.76799995	-0.50236833	0.11906373
1.76899995	-0.07984744	0.16750738
1.76999995	0.33393824	0.23179133
1.77099995	0.67771900	0.30265749
1.77199995	0.84611833	0.35214689
1.77299995	0.81280756	0.37275466
1.77399995	0.59513408	0.36411172
1.77499995	0.22717765	0.32778665
1.77599995	-0.19586614	0.26642472
1.77699995	-0.61235851	0.18888411
1.77799995	-0.84359622	0.13336614
1.77899995	-0.85749876	0.10796013
1.77999995	-0.66400099	0.11103593
1.78099995	-0.28930855	0.14250124
1.78199995	0.12755290	0.19786540
1.78299995	0.52522147	0.26873153
1.78399995	0.78094244	0.32717150
1.78499995	0.85537648	0.36472687
1.78599995	0.73108393	0.37057087
1.78699995	0.42845717	0.34393454
1.78799995	0.01713214	0.29136935
1.78899995	-0.44291338	0.22047244
1.78999995	-0.75596702	0.15929502
1.79099995	-0.87822956	0.11687992
1.79199995	-0.78088093	0.10223917
1.79299995	-0.47579354	0.11737204
1.79399995	-0.08200049	0.16393946
1.79499995	0.34288877	0.23480561
1.79599995	0.66532356	0.30201155
1.79699995	0.83538383	0.35593012
1.79799995	0.81305367	0.37921384
1.79899995	0.60368478	0.36832553
1.79999995	0.23655881	0.32747909
1.80099995	-0.23379061	0.26264149
1.80199995	-0.61109746	0.19555856
1.80299995	-0.84230435	0.13619587
1.80399995	-0.85617620	0.10414616
1.80499995	-0.64911419	0.10414616
1.80599995	-0.30173475	0.13619587
1.80699995	0.13588829	0.19555856
1.80799995	0.51408708	0.26264149
1.80899995	0.77555978	0.32747909
1.80999995	0.85150099	0.36847934
1.81099995	0.73108393	0.37998277
1.81199995	0.43144071	0.35362327
1.81299995	-0.00193775	0.29306102
1.81399995	-0.41375491	0.22582431
1.81499995	-0.74486345	0.16160187
1.81599995	-0.87352359	0.11798720
1.81699995	-0.78149605	0.10162401
1.81799995	-0.50064594	0.11906373
1.81899995	-0.07025098	0.16750738
1.81999995	0.34061271	0.23163755
1.82099995	0.67104453	0.30191928
1.82199995	0.83633733	0.35448450
1.82299995	0.81034696	0.38173598
1.82399995	0.59590304	0.37312376
1.82499995	0.22733144	0.33012426
1.82599995	-0.19586614	0.26565576
1.82699995	-0.61235851	0.18873031
1.82799995	-0.84359622	0.13336614
1.82899995	-0.85749876	0.10796013
1.82999995	-0.66400099	0.11103593
1.83099995	-0.28930855	0.14250124
1.83199995	0.12755290	0.19771162
1.83299995	0.52522147	0.26799336
1.83399995	0.78094244	0.32950911
1.83499995	0.85537648	0.37370816
1.83599995	0.73108393	0.37942913
1.83699995	0.42845717	0.34547243
1.83799995	0.01713214	0.29290724
1.83899995	-0.44291338	0.22933070
1.83999995	-0.75581324	0.16827632
1.84099995	-0.87749135	0.11921752
1.84199995	-0.78318775	0.10147022
1.84299995	-0.48474410	0.11721826
1.84399995	-0.09113558	0.16393946
1.84499995	0.33981299	0.23480561
1.84599995	0.66855317	0.30201155
1.84699995	0.84528792	0.35593012
1.84799995	0.81957430	0.37921384
1.84899995	0.59624141	0.36832553
1.84999995	0.22896162	0.32747909
1.85099995	-0.22803888	0.26264149
1.85199995	-0.59885579	0.19555856
1.85299995	-0.83006275	0.13619587
1.85399995	-0.85039371	0.10396162
1.85499995	-0.65671134	0.10337722
1.85599995	-0.30933192	0.13853346
1.85699995	0.14164001	0.20457062
1.85799995	0.52629799	0.27165353
1.85899995	0.78777069	0.32978591
1.85999995	0.85740650	0.36771038
1.86099995	0.72425568	0.37982899
1.86199995	0.42169046	0.35362327
1.86299995	-0.00442913	0.29306102
1.86399995	-0.41298598	0.22582431
1.86499995	-0.74470967	0.16160187
1.86599995	-0.87352359	0.11798720
1.86699995	-0.78149605	0.10162401
1.86799995	-0.50064594	0.11906373
1.86899995	-0.07025098	0.16750738
1.86999995	0.34061271	0.23163755
1.87099995	0.67104453	0.30191928
1.87199995	0.83633733	0.35463828
1.87299995	0.81034696	0.38250491
1.87399995	0.59590304	0.37063238
1.87499995	0.22733144	0.32034326
1.87599995	-0.19586614	0.25913510
1.87699995	-0.61235851	0.19614296
1.87799995	-0.84375000	0.14080955
1.87899995	-0.85826772	0.10140871
1.87999995	-0.66169417	0.10125492
1.88099995	-0.28032726	0.14004061
1.88199995	0.13671875	0.19863436
1.88299995	0.52829725	0.26888534
1.88399995	0.77786660	0.32717150
1.88499995	0.84624135	0.36472687
1.88599995	0.72207183	0.37041709
1.88699995	0.42615035	0.34316561
1.88799995	0.01790108	0.29367617
1.88899995	-0.44275960	0.22948450
1.88999995	-0.75581324	0.16827632
1.89099995	-0.87749135	0.11921752
1.89199995	-0.78318775	0.10147022
1.89299995	-0.48474410	0.11721826
1.89399995	-0.09098179	0.16409326
1.89499995	0.34055117	0.23557456
1.89599995	0.66624629	0.29970473
1.89699995	0.83630657	0.34694883
1.89799995	0.81071603	0.37023252
1.89899995	0.59467274	0.36601871
1.89999995	0.22757751	0.32821727
1.90099995	-0.23612820	0.26279527
1.90199995	-0.61032850	0.19555856
1.90299995	-0.84215057	0.13619587
1.90399995	-0.85617620	0.10414616
1.90499995	-0.64911419	0.10414616
1.90599995	-0.30188853	0.13619587
1.90699995	0.13511933	0.19555856
1.90799995	0.51639396	0.26279527
1.90899995	0.78451031	0.32821727
1.90999995	0.86048228	0.36617249
1.91099995	0.73339075	0.37100148
1.91199995	0.43082553	0.34464198
1.91299995	-0.00135335	0.29072341
1.91399995	-0.41606176	0.22659326
1.91499995	-0.75384474	0.16175567
1.91599995	-0.88247418	0.11798720
1.91699995	-0.78380293	0.10162401
1.91799995	-0.49987698	0.11906373
1.91899995	-0.07009719	0.16750738
1.91999995	0.34061271	0.23179133
1.92099995	0.67104453	0.30265749
1.92199995	0.83649117	0.35214689
1.92299995	0.81111592	0.37275466
1.92399995	0.59359622	0.36395791
1.92499995	0.21831939	0.32701772
1.92599995	-0.20503199	0.26873153
1.92699995	-0.61543429	0.19786540
1.92799995	-0.84052044	0.14234744
1.92899995	-0.84836370	0.11026698
1.92999995	-0.65501970	0.11026698
1.93099995	-0.28700173	0.14234744
1.93199995	0.12678395	0.19786540
1.93299995	0.52506769	0.26873153
1.93399995	0.78094244	0.32717150
1.93499995	0.85537648	0.36472687
1.93599995	0.73093009	0.37057087
1.93699995	0.42768824	0.34393454
1.93799995	0.01943898	0.29136935
1.93899995	-0.43396285	0.22047244
1.93999995	-0.74686271	0.15911049
1.94099995	-0.87515378	0.11611097
1.94199995	-0.78395671	0.10457677
1.94299995	-0.48489788	0.12638411
1.94399995	-0.09098179	0.17292076
1.94499995	0.34055117	0.23711245
1.94599995	0.66624629	0.30124262
1.94699995	0.83630657	0.35577634
1.94799995	0.81056225	0.37921384
1.94899995	0.59390378	0.36832553
1.94999995	0.22973056	0.32747909
1.95099995	-0.22788508	0.26264149
1.95199995	-0.59900957	0.19555856
1.95299994	-0.83083171	0.13619587
1.95399994	-0.84793305	0.10396162
1.95499994	-0.64696109	0.10337722
1.95599994	-0.30250368	0.13853346
1.95699994	0.13570374	0.20457062
1.95799994	0.51424092	0.27165353
1.95899994	0.77632874	0.32978591
1.95999994	0.84919417	0.36771038
1.96099994	0.72210258	0.37982899
1.96199994	0.42245939	0.35362327
1.96299994	-0.00427534	0.29306102
1.96399994	-0.41298598	0.22567052
1.96499994	-0.74470967	0.16083293
1.96599994	-0.87333906	0.12029404
1.96699994	-0.78072709	0.11060531
1.96799994	-0.50295275	0.12801427
1.96899994	-0.07923228	0.16981423
1.96999994	0.33163139	0.23102239
1.97099994	0.66873771	0.30250368
1.97199994	0.83726007	0.35230067
1.97299994	0.81126970	0.37349287
1.97399994	0.59359622	0.36180487
1.97499994	0.21831939	0.31880537
1.97599994	-0.20487820	0.25759721
1.97699994	-0.61466533	0.18731545
1.97799994	-0.84298104	0.13182825
1.97899994	-0.85811394	0.09910187
1.97999994	-0.66169417	0.10202387
1.98099994	-0.28032726	0.14019439
1.98199994	0.13671875	0.19863436
1.98299994	0.52829725	0.26888534
1.98399994	0.77786660	0.32717150
1.98499994	0.84624135	0.36472687
1.98599994	0.72207183	0.37041709
1.98699994	0.42615035	0.34316561
1.98799994	0.01790108	0.29367617
1.98899994	-0.44275960	0.22948450
1.98999994	-0.75596702	0.16827632
1.99099994	-0.87822956	0.11921752
1.99199994	-0.78088093	0.10147022
1.99299994	-0.47579354	0.11721826
1.99399994	-0.08200049	0.16393946
1.99499994	0.34288877	0.23480561
1.99599994	0.66532356	0.30201155
1.99699994	0.83538383	0.35593012
1.99799994	0.81289983	0.37921384
1.99899994	0.60291582	0.36832553
1.99999994	0.23874262	0.32747909
2.00099994	-0.22557825	0.26264149
2.00199994	-0.59977853	0.19540477
2.00299994	-0.83098549	0.13542692
