Time	Channel A	Channel B
(us)	(V)	(V)

-0.00400000	0.32384965	0.11395792
-0.00300000	-0.12041707	0.15089813
-0.00200000	-0.51171875	0.20918430
-0.00100000	-0.79379922	0.28005046
0.00000000	-0.86374259	0.33556840
0.00100000	-0.71121430	0.36764887
0.00200000	-0.39570004	0.36749509
0.00300000	0.03767839	0.33479947
0.00400000	0.43374753	0.28238803
0.00500000	0.73335999	0.21816561
0.00600000	0.85260826	0.15972564
0.00700000	0.77334523	0.11552657
0.00800000	0.51190329	0.10672982
0.00900000	0.10882135	0.13459645
0.01000000	-0.31160802	0.18423967
0.01100000	-0.68876106	0.24843135
0.01200000	-0.86715674	0.30963951
0.01300000	-0.82175809	0.35869834
0.01400000	-0.58172369	0.37644562
0.01500000	-0.18042569	0.36069760
0.01600000	0.23646654	0.31382260
0.01700000	0.60749876	0.24234129
0.01800000	0.81640625	0.17805733
0.01900000	0.83030879	0.13019808
0.02000000	0.65944880	0.10999016
0.02100000	0.33144686	0.12090920
0.02200000	-0.08556841	0.15867987
0.02300000	-0.53051180	0.21742742
0.02400000	-0.80582553	0.28158835
0.02500000	-0.87358510	0.34156618
0.02600000	-0.72662401	0.37376967
0.02700000	-0.38398129	0.37376967
0.02800000	0.02423720	0.34171999
0.02900000	0.43823817	0.28235728
0.03000000	0.72877705	0.21512057
0.03100000	0.85103959	0.14969857
0.03200000	0.77617496	0.11174335
0.03300000	0.51713216	0.10691437
0.03400000	0.12644562	0.13327387
0.03500000	-0.33845964	0.18719243
0.03600000	-0.68353224	0.25132260
0.03700000	-0.86026698	0.31616017
0.03800000	-0.81865156	0.35992864
0.03900000	-0.56320745	0.37629184
0.04000000	-0.18962230	0.35869834
0.04100000	0.24800074	0.30963951
0.04200000	0.59984004	0.24843135
0.04300000	0.81225395	0.18423967
0.04400000	0.83615279	0.13475025
0.04500000	0.66913754	0.10749877
0.04600000	0.33144686	0.11318897
0.04700000	-0.12616880	0.15074433
0.04800000	-0.52377582	0.20903051
0.04900000	-0.80524117	0.27928150
0.05000000	-0.87195498	0.33787525
0.05100000	-0.71336734	0.37666091
0.05200000	-0.39493111	0.37666091
0.05300000	0.03783219	0.33787525
0.05400000	0.43374753	0.27928150
0.05500000	0.73335999	0.20903051
0.05600000	0.85260826	0.15074433
0.05700000	0.77334523	0.11318897
0.05800000	0.51190329	0.10749877
0.05900000	0.10882135	0.13475025
0.06000000	-0.31160802	0.18423967
0.06100000	-0.68876106	0.24843135
0.06200000	-0.86715674	0.30979329
0.06300000	-0.82175809	0.35946727
0.06400000	-0.58156985	0.37410802
0.06500000	-0.17965674	0.35171628
0.06600000	0.23400590	0.30484128
0.06700000	0.59774852	0.24003445
0.06800000	0.80988556	0.17898007
0.06900000	0.83772147	0.13112082
0.07000000	0.66689223	0.10768332
0.07100000	0.32492617	0.11189715
0.07200000	-0.09534941	0.14969857
0.07300000	-0.53300321	0.21512057
0.07400000	-0.80505657	0.28235728
0.07500000	-0.87343132	0.34171999
0.07600000	-0.72662401	0.37376967
0.07700000	-0.38398129	0.37376967
0.07800000	0.02423720	0.34171999
0.07900000	0.43823817	0.28235728
0.08000000	0.72877705	0.21512057
0.08100000	0.85103959	0.14969857
0.08200000	0.77632874	0.11174335
0.08300000	0.51790106	0.10691437
0.08400000	0.12413878	0.13327387
0.08500000	-0.34744096	0.18719243
0.08600000	-0.69235975	0.25132260
0.08700000	-0.86180484	0.31616017
0.08800000	-0.82022023	0.35992864
0.08900000	-0.57206571	0.37629184
0.09000000	-0.19878814	0.35885212
0.09100000	0.24489419	0.31040847
0.09200000	0.60310042	0.24612451
0.09300000	0.82218874	0.17525837
0.09400000	0.84267348	0.12561515
0.09500000	0.66169417	0.10442298
0.09600000	0.32400346	0.11626476
0.09700000	-0.11967888	0.15987943
0.09800000	-0.51390254	0.21816561
0.09900000	-0.80201155	0.28238803
0.10000000	-0.87503076	0.33479947
0.10100000	-0.72250247	0.36749509
0.10200000	-0.40391240	0.36749509
0.10300000	0.03552534	0.33479947
0.10400000	0.43451649	0.28238803
0.10500000	0.73354453	0.21816561
0.10600000	0.85260826	0.15987943
0.10700000	0.77334523	0.11626476
0.10800000	0.51190329	0.10442298
0.10900000	0.10882135	0.12561515
0.11000000	-0.31145424	0.17525837
0.11100000	-0.68799210	0.24612451
0.11200000	-0.86946356	0.31040847
0.11300000	-0.83070868	0.35885212
0.11400000	-0.59055120	0.37644562
0.11500000	-0.18196358	0.36069760
0.11600000	0.23492864	0.31382260
0.11700000	0.59867126	0.24234129
0.11800000	0.80757874	0.17821112
0.11900000	0.82877094	0.13096702
0.12000000	0.65791094	0.10768332
0.12100000	0.32261935	0.11189715
0.12200000	-0.09458046	0.14969857
0.12300000	-0.53284943	0.21512057
0.12400000	-0.80505657	0.28235728
0.12500000	-0.87343132	0.34171999
0.12600000	-0.72662401	0.37376967
0.12700000	-0.38398129	0.37376967
0.12800000	0.02423720	0.34171999
0.12900000	0.43823817	0.28235728
0.13000000	0.72877705	0.21512057
0.13100000	0.85103959	0.14969857
0.13200000	0.77617496	0.11174335
0.13300000	0.51713216	0.10691437
0.13400000	0.12644562	0.13327387
0.13500000	-0.33845964	0.18719243
0.13600000	-0.68353224	0.25132260
0.13700000	-0.86026698	0.31616017
0.13800000	-0.81865156	0.35992864
0.13900000	-0.56320745	0.37629184
0.14000000	-0.18962230	0.35885212
0.14100000	0.24800074	0.31040847
0.14200000	0.59984004	0.24612451
0.14300000	0.81225395	0.17525837
0.14400000	0.83599901	0.12576894
0.14500000	0.66836858	0.10516117
0.14600000	0.33375368	0.11380413
0.14700000	-0.11718750	0.15012918
0.14800000	-0.51467150	0.21149114
0.14900000	-0.80216533	0.28903174
0.15000000	-0.87503076	0.34454972
0.15100000	-0.72250247	0.36995572
0.15200000	-0.40391240	0.36687991
0.15300000	0.03552534	0.33541462
0.15400000	0.43451649	0.28005046
0.15500000	0.73354453	0.20918430
0.15600000	0.85260826	0.15089813
0.15700000	0.77334523	0.11395792
0.15800000	0.51190329	0.10516117
0.15900000	0.10882135	0.12576894
0.16000000	-0.31160802	0.17525837
0.16100000	-0.68876106	0.24612451
0.16200000	-0.86715674	0.31040847
0.16300000	-0.82175809	0.35885212
0.16400000	-0.58156985	0.37644562
0.16500000	-0.17965674	0.36069760
0.16600000	0.23400590	0.31382260
0.16700000	0.59774852	0.24234129
0.16800000	0.80988556	0.17821112
0.16900000	0.83772147	0.13096702
0.17000000	0.66689223	0.10768332
0.17100000	0.32492617	0.11189715
0.17200000	-0.09534941	0.14969857
0.17300000	-0.53300321	0.21512057
0.17400000	-0.80505657	0.28235728
0.17500000	-0.87343132	0.34171999
0.17600000	-0.72662401	0.37376967
0.17700000	-0.38398129	0.37376967
0.17800000	0.02423720	0.34171999
0.17900000	0.43823817	0.28235728
0.18000000	0.72877705	0.21512057
0.18100000	0.85103959	0.14969857
0.18200000	0.77617496	0.11174335
0.18300000	0.51713216	0.10691437
0.18400000	0.12644562	0.13327387
0.18499999	-0.33845964	0.18719243
0.18599999	-0.68337846	0.25132260
0.18699999	-0.85949802	0.31616017
0.18799999	-0.82098919	0.35992864
0.18899999	-0.57221949	0.37629184
0.18999999	-0.19878814	0.35885212
0.19099999	0.24489419	0.31040847
0.19199999	0.60294658	0.24612451
0.19299999	0.82141978	0.17525837
0.19399999	0.84513408	0.12576894
0.19499999	0.67144442	0.10516117
0.19599999	0.33067790	0.11395792
0.19699999	-0.12632258	0.15089813
0.19799999	-0.52362204	0.20918430
0.19899999	-0.80447221	0.28005046
0.19999999	-0.87426180	0.33556840
0.20099999	-0.72234869	0.36764887
0.20199999	-0.40391240	0.36749509
0.20299999	0.03552534	0.33479947
0.20399999	0.43451649	0.28238803
0.20499999	0.73354453	0.21816561
0.20599999	0.85260826	0.15972564
0.20699999	0.77334523	0.11552657
0.20799999	0.51190329	0.10672982
0.20899999	0.10882135	0.13459645
0.20999999	-0.31160802	0.18423967
0.21099999	-0.68876106	0.24843135
0.21199999	-0.86715674	0.30963951
0.21299999	-0.82175809	0.35869834
0.21399999	-0.58172369	0.37644562
0.21499999	-0.18042569	0.36069760
0.21599999	0.23646654	0.31397638
0.21699999	0.60749876	0.24311024
0.21799999	0.81640625	0.17575049
0.21899999	0.83030879	0.12121678
0.21999999	0.65944880	0.10100885
0.22099999	0.33144686	0.11860237
0.22199999	-0.08556841	0.15944882
0.22299999	-0.53051180	0.21758120
0.22399999	-0.80582553	0.28158835
0.22499999	-0.87358510	0.34156618
0.22599999	-0.72662401	0.37376967
0.22699999	-0.38398129	0.37376967
0.22799999	0.02423720	0.34171999
0.22899999	0.43823817	0.28235728
0.22999999	0.72877705	0.21512057
0.23099999	0.85103959	0.14969857
0.23199999	0.77632874	0.11174335
0.23299999	0.51790106	0.10691437
0.23399999	0.12413878	0.13327387
0.23499999	-0.34744096	0.18719243
0.23599999	-0.69251353	0.25132260
0.23699999	-0.86257380	0.31616017
0.23799999	-0.81788260	0.35992864
0.23899999	-0.56305367	0.37629184
0.23999999	-0.18962230	0.35869834
0.24099999	0.24800074	0.30963951
0.24199999	0.59984004	0.24843135
0.24299999	0.81225395	0.18423967
0.24399999	0.83599901	0.13475025
0.24499999	0.66836858	0.10749877
0.24599999	0.33375368	0.11303519
0.24699999	-0.11718750	0.14997539
0.24799999	-0.51467150	0.21133736
0.24899999	-0.80216533	0.28826278
0.24999999	-0.87503076	0.34685653
0.25099999	-0.72250247	0.37896776
0.25199999	-0.40391240	0.37589198
0.25299999	0.03552534	0.33772147
0.25399999	0.43436271	0.27928150
0.25499999	0.73277557	0.20903051
0.25599999	0.85494584	0.15074433
0.25699999	0.78232652	0.11318897
0.25799999	0.52088457	0.10749877
0.25899999	0.11112820	0.13475025
0.25999999	-0.31237698	0.18423967
0.26099999	-0.68891484	0.24843135
0.26199999	-0.86715674	0.30963951
0.26299999	-0.82175809	0.35869834
0.26399999	-0.58172369	0.37629184
0.26499999	-0.18042569	0.35992864
0.26599999	0.23631275	0.31616017
0.26699999	0.60672981	0.25132260
0.26799999	0.81886685	0.18719243
0.26899999	0.84002829	0.13327387
0.26999999	0.66612327	0.10691437
0.27099999	0.32477239	0.11174335
0.27199999	-0.09534941	0.14969857
0.27299999	-0.53300321	0.21512057
0.27399999	-0.80505657	0.28235728
0.27499999	-0.87343132	0.34171999
0.27599999	-0.72662401	0.37376967
0.27699999	-0.38398129	0.37376967
0.27799999	0.02423720	0.34171999
0.27899999	0.43823817	0.28235728
0.27999999	0.72877705	0.21512057
0.28099999	0.85103959	0.14969857
0.28199999	0.77617496	0.11189715
0.28299999	0.51713216	0.10768332
0.28399999	0.12644562	0.13096702
0.28499999	-0.33845964	0.17821112
0.28599999	-0.68353224	0.24234129
0.28699999	-0.86026698	0.31382260
0.28799999	-0.81865156	0.36069760
0.28899999	-0.56320745	0.37644562
0.28999999	-0.18977608	0.35869834
0.29099999	0.24723180	0.30963951
0.29199999	0.60217768	0.24843135
0.29299999	0.82126600	0.18423967
0.29399999	0.84498030	0.13475025
0.29499999	0.67070621	0.10749877
0.29599999	0.33286172	0.11318897
0.29699999	-0.11811024	0.15074433
0.29799999	-0.51233393	0.20918430
0.29899999	-0.79321480	0.28005046
0.29999999	-0.86608022	0.33556840
0.30099999	-0.72019559	0.36764887
0.30199999	-0.40468135	0.36764887
0.30299999	0.03537155	0.33556840
0.30399999	0.43451649	0.28005046
0.30499999	0.73354453	0.20918430
0.30599999	0.85260826	0.15074433
0.30699999	0.77334523	0.11318897
0.30799999	0.51190329	0.10734498
0.30899999	0.10882135	0.13398130
0.30999999	-0.31160802	0.18654650
0.31099999	-0.68876106	0.25744340
0.31199999	-0.86715674	0.31862080
0.31299999	-0.82175809	0.36103591
0.31399999	-0.58172369	0.37552288
0.31499999	-0.18042569	0.35977486
0.31599999	0.23631275	0.31616017
0.31699999	0.60672981	0.25132260
0.31799999	0.81886685	0.18719243
0.31899999	0.84002829	0.13327387
0.31999999	0.66612327	0.10691437
0.32099999	0.32477239	0.11174335
0.32199999	-0.09534941	0.14969857
0.32299999	-0.53300321	0.21512057
0.32399999	-0.80505657	0.28235728
0.32499999	-0.87343132	0.34171999
0.32599999	-0.72662401	0.37395424
0.32699999	-0.38398129	0.37453863
0.32799999	0.02439099	0.33938238
0.32899999	0.43900713	0.27334523
0.32999999	0.72643948	0.20610851
0.33099999	0.84202754	0.14736098
0.33199999	0.76731670	0.11251231
0.33299999	0.51559424	0.10706816
0.33399999	0.12490772	0.13327387
0.33499999	-0.34728715	0.18719243
0.33599999	-0.69235975	0.25132260
0.33699999	-0.86180484	0.31616017
0.33799999	-0.82022023	0.35992864
0.33899999	-0.57206571	0.37629184
0.33999999	-0.19878814	0.35885212
0.34099999	0.24489419	0.31040847
0.34199999	0.60294658	0.24612451
0.34299999	0.82141978	0.17525837
0.34399999	0.84513408	0.12576894
0.34499999	0.67144442	0.10516117
0.34599999	0.33067790	0.11380413
0.34699999	-0.12632258	0.15012918
0.34799999	-0.52377582	0.21133736
0.34899999	-0.80524117	0.28826278
0.34999999	-0.87195498	0.34685653
0.35099999	-0.71336734	0.37896776
0.35199999	-0.39493111	0.37589198
0.35299999	0.03783219	0.33772147
0.35399999	0.43374753	0.27928150
0.35499999	0.73335999	0.20903051
0.35599999	0.85260826	0.15089813
0.35699999	0.77334523	0.11395792
0.35799999	0.51190329	0.10516117
0.35899999	0.10882135	0.12576894
0.35999999	-0.31160802	0.17525837
0.36099999	-0.68876106	0.24612451
0.36199999	-0.86715674	0.31040847
0.36299999	-0.82175809	0.35885212
0.36399999	-0.58156985	0.37644562
0.36499999	-0.17965674	0.36069760
0.36599999	0.23400590	0.31382260
0.36699999	0.59774852	0.24234129
0.36799999	0.80988556	0.17805733
0.36899999	0.83772147	0.13019808
0.36999999	0.66689223	0.10999016
0.37099999	0.32492617	0.12090920
0.37199999	-0.09534941	0.15867987
0.37299999	-0.53300321	0.21742742
0.37399999	-0.80505657	0.28158835
0.37499999	-0.87343132	0.34156618
0.37599999	-0.72662401	0.37376967
0.37699999	-0.38398129	0.37376967
0.37799999	0.02423720	0.34171999
0.37899999	0.43823817	0.28235728
0.37999999	0.72877705	0.21527436
0.38099999	0.85103959	0.15043676
0.38199999	0.77617496	0.10959031
0.38299999	0.51713216	0.09870202
0.38399999	0.12644562	0.12198573
0.38499999	-0.33845964	0.17590427
0.38599999	-0.68337846	0.24311024
0.38699999	-0.85949802	0.31397638
0.38799999	-0.82098919	0.36069760
0.38899999	-0.57221949	0.37644562
0.38999999	-0.19863436	0.35885212
0.39099999	0.24566314	0.31040847
0.39199999	0.60076278	0.24612451
0.39299999	0.81317669	0.17525837
0.39399999	0.83366144	0.12561515
0.39499999	0.65938729	0.10442298
0.39599999	0.32461861	0.11626476
0.39699999	-0.12026329	0.15987943
0.39799999	-0.51156497	0.21816561
0.39899999	-0.79306102	0.28238803
0.39999999	-0.86608022	0.33479947
0.40099999	-0.72019559	0.36749509
0.40199999	-0.40468135	0.36764887
0.40299999	0.03537155	0.33556840
0.40399999	0.43451649	0.28005046
0.40499999	0.73354453	0.20918430
0.40599999	0.85260826	0.15074433
0.40699999	0.77334523	0.11318897
0.40799999	0.51190329	0.10749877
0.40899999	0.10882135	0.13475025
0.40999999	-0.31160802	0.18423967
0.41099999	-0.68876106	0.24843135
0.41199999	-0.86715674	0.30963951
0.41299999	-0.82175809	0.35869834
0.41399999	-0.58172369	0.37644562
0.41499999	-0.18042569	0.36069760
0.41599999	0.23631275	0.31397638
0.41699999	0.60672981	0.24311024
0.41799999	0.81886685	0.17590427
0.41899999	0.84002829	0.12198573
0.41999999	0.66612327	0.09870202
0.42099999	0.32477239	0.10959031
0.42199999	-0.09534941	0.15043676
0.42299999	-0.53300321	0.21527436
0.42399999	-0.80505657	0.28235728
0.42499999	-0.87343132	0.34171999
0.42599999	-0.72662401	0.37376967
0.42699999	-0.38398129	0.37376967
0.42799999	0.02423720	0.34171999
0.42899999	0.43823817	0.28235728
0.42999999	0.72877705	0.21512057
0.43099999	0.85103959	0.14969857
0.43199999	0.77617496	0.11174335
0.43299999	0.51713216	0.10691437
0.43399999	0.12644562	0.13327387
0.43499999	-0.33845964	0.18719243
0.43599999	-0.68353224	0.25132260
0.43699999	-0.86026698	0.31616017
0.43799999	-0.81849778	0.35992864
0.43899999	-0.56243849	0.37629184
0.43999999	-0.19211368	0.35869834
0.44099999	0.23821974	0.30963951
0.44199999	0.59316558	0.24843135
0.44299999	0.81895918	0.18423967
0.44399999	0.84574926	0.13475025
0.44499999	0.67085999	0.10749877
0.44599999	0.33301550	0.11318897
0.44699999	-0.11734129	0.15074433
0.44799999	-0.51467150	0.20903051
0.44899999	-0.80216533	0.27928150
0.44999999	-0.87503076	0.33787525
0.45099999	-0.72250247	0.37666091
0.45199999	-0.40391240	0.37666091
0.45299999	0.03552534	0.33787525
0.45399999	0.43451649	0.27928150
0.45499999	0.73354453	0.20903051
0.45599999	0.85260826	0.15074433
0.45699999	0.77334523	0.11318897
0.45799999	0.51190329	0.10734498
0.45899999	0.10882135	0.13398130
0.45999999	-0.31160802	0.18654650
0.46099999	-0.68876106	0.25744340
0.46199999	-0.86731052	0.31880537
0.46299999	-0.82249629	0.36180487
0.46399999	-0.57941681	0.37333909
0.46499999	-0.17141363	0.35153174
0.46599999	0.24529405	0.30499509
0.46699999	0.60903668	0.24080339
0.46799999	0.81809795	0.17667323
0.46899999	0.83987451	0.12213952
0.46999999	0.66612327	0.09870202
0.47099999	0.32477239	0.10959031
0.47199999	-0.09550320	0.15043676
0.47299999	-0.53377217	0.21527436
0.47399999	-0.80274975	0.28251109
0.47499999	-0.86448079	0.34248891
0.47599999	-0.71764272	0.37146285
0.47699999	-0.38167447	0.36478838
0.47799999	0.02349902	0.33270791
0.47899999	0.43808439	0.28001967
0.47999999	0.72877705	0.21588951
0.48099999	0.85103959	0.14985237
0.48199999	0.77617496	0.11174335
0.48299999	0.51713216	0.10691437
0.48399999	0.12644562	0.13327387
0.48499999	-0.33845964	0.18719243
0.48599999	-0.68337846	0.25132260
0.48699999	-0.85949802	0.31616017
0.48799999	-0.82098919	0.35992864
0.48899999	-0.57221949	0.37629184
0.48999999	-0.19878814	0.35869834
0.49099999	0.24489419	0.30963951
0.49199999	0.60310042	0.24843135
0.49299999	0.82218874	0.18423967
0.49399999	0.84267348	0.13475025
0.49499999	0.66169417	0.10749877
0.49599999	0.32400346	0.11318897
0.49699999	-0.11967888	0.15074433
0.49799999	-0.51390254	0.20903051
0.49899999	-0.80201155	0.27928150
0.49999999	-0.87503076	0.33787525
0.50099999	-0.72250247	0.37666091
0.50199999	-0.40391240	0.37666091
0.50299999	0.03552534	0.33787525
0.50399999	0.43451649	0.27928150
0.50499999	0.73354453	0.20903051
0.50599999	0.85260826	0.15089813
0.50699999	0.77334523	0.11395792
0.50799999	0.51190329	0.10500738
0.50899999	0.10882135	0.12500000
0.50999999	-0.31160802	0.17756520
0.51099999	-0.68876106	0.25510579
0.51199999	-0.86715674	0.31938976
0.51299999	-0.82175809	0.36118972
0.51399999	-0.58172369	0.37567666
0.51499999	-0.18042569	0.36054379
0.51599999	0.23646654	0.31382260
0.51699999	0.60749876	0.24234129
0.51799999	0.81640625	0.17821112
0.51899999	0.83030879	0.13096702
0.51999999	0.65944880	0.10768332
0.52099999	0.33144686	0.11189715
0.52199999	-0.08556841	0.14969857
0.52299999	-0.53051180	0.21512057
0.52399999	-0.80582553	0.28235728
0.52499999	-0.87358510	0.34171999
0.52599999	-0.72662401	0.37376967
0.52699999	-0.38398129	0.37376967
0.52799999	0.02423720	0.34171999
0.52899999	0.43823817	0.28235728
0.52999999	0.72877705	0.21512057
0.53099999	0.85103959	0.14969857
0.53199999	0.77632874	0.11174335
0.53299999	0.51790106	0.10691437
0.53399999	0.12413878	0.13327387
0.53499999	-0.34744096	0.18719243
0.53599999	-0.69251353	0.25132260
0.53699999	-0.86257380	0.31616017
0.53799999	-0.81788260	0.35992864
0.53899998	-0.56305367	0.37629184
0.53999998	-0.18962230	0.35869834
0.54099998	0.24800074	0.30963951
0.54199998	0.59984004	0.24843135
0.54299998	0.81225395	0.18423967
0.54399998	0.83599901	0.13475025
0.54499998	0.66836858	0.10749877
0.54599998	0.33375368	0.11318897
0.54699998	-0.11718750	0.15074433
0.54799998	-0.51482528	0.20903051
0.54899998	-0.80293429	0.27928150
0.54999998	-0.87272394	0.33787525
0.55099998	-0.71352118	0.37666091
0.55199998	-0.39477730	0.37666091
0.55299998	0.03860113	0.33787525
0.55399998	0.43144071	0.27928150
0.55499998	0.72437871	0.20903051
0.55599998	0.84362698	0.15074433
0.55699998	0.77103835	0.11318897
0.55799998	0.51267225	0.10749877
0.55899998	0.10897515	0.13475025
0.55999998	-0.31160802	0.18423967
0.56099998	-0.68876106	0.24843135
0.56199998	-0.86715674	0.30963951
0.56299998	-0.82175809	0.35869834
0.56399998	-0.58172369	0.37644562
0.56499998	-0.18042569	0.36069760
0.56599998	0.23646654	0.31397638
0.56699998	0.60749876	0.24311024
0.56799998	0.81656003	0.17590427
0.56899998	0.83107775	0.12198573
0.56999998	0.65714198	0.09870202
0.57099998	0.32246554	0.10959031
0.57199998	-0.09458046	0.15043676
0.57299998	-0.53284943	0.21527436
0.57399998	-0.80505657	0.28235728
0.57499998	-0.87343132	0.34171999
0.57599998	-0.72662401	0.37376967
0.57699998	-0.38398129	0.37376967
0.57799998	0.02423720	0.34171999
0.57899998	0.43823817	0.28235728
0.57999998	0.72877705	0.21512057
0.58099998	0.85103959	0.14969857
0.58199998	0.77617496	0.11174335
0.58299998	0.51713216	0.10691437
0.58399998	0.12644562	0.13327387
0.58499998	-0.33845964	0.18719243
0.58599998	-0.68337846	0.25132260
0.58699998	-0.85949802	0.31616017
0.58799998	-0.82098919	0.35992864
0.58899998	-0.57221949	0.37629184
0.58999998	-0.19878814	0.35869834
0.59099998	0.24489419	0.30963951
0.59199998	0.60294658	0.24843135
0.59299998	0.82141978	0.18423967
0.59399998	0.84498030	0.13475025
0.59499998	0.67070621	0.10749877
0.59599998	0.33301550	0.11318897
0.59699998	-0.11734129	0.15074433
0.59799998	-0.51467150	0.20903051
0.59899998	-0.80216533	0.27928150
0.59999998	-0.87503076	0.33787525
0.60099998	-0.72250247	0.37666091
0.60199998	-0.40391240	0.37650713
0.60299998	0.03552534	0.33710629
0.60399998	0.43451649	0.28161910
0.60499998	0.73354453	0.21801181
0.60599998	0.85260826	0.15972564
0.60699998	0.77334523	0.11552657
0.60799998	0.51190329	0.10672982
0.60899998	0.10882135	0.13459645
0.60999998	-0.31160802	0.18423967
0.61099998	-0.68876106	0.24843135
0.61199998	-0.86731052	0.30963951
0.61299998	-0.82249629	0.35869834
0.61399998	-0.57941681	0.37629184
0.61499998	-0.17141363	0.35992864
0.61599998	0.24529405	0.31616017
0.61699998	0.60903668	0.25132260
0.61799998	0.81794417	0.18719243
0.61899998	0.83910555	0.13327387
0.61999998	0.66843009	0.10691437
0.62099998	0.33378446	0.11174335
0.62199998	-0.08633735	0.14969857
0.62299998	-0.53066558	0.21512057
0.62399998	-0.80582553	0.28235728
0.62499998	-0.87358510	0.34171999
0.62599998	-0.72662401	0.37376967
0.62699998	-0.38398129	0.37376967
0.62799998	0.02423720	0.34171999
0.62899998	0.43823817	0.28235728
0.62999998	0.72877705	0.21512057
0.63099998	0.85103959	0.14969857
0.63199998	0.77617496	0.11174335
0.63299998	0.51713216	0.10691437
0.63399998	0.12644562	0.13342765
0.63499998	-0.33845964	0.18796137
0.63599998	-0.68337846	0.24901575
0.63699998	-0.85949802	0.30714813
0.63799998	-0.82098919	0.35094735
0.63899998	-0.57221949	0.37395424
0.63999998	-0.19878814	0.35946727
0.64099998	0.24489419	0.30979329
0.64199998	0.60294658	0.24843135
0.64299998	0.82141978	0.18423967
0.64399998	0.84498030	0.13459645
0.64499998	0.67070621	0.10672982
0.64599998	0.33301550	0.11552657
0.64699998	-0.11734129	0.15972564
0.64799998	-0.51482528	0.21801181
0.64899998	-0.80293429	0.28161910
0.64999998	-0.87272394	0.33710629
0.65099998	-0.71352118	0.37650713
0.65199998	-0.39493111	0.37666091
0.65299998	0.03783219	0.33787525
0.65399998	0.43359375	0.27928150
0.65499998	0.73262179	0.20903051
0.65599998	0.85494584	0.15074433
0.65699998	0.78232652	0.11318897
0.65799998	0.52088457	0.10749877
0.65899998	0.11112820	0.13475025
0.65999998	-0.31237698	0.18423967
0.66099998	-0.68891484	0.24843135
0.66199998	-0.86715674	0.30963951
0.66299998	-0.82175809	0.35869834
0.66399998	-0.58172369	0.37644562
0.66499998	-0.18042569	0.36069760
0.66599998	0.23631275	0.31397638
0.66699998	0.60672981	0.24311024
0.66799998	0.81886685	0.17590427
0.66899998	0.84002829	0.12198573
0.66999998	0.66612327	0.09870202
0.67099998	0.32477239	0.10959031
0.67199998	-0.09550320	0.15043676
0.67299998	-0.53377217	0.21527436
0.67399998	-0.80274975	0.28235728
0.67499998	-0.86448079	0.34171999
0.67599998	-0.71764272	0.37376967
0.67699998	-0.38167447	0.37376967
0.67799998	0.02349902	0.34171999
0.67899998	0.43808439	0.28235728
0.67999998	0.72877705	0.21512057
0.68099998	0.85103959	0.14969857
0.68199998	0.77617496	0.11189715
0.68299998	0.51713216	0.10768332
0.68399998	0.12644562	0.13096702
0.68499998	-0.33845964	0.17821112
0.68599998	-0.68353224	0.24234129
0.68699998	-0.86026698	0.31382260
0.68799998	-0.81865156	0.36069760
0.68899998	-0.56320745	0.37644562
0.68999998	-0.18977608	0.35885212
0.69099998	0.24723180	0.31040847
0.69199998	0.60233146	0.24612451
0.69299998	0.82203496	0.17525837
0.69399998	0.84267348	0.12561515
0.69499998	0.66169417	0.10442298
0.69599998	0.32400346	0.11626476
0.69699998	-0.11967888	0.15987943
0.69799998	-0.51390254	0.21801181
0.69899998	-0.80201155	0.28161910
0.69999998	-0.87503076	0.33710629
0.70099998	-0.72250247	0.37650713
0.70199998	-0.40391240	0.37666091
0.70299998	0.03552534	0.33787525
0.70399998	0.43451649	0.27928150
0.70499998	0.73354453	0.20903051
0.70599998	0.85260826	0.15074433
0.70699998	0.77334523	0.11318897
0.70799998	0.51190329	0.10749877
0.70899998	0.10882135	0.13475025
0.70999998	-0.31160802	0.18439345
0.71099998	-0.68876106	0.24920030
0.71199998	-0.86731052	0.30733266
0.71299998	-0.82249629	0.34974778
0.71399998	-0.57941681	0.36746433
0.71499998	-0.17141363	0.35839075
0.71599998	0.24529405	0.31459153
0.71699998	0.60903668	0.24249507
0.71799998	0.81809795	0.17821112
0.71899998	0.83987451	0.13096702
0.71999998	0.66612327	0.10768332
0.72099998	0.32477239	0.11189715
0.72199998	-0.09534941	0.14969857
0.72299998	-0.53300321	0.21512057
0.72399998	-0.80505657	0.28235728
0.72499998	-0.87343132	0.34171999
0.72599998	-0.72662401	0.37376967
0.72699998	-0.38398129	0.37376967
0.72799998	0.02423720	0.34171999
0.72899998	0.43823817	0.28235728
0.72999998	0.72877705	0.21527436
0.73099998	0.85103959	0.15043676
0.73199998	0.77632874	0.10943651
0.73299998	0.51790106	0.09793307
0.73399998	0.12413878	0.12429257
0.73499998	-0.34744096	0.18485482
0.73599998	-0.69251353	0.25209153
0.73699998	-0.86257380	0.31631398
0.73799998	-0.81772882	0.35992864
0.73899998	-0.56228471	0.37629184
0.73999998	-0.19195989	0.35885212
0.74099998	0.23898868	0.31040847
0.74199998	0.59085876	0.24612451
0.74299998	0.80994707	0.17525837
0.74399998	0.83692175	0.12576894
0.74499998	0.66929132	0.10516117
0.74599998	0.33129305	0.11395792
0.74699998	-0.12693775	0.15089813
0.74799998	-0.52131522	0.20903051
0.74899998	-0.79552168	0.27928150
0.74999998	-0.86531126	0.33787525
0.75099998	-0.72001106	0.37666091
0.75199998	-0.40468135	0.37666091
0.75299998	0.03537155	0.33787525
0.75399998	0.43451649	0.27928150
0.75499998	0.73354453	0.20903051
0.75599998	0.85260826	0.15089813
0.75699998	0.77334523	0.11395792
0.75799998	0.51190329	0.10500738
0.75899998	0.10882135	0.12500000
0.75999998	-0.31160802	0.17756520
0.76099998	-0.68876106	0.25510579
0.76199998	-0.86715674	0.31938976
0.76299998	-0.82175809	0.36118972
0.76399998	-0.58172369	0.37552288
0.76499998	-0.18042569	0.35977486
0.76599998	0.23631275	0.31631398
0.76699998	0.60672981	0.25209153
0.76799998	0.81886685	0.18485482
0.76899998	0.84002829	0.12429257
0.76999998	0.66612327	0.09793307
0.77099998	0.32477239	0.10943651
0.77199998	-0.09550320	0.15043676
0.77299998	-0.53377217	0.21527436
0.77399998	-0.80274975	0.28235728
0.77499998	-0.86448079	0.34171999
0.77599998	-0.71764272	0.37376967
0.77699998	-0.38167447	0.37376967
0.77799998	0.02349902	0.34171999
0.77899998	0.43808439	0.28235728
0.77999998	0.72893083	0.21512057
0.78099998	0.85180855	0.14969857
0.78199998	0.77386808	0.11174335
0.78299998	0.50818157	0.10691437
0.78399998	0.11746432	0.13327387
0.78499998	-0.34076649	0.18719243
0.78599998	-0.68279403	0.25132260
0.78699998	-0.86011320	0.31616017
0.78799998	-0.81865156	0.35992864
0.78899998	-0.56320745	0.37629184
0.78999998	-0.18962230	0.35869834
0.79099998	0.24800074	0.30963951
0.79199998	0.59984004	0.24843135
0.79299998	0.81225395	0.18423967
0.79399998	0.83615279	0.13475025
0.79499998	0.66913754	0.10749877
0.79599998	0.33144686	0.11318897
0.79699998	-0.12616880	0.15074433
0.79799998	-0.52362204	0.20918430
0.79899998	-0.80447221	0.28005046
0.79999998	-0.87426180	0.33556840
0.80099998	-0.72234869	0.36764887
0.80199998	-0.40391240	0.36764887
0.80299998	0.03552534	0.33556840
0.80399998	0.43451649	0.28005046
0.80499998	0.73354453	0.20918430
0.80599998	0.85260826	0.15089813
0.80699998	0.77334523	0.11395792
0.80799998	0.51190329	0.10516117
0.80899998	0.10882135	0.12576894
0.80999998	-0.31160802	0.17525837
0.81099998	-0.68876106	0.24612451
0.81199998	-0.86715674	0.31040847
0.81299998	-0.82175809	0.35885212
0.81399998	-0.58172369	0.37644562
0.81499998	-0.18042569	0.36069760
0.81599998	0.23646654	0.31397638
0.81699998	0.60749876	0.24311024
0.81799998	0.81640625	0.17590427
0.81899998	0.83030879	0.12198573
0.81999998	0.65944880	0.09870202
0.82099998	0.33144686	0.10959031
0.82199998	-0.08556841	0.15043676
0.82299998	-0.53051180	0.21527436
0.82399998	-0.80582553	0.28235728
0.82499998	-0.87358510	0.34171999
0.82599998	-0.72662401	0.37376967
0.82699998	-0.38398129	0.37376967
0.82799998	0.02423720	0.34171999
0.82899998	0.43823817	0.28235728
0.82999998	0.72877705	0.21512057
0.83099998	0.85103959	0.14969857
0.83199998	0.77617496	0.11174335
0.83299998	0.51713216	0.10691437
0.83399998	0.12644562	0.13327387
0.83499998	-0.33845964	0.18719243
0.83599998	-0.68353224	0.25132260
0.83699998	-0.86026698	0.31616017
0.83799998	-0.81865156	0.35992864
0.83899998	-0.56320745	0.37629184
0.83999998	-0.18962230	0.35885212
0.84099998	0.24800074	0.31040847
0.84199998	0.59984004	0.24612451
0.84299998	0.81225395	0.17525837
0.84399998	0.83599901	0.12576894
0.84499998	0.66836858	0.10516117
0.84599998	0.33375368	0.11395792
0.84699998	-0.11718750	0.15089813
0.84799998	-0.51482528	0.20903051
0.84899998	-0.80293429	0.27928150
0.84999998	-0.87272394	0.33787525
0.85099998	-0.71352118	0.37666091
0.85199998	-0.39493111	0.37666091
0.85299998	0.03783219	0.33787525
0.85399998	0.43374753	0.27928150
0.85499998	0.73335999	0.20903051
0.85599998	0.85260826	0.15074433
0.85699998	0.77334523	0.11318897
0.85799998	0.51190329	0.10749877
0.85899998	0.10882135	0.13475025
0.85999998	-0.31160802	0.18423967
0.86099998	-0.68876106	0.24843135
0.86199998	-0.86715674	0.30963951
0.86299998	-0.82175809	0.35869834
0.86399998	-0.58156985	0.37629184
0.86499998	-0.17965674	0.35992864
0.86599998	0.23400590	0.31616017
0.86699998	0.59774852	0.25132260
0.86799998	0.80988556	0.18719243
0.86899998	0.83772147	0.13327387
0.86999998	0.66689223	0.10691437
0.87099998	0.32492617	0.11174335
0.87199998	-0.09550320	0.14969857
0.87299998	-0.53377217	0.21512057
0.87399998	-0.80259597	0.28235728
0.87499998	-0.86371183	0.34171999
0.87599998	-0.71998030	0.37376967
0.87699998	-0.39068651	0.37376967
0.87799998	0.01448696	0.34171999
0.87899998	0.43574679	0.28235728
0.87999998	0.72954601	0.21512057
0.88099998	0.85119343	0.14969857
0.88199998	0.77617496	0.11189715
0.88299998	0.51713216	0.10768332
0.88399998	0.12644562	0.13096702
0.88499998	-0.33845964	0.17821112
0.88599998	-0.68337846	0.24234129
0.88699998	-0.85949802	0.31382260
0.88799998	-0.82098919	0.36069760
0.88899998	-0.57221949	0.37644562
0.88999998	-0.19878814	0.35885212
0.89099998	0.24489419	0.31040847
0.89199997	0.60294658	0.24612451
0.89299997	0.82141978	0.17525837
0.89399997	0.84498030	0.12561515
0.89499997	0.67070621	0.10442298
0.89599997	0.33301550	0.11626476
0.89699997	-0.11734129	0.15987943
0.89799997	-0.51467150	0.21816561
0.89899997	-0.80216533	0.28238803
0.89999997	-0.87503076	0.33479947
0.90099997	-0.72250247	0.36749509
0.90199997	-0.40391240	0.36764887
0.90299997	0.03552534	0.33556840
0.90399997	0.43451649	0.28005046
0.90499997	0.73354453	0.20918430
0.90599997	0.85260826	0.15074433
0.90699997	0.77334523	0.11318897
0.90799997	0.51190329	0.10734498
0.90899997	0.10882135	0.13398130
0.90999997	-0.31160802	0.18654650
0.91099997	-0.68876106	0.25744340
0.91199997	-0.86715674	0.31862080
0.91299997	-0.82175809	0.36103591
0.91399997	-0.58172369	0.37552288
0.91499997	-0.18042569	0.35977486
0.91599997	0.23646654	0.31616017
0.91699997	0.60749876	0.25132260
0.91799997	0.81656003	0.18719243
0.91899997	0.83107775	0.13327387
0.91999997	0.65714198	0.10691437
0.92099997	0.32246554	0.11174335
0.92199997	-0.09473425	0.14969857
0.92299997	-0.53361833	0.21512057
0.92399997	-0.80274975	0.28235728
0.92499997	-0.86448079	0.34171999
0.92599997	-0.71764272	0.37376967
0.92699997	-0.38167447	0.37376967
0.92799997	0.02349902	0.34171999
0.92899997	0.43808439	0.28235728
0.92999997	0.72877705	0.21527436
0.93099997	0.85103959	0.15043676
0.93199997	0.77632874	0.10943651
0.93299997	0.51790106	0.09793307
0.93399997	0.12429257	0.12429257
0.93499997	-0.34667200	0.18485482
0.93599997	-0.69482034	0.25209153
0.93699997	-0.87158585	0.31631398
0.93799997	-0.82689470	0.35992864
0.93899997	-0.56539124	0.37629184
0.93999997	-0.18885334	0.35885212
0.94099997	0.24815452	0.31040847
0.94199997	0.59984004	0.24612451
0.94299997	0.81225395	0.17525837
0.94399997	0.83599901	0.12576894
0.94499997	0.66836858	0.10516117
0.94599997	0.33375368	0.11395792
0.94699997	-0.11718750	0.15089813
0.94799997	-0.51482528	0.20903051
0.94899997	-0.80293429	0.27928150
0.94999997	-0.87272394	0.33787525
0.95099997	-0.71352118	0.37666091
0.95199997	-0.39493111	0.37666091
0.95299997	0.03783219	0.33787525
0.95399997	0.43374753	0.27928150
0.95499997	0.73335999	0.20903051
0.95599997	0.85260826	0.15074433
0.95699997	0.77334523	0.11318897
0.95799997	0.51190329	0.10734498
0.95899997	0.10882135	0.13398130
0.95999997	-0.31160802	0.18654650
0.96099997	-0.68876106	0.25744340
0.96199997	-0.86715674	0.31862080
0.96299997	-0.82175809	0.36103591
0.96399997	-0.58172369	0.37552288
0.96499997	-0.18042569	0.35977486
0.96599997	0.23631275	0.31616017
0.96699997	0.60672981	0.25132260
0.96799997	0.81886685	0.18719243
0.96899997	0.84002829	0.13327387
0.96999997	0.66612327	0.10691437
0.97099997	0.32477239	0.11174335
0.97199997	-0.09550320	0.14969857
0.97299997	-0.53377217	0.21512057
0.97399997	-0.80274975	0.28235728
0.97499997	-0.86448079	0.34171999
0.97599997	-0.71764272	0.37376967
0.97699997	-0.38167447	0.37376967
0.97799997	0.02349902	0.34156618
0.97899997	0.43808439	0.28158835
0.97999997	0.72877705	0.21742742
0.98099997	0.85103959	0.15867987
0.98199997	0.77617496	0.12075541
0.98299997	0.51713216	0.10922121
0.98399997	0.12644562	0.13250493
0.98499997	-0.33845964	0.18703863
0.98599997	-0.68353224	0.25132260
0.98699997	-0.86026698	0.31616017
0.98799997	-0.81865156	0.35992864
0.98899997	-0.56320745	0.37629184
0.98999997	-0.18977608	0.35885212
0.99099997	0.24723180	0.31040847
0.99199997	0.60233146	0.24612451
0.99299997	0.82203496	0.17525837
0.99399997	0.84267348	0.12561515
0.99499997	0.66169417	0.10442298
0.99599997	0.32384965	0.11626476
0.99699997	-0.12041707	0.15987943
0.99799997	-0.51156497	0.21816561
0.99899997	-0.79306102	0.28238803
0.99999997	-0.86608022	0.33479947
1.00099997	-0.72019559	0.36749509
1.00199997	-0.40468135	0.36764887
1.00299997	0.03537155	0.33556840
1.00399997	0.43451649	0.28005046
1.00499997	0.73354453	0.20918430
1.00599997	0.85260826	0.15074433
1.00699997	0.77334523	0.11318897
1.00799997	0.51190329	0.10734498
1.00899997	0.10882135	0.13398130
1.00999997	-0.31160802	0.18654650
1.01099997	-0.68876106	0.25744340
1.01199997	-0.86715674	0.31862080
1.01299997	-0.82175809	0.36103591
1.01399997	-0.58172369	0.37567666
1.01499997	-0.18042569	0.36054379
1.01599997	0.23646654	0.31397638
1.01699997	0.60749876	0.24311024
1.01799997	0.81640625	0.17590427
1.01899997	0.83030879	0.12198573
1.01999997	0.65944880	0.09870202
1.02099997	0.33144686	0.10959031
1.02199997	-0.08556841	0.15043676
1.02299997	-0.53051180	0.21527436
1.02399997	-0.80582553	0.28235728
1.02499997	-0.87358510	0.34171999
1.02599997	-0.72662401	0.37376967
1.02699997	-0.38398129	0.37376967
1.02799997	0.02423720	0.34171999
1.02899997	0.43823817	0.28235728
1.02999997	0.72877705	0.21512057
1.03099997	0.85103959	0.14969857
1.03199997	0.77617496	0.11174335
1.03299997	0.51713216	0.10691437
1.03399997	0.12644562	0.13327387
1.03499997	-0.33845964	0.18719243
1.03599997	-0.68353224	0.25132260
1.03699997	-0.86026698	0.31616017
1.03799997	-0.81865156	0.35992864
1.03899997	-0.56320745	0.37629184
1.03999997	-0.18962230	0.35885212
1.04099997	0.24800074	0.31040847
1.04199997	0.59984004	0.24612451
1.04299997	0.81225395	0.17525837
1.04399997	0.83615279	0.12561515
1.04499997	0.66913754	0.10442298
1.04599997	0.33144686	0.11626476
1.04699997	-0.12616880	0.15987943
1.04799997	-0.52377582	0.21801181
1.04899997	-0.80524117	0.28161910
1.04999997	-0.87195498	0.33710629
1.05099997	-0.71336734	0.37650713
1.05199997	-0.39493111	0.37666091
1.05299997	0.03783219	0.33787525
1.05399997	0.43374753	0.27946603
1.05499997	0.73335999	0.20976870
1.05599997	0.85260826	0.14840674
1.05699997	0.77334523	0.10420768
1.05799997	0.51190329	0.09848671
1.05899997	0.10882135	0.13244340
1.05999997	-0.31160802	0.18500862
1.06099997	-0.68876106	0.24858513
1.06199997	-0.86715674	0.30963951
1.06299997	-0.82175809	0.35869834
1.06399997	-0.58172369	0.37629184
1.06499997	-0.18042569	0.35992864
1.06599997	0.23631275	0.31631398
1.06699997	0.60672981	0.25209153
1.06799997	0.81886685	0.18485482
1.06899997	0.84002829	0.12429257
1.06999997	0.66612327	0.09793307
1.07099997	0.32477239	0.10943651
1.07199997	-0.09534941	0.15043676
1.07299997	-0.53300321	0.21527436
1.07399997	-0.80505657	0.28235728
1.07499997	-0.87343132	0.34171999
1.07599997	-0.72662401	0.37376967
1.07699997	-0.38398129	0.37376967
1.07799997	0.02423720	0.34171999
1.07899997	0.43823817	0.28235728
1.07999997	0.72877705	0.21512057
1.08099997	0.85103959	0.14969857
1.08199997	0.77617496	0.11189715
1.08299997	0.51713216	0.10768332
1.08399997	0.12644562	0.13096702
1.08499997	-0.33845964	0.17821112
1.08599997	-0.68353224	0.24234129
1.08699997	-0.86026698	0.31382260
1.08799997	-0.81865156	0.36069760
1.08899997	-0.56320745	0.37644562
1.08999997	-0.18977608	0.35885212
1.09099997	0.24723180	0.31040847
1.09199997	0.60233146	0.24612451
1.09299997	0.82203496	0.17525837
1.09399997	0.84267348	0.12576894
1.09499997	0.66169417	0.10516117
1.09599997	0.32400346	0.11380413
1.09699997	-0.11967888	0.15012918
1.09799997	-0.51390254	0.21133736
1.09899997	-0.80201155	0.28826278
1.09999997	-0.87503076	0.34685653
1.10099997	-0.72250247	0.37896776
1.10199997	-0.40391240	0.37589198
1.10299997	0.03552534	0.33772147
1.10399997	0.43451649	0.27928150
1.10499997	0.73354453	0.20903051
1.10599997	0.85260826	0.15074433
1.10699997	0.77334523	0.11318897
1.10799997	0.51190329	0.10749877
1.10899997	0.10882135	0.13475025
1.10999997	-0.31160802	0.18423967
1.11099997	-0.68876106	0.24843135
1.11199997	-0.86715674	0.30963951
1.11299997	-0.82175809	0.35869834
1.11399997	-0.58172369	0.37644562
1.11499997	-0.18042569	0.36069760
1.11599997	0.23646654	0.31382260
1.11699997	0.60749876	0.24234129
1.11799997	0.81656003	0.17821112
1.11899997	0.83107775	0.13096702
1.11999997	0.65714198	0.10768332
1.12099997	0.32246554	0.11189715
1.12199997	-0.09458046	0.14969857
1.12299997	-0.53284943	0.21512057
1.12399997	-0.80505657	0.28235728
1.12499997	-0.87343132	0.34171999
1.12599997	-0.72662401	0.37376967
1.12699997	-0.38398129	0.37376967
1.12799997	0.02423720	0.34171999
1.12899997	0.43823817	0.28235728
1.12999997	0.72877705	0.21527436
1.13099997	0.85103959	0.15043676
1.13199997	0.77632874	0.10943651
1.13299997	0.51790106	0.09793307
1.13399997	0.12413878	0.12429257
1.13499997	-0.34744096	0.18485482
1.13599997	-0.69251353	0.25209153
1.13699997	-0.86257380	0.31631398
1.13799997	-0.81788260	0.35992864
1.13899997	-0.56305367	0.37629184
1.13999997	-0.18962230	0.35885212
1.14099997	0.24800074	0.31040847
1.14199997	0.59984004	0.24627830
1.14299997	0.81225395	0.17599656
1.14399997	0.83615279	0.12327756
1.14499997	0.66913754	0.09541093
1.14599997	0.33144686	0.10728347
1.14699997	-0.12616880	0.15757258
1.14799997	-0.52377582	0.21893455
1.14899997	-0.80524117	0.28254184
1.14999997	-0.87195498	0.33479947
1.15099997	-0.71336734	0.36749509
1.15199997	-0.39493111	0.36764887
1.15299997	0.03783219	0.33556840
1.15399997	0.43374753	0.28005046
1.15499997	0.73335999	0.20918430
1.15599997	0.85260826	0.15089813
1.15699997	0.77334523	0.11395792
1.15799997	0.51190329	0.10516117
1.15899997	0.10882135	0.12576894
1.15999997	-0.31160802	0.17525837
1.16099997	-0.68876106	0.24612451
1.16199997	-0.86715674	0.31056225
1.16299997	-0.82175809	0.35962105
1.16399997	-0.58172369	0.37410802
1.16499997	-0.18042569	0.35171628
1.16599997	0.23631275	0.30484128
1.16699997	0.60672981	0.24003445
1.16799997	0.81886685	0.17898007
1.16899997	0.84002829	0.13112082
1.16999997	0.66612327	0.10768332
1.17099997	0.32477239	0.11189715
1.17199997	-0.09534941	0.14969857
1.17299997	-0.53300321	0.21512057
1.17399997	-0.80505657	0.28251109
1.17499997	-0.87343132	0.34248891
1.17599997	-0.72662401	0.37146285
1.17699997	-0.38398129	0.36478838
1.17799997	0.02423720	0.33270791
1.17899997	0.43823817	0.28001967
1.17999997	0.72877705	0.21588951
1.18099997	0.85103959	0.14985237
1.18199997	0.77617496	0.11189715
1.18299997	0.51713216	0.10768332
1.18399997	0.12644562	0.13096702
1.18499997	-0.33845964	0.17821112
1.18599997	-0.68337846	0.24234129
1.18699997	-0.85949802	0.31382260
1.18799997	-0.82098919	0.36069760
1.18899997	-0.57221949	0.37644562
1.18999997	-0.19878814	0.35885212
1.19099997	0.24489419	0.31040847
1.19199997	0.60294658	0.24612451
1.19299997	0.82141978	0.17525837
1.19399997	0.84498030	0.12576894
1.19499997	0.67070621	0.10516117
1.19599997	0.33286172	0.11380413
1.19699997	-0.11811024	0.15012918
1.19799997	-0.51233393	0.21149114
1.19899997	-0.79321480	0.28903174
1.19999997	-0.86608022	0.34454972
1.20099997	-0.72019559	0.36995572
1.20199997	-0.40468135	0.36687991
1.20299997	0.03537155	0.33541462
1.20399997	0.43451649	0.28005046
1.20499997	0.73354453	0.20918430
1.20599997	0.85260826	0.15089813
1.20699997	0.77334523	0.11395792
1.20799997	0.51190329	0.10500738
1.20899997	0.10882135	0.12500000
1.20999997	-0.31160802	0.17756520
1.21099997	-0.68876106	0.25510579
1.21199997	-0.86731052	0.31954354
1.21299997	-0.82249629	0.36195865
1.21399997	-0.57941681	0.37333909
1.21499997	-0.17141363	0.35153174
1.21599997	0.24544783	0.30499509
1.21699997	0.60980558	0.24080339
1.21799997	0.81563729	0.17667323
1.21899997	0.83015501	0.12213952
1.21999997	0.65944880	0.09870202
1.22099997	0.33144686	0.10959031
1.22199997	-0.08556841	0.15043676
1.22299997	-0.53051180	0.21527436
1.22399997	-0.80597931	0.28235728
1.22499997	-0.87435406	0.34171999
1.22599997	-0.72431719	0.37376967
1.22699997	-0.37503076	0.37376967
1.22799997	0.03321850	0.34171999
1.22899997	0.44054502	0.28235728
1.22999997	0.72800809	0.21512057
1.23099997	0.85088581	0.14969857
1.23199997	0.77617496	0.11174335
1.23299997	0.51713216	0.10691437
1.23399997	0.12644562	0.13327387
1.23499997	-0.33845964	0.18719243
1.23599997	-0.68353224	0.25132260
1.23699997	-0.86026698	0.31616017
1.23799997	-0.81865156	0.35992864
1.23899997	-0.56320745	0.37629184
1.23999997	-0.18962230	0.35885212
1.24099997	0.24800074	0.31040847
1.24199997	0.59984004	0.24612451
1.24299997	0.81225395	0.17525837
1.24399997	0.83615279	0.12576894
1.24499997	0.66913754	0.10516117
1.24599996	0.33129305	0.11395792
1.24699996	-0.12693775	0.15089813
1.24799996	-0.52131522	0.20918430
1.24899996	-0.79552168	0.28005046
1.24999996	-0.86531126	0.33556840
1.25099996	-0.72001106	0.36764887
1.25199996	-0.40468135	0.36764887
1.25299996	0.03537155	0.33556840
1.25399996	0.43451649	0.28005046
1.25499996	0.73354453	0.20918430
1.25599996	0.85260826	0.15074433
1.25699996	0.77334523	0.11318897
1.25799996	0.51190329	0.10749877
1.25899996	0.10882135	0.13475025
1.25999996	-0.31160802	0.18423967
1.26099996	-0.68876106	0.24843135
1.26199996	-0.86715674	0.30963951
1.26299996	-0.82175809	0.35869834
1.26399996	-0.58172369	0.37644562
1.26499996	-0.18042569	0.36069760
1.26599996	0.23631275	0.31382260
1.26699996	0.60672981	0.24234129
1.26799996	0.81886685	0.17821112
1.26899996	0.84002829	0.13096702
1.26999996	0.66627705	0.10768332
1.27099996	0.32554135	0.11189715
1.27199996	-0.09765625	0.14969857
1.27299996	-0.54198450	0.21512057
1.27399996	-0.81406868	0.28235728
1.27499996	-0.87576896	0.34171999
1.27599996	-0.72585505	0.37376967
1.27699996	-0.38382751	0.37376967
1.27799996	0.02423720	0.34171999
1.27899996	0.43823817	0.28235728
1.27999996	0.72877705	0.21512057
1.28099996	0.85103959	0.14969857
1.28199996	0.77617496	0.11174335
1.28299996	0.51713216	0.10691437
1.28399996	0.12644562	0.13327387
1.28499996	-0.33845964	0.18719243
1.28599996	-0.68353224	0.25132260
1.28699996	-0.86026698	0.31616017
1.28799996	-0.81865156	0.35992864
1.28899996	-0.56320745	0.37629184
1.28999996	-0.18977608	0.35885212
1.29099996	0.24723180	0.31040847
1.29199996	0.60217768	0.24612451
1.29299996	0.82126600	0.17525837
1.29399996	0.84498030	0.12576894
1.29499996	0.67070621	0.10516117
1.29599996	0.33301550	0.11380413
1.29699996	-0.11734129	0.15012918
1.29799996	-0.51467150	0.21149114
1.29899996	-0.80216533	0.28903174
1.29999996	-0.87518454	0.34454972
1.30099996	-0.72327143	0.36995572
1.30199996	-0.40160555	0.36672613
1.30299996	0.04450664	0.33464566
1.30399996	0.44368234	0.28238803
1.30499996	0.73662031	0.21816561
1.30599996	0.84953249	0.15972564
1.30699996	0.76417935	0.11552657
1.30799996	0.50292200	0.10672982
1.30899996	0.10648376	0.13459645
1.30999996	-0.31083909	0.18423967
1.31099996	-0.68860728	0.24843135
1.31199996	-0.86715674	0.30979329
1.31299996	-0.82175809	0.35946727
1.31399996	-0.58172369	0.37410802
1.31499996	-0.18042569	0.35171628
1.31599996	0.23631275	0.30484128
1.31699996	0.60672981	0.24003445
1.31799996	0.81886685	0.17898007
1.31899996	0.84002829	0.13112082
1.31999996	0.66612327	0.10768332
1.32099996	0.32477239	0.11189715
1.32199996	-0.09534941	0.14969857
1.32299996	-0.53300321	0.21512057
1.32399996	-0.80505657	0.28235728
1.32499996	-0.87343132	0.34171999
1.32599996	-0.72662401	0.37395424
1.32699996	-0.38398129	0.37453863
1.32799996	0.02423720	0.33938238
1.32899996	0.43823817	0.27334523
1.32999996	0.72877705	0.20610851
1.33099996	0.85103959	0.14736098
1.33199996	0.77617496	0.11251231
1.33299996	0.51713216	0.10706816
1.33399996	0.12644562	0.13327387
1.33499996	-0.33845964	0.18719243
1.33599996	-0.68353224	0.25132260
1.33699996	-0.86026698	0.31616017
1.33799996	-0.81865156	0.35992864
1.33899996	-0.56320745	0.37629184
1.33999996	-0.18962230	0.35869834
1.34099996	0.24800074	0.30963951
1.34199996	0.59999382	0.24843135
1.34299996	0.81302285	0.18423967
1.34399996	0.83366144	0.13459645
1.34499996	0.65938729	0.10672982
1.34599996	0.32477239	0.11552657
1.34699996	-0.11949434	0.15972564
1.34799996	-0.51390254	0.21816561
1.34899996	-0.80201155	0.28238803
1.34999996	-0.87503076	0.33479947
1.35099996	-0.72250247	0.36749509
1.35199996	-0.40391240	0.36764887
1.35299996	0.03552534	0.33556840
1.35399996	0.43451649	0.28005046
1.35499996	0.73354453	0.20918430
1.35599996	0.85260826	0.15074433
1.35699996	0.77334523	0.11318897
1.35799996	0.51190329	0.10749877
1.35899996	0.10882135	0.13475025
1.35999996	-0.31160802	0.18423967
1.36099996	-0.68876106	0.24843135
1.36199996	-0.86715674	0.30963951
1.36299996	-0.82175809	0.35869834
1.36399996	-0.58172369	0.37644562
1.36499996	-0.18042569	0.36069760
1.36599996	0.23631275	0.31397638
1.36699996	0.60672981	0.24311024
1.36799996	0.81886685	0.17590427
1.36899996	0.84002829	0.12198573
1.36999996	0.66627705	0.09870202
1.37099996	0.32554135	0.10959031
1.37199996	-0.09781004	0.15043676
1.37299996	-0.54275346	0.21527436
1.37399996	-0.81173104	0.28235728
1.37499996	-0.86678767	0.34171999
1.37599996	-0.71687376	0.37376967
1.37699996	-0.38152066	0.37376967
1.37799996	0.02349902	0.34171999
1.37899996	0.43808439	0.28235728
1.37999996	0.72893083	0.21512057
1.38099996	0.85180855	0.14969857
1.38199996	0.77386808	0.11174335
1.38299996	0.50818157	0.10691437
1.38399996	0.11746432	0.13327387
1.38499996	-0.34076649	0.18719243
1.38599996	-0.68279403	0.25132260
1.38699996	-0.86011320	0.31616017
1.38799996	-0.81865156	0.35992864
1.38899996	-0.56320745	0.37629184
1.38999996	-0.18977608	0.35885212
1.39099996	0.24723180	0.31040847
1.39199996	0.60233146	0.24612451
1.39299996	0.82203496	0.17525837
1.39399996	0.84267348	0.12576894
1.39499996	0.66169417	0.10516117
1.39599996	0.32400346	0.11380413
1.39699996	-0.11967888	0.15012918
1.39799996	-0.51390254	0.21149114
1.39899996	-0.80201155	0.28903174
1.39999996	-0.87503076	0.34454972
1.40099996	-0.72250247	0.36995572
1.40199996	-0.40391240	0.36687991
1.40299996	0.03552534	0.33541462
1.40399996	0.43451649	0.28005046
1.40499996	0.73354453	0.20918430
1.40599996	0.85260826	0.15074433
1.40699996	0.77334523	0.11318897
1.40799996	0.51190329	0.10749877
1.40899996	0.10882135	0.13475025
1.40999996	-0.31160802	0.18423967
1.41099996	-0.68876106	0.24843135
1.41199996	-0.86715674	0.30963951
1.41299996	-0.82175809	0.35869834
1.41399996	-0.58156985	0.37644562
1.41499996	-0.17965674	0.36069760
1.41599996	0.23415969	0.31382260
1.41699996	0.59851748	0.24234129
1.41799996	0.80757874	0.17821112
1.41899996	0.82877094	0.13096702
1.41999996	0.65791094	0.10768332
1.42099996	0.32261935	0.11189715
1.42199996	-0.09458046	0.14969857
1.42299996	-0.53284943	0.21512057
1.42399996	-0.80505657	0.28235728
1.42499996	-0.87343132	0.34171999
1.42599996	-0.72662401	0.37376967
1.42699996	-0.38398129	0.37376967
1.42799996	0.02423720	0.34171999
1.42899996	0.43823817	0.28235728
1.42999996	0.72877705	0.21512057
1.43099996	0.85103959	0.14969857
1.43199996	0.77632874	0.11174335
1.43299996	0.51790106	0.10691437
1.43399996	0.12413878	0.13327387
1.43499996	-0.34744096	0.18719243
1.43599996	-0.69251353	0.25132260
1.43699996	-0.86257380	0.31616017
1.43799996	-0.81788260	0.35992864
1.43899996	-0.56305367	0.37629184
1.43999996	-0.18977608	0.35885212
1.44099996	0.24723180	0.31040847
1.44199996	0.60217768	0.24612451
1.44299996	0.82126600	0.17525837
1.44399996	0.84498030	0.12576894
1.44499996	0.67070621	0.10516117
1.44599996	0.33301550	0.11395792
1.44699996	-0.11734129	0.15089813
1.44799996	-0.51482528	0.20918430
1.44899996	-0.80293429	0.28005046
1.44999996	-0.87272394	0.33556840
1.45099996	-0.71352118	0.36764887
1.45199996	-0.39493111	0.36764887
1.45299996	0.03783219	0.33556840
1.45399996	0.43374753	0.28005046
1.45499996	0.73335999	0.20918430
1.45599996	0.85260826	0.15074433
1.45699996	0.77334523	0.11318897
1.45799996	0.51190329	0.10749877
1.45899996	0.10882135	0.13475025
1.45999996	-0.31160802	0.18423967
1.46099996	-0.68876106	0.24843135
1.46199996	-0.86715674	0.30979329
1.46299996	-0.82175809	0.35946727
1.46399996	-0.58172369	0.37410802
1.46499996	-0.18042569	0.35171628
1.46599996	0.23631275	0.30484128
1.46699996	0.60672981	0.24003445
1.46799996	0.81886685	0.17898007
1.46899996	0.84002829	0.13112082
1.46999996	0.66627705	0.10768332
1.47099996	0.32554135	0.11189715
1.47199996	-0.09781004	0.14969857
1.47299996	-0.54275346	0.21512057
1.47399996	-0.81173104	0.28235728
1.47499996	-0.86678767	0.34171999
1.47599996	-0.71687376	0.37395424
1.47699996	-0.38152066	0.37453863
1.47799996	0.02349902	0.33938238
1.47899996	0.43808439	0.27334523
1.47999996	0.72877705	0.20610851
1.48099996	0.85103959	0.14736098
1.48199996	0.77617496	0.11251231
1.48299996	0.51713216	0.10706816
1.48399996	0.12644562	0.13327387
1.48499996	-0.33845964	0.18719243
1.48599996	-0.68353224	0.25132260
1.48699996	-0.86026698	0.31616017
1.48799996	-0.81865156	0.36008242
1.48899996	-0.56320745	0.37706077
1.48999996	-0.18977608	0.35654527
1.49099996	0.24723180	0.30139640
1.49199996	0.60217768	0.23711245
1.49299996	0.82126600	0.17292076
1.49399996	0.84513408	0.12638411
1.49499996	0.67144442	0.10457677
1.49599996	0.33052412	0.11611097
1.49699996	-0.12709154	0.15911049
1.49799996	-0.52131522	0.22047244
1.49899996	-0.79552168	0.29136935
1.49999996	-0.86531126	0.34378076
1.50099996	-0.72001106	0.36980191
1.50199996	-0.40468135	0.36687991
1.50299996	0.03537155	0.33541462
1.50399996	0.43451649	0.28005046
1.50499996	0.73354453	0.20918430
1.50599996	0.85260826	0.15074433
1.50699996	0.77334523	0.11318897
1.50799996	0.51190329	0.10734498
1.50899996	0.10882135	0.13398130
1.50999996	-0.31160802	0.18654650
1.51099996	-0.68876106	0.25744340
1.51199996	-0.86731052	0.31862080
1.51299996	-0.82249629	0.36103591
1.51399996	-0.57941681	0.37567666
1.51499996	-0.17141363	0.36054379
1.51599996	0.24529405	0.31397638
1.51699996	0.60903668	0.24311024
1.51799996	0.81809795	0.17590427
1.51899996	0.83987451	0.12198573
1.51999996	0.66612327	0.09870202
1.52099996	0.32477239	0.10959031
1.52199996	-0.09534941	0.15043676
1.52299996	-0.53300321	0.21527436
1.52399996	-0.80505657	0.28235728
1.52499996	-0.87343132	0.34171999
1.52599996	-0.72662401	0.37376967
1.52699996	-0.38398129	0.37376967
1.52799996	0.02423720	0.34171999
1.52899996	0.43823817	0.28235728
1.52999996	0.72877705	0.21512057
1.53099996	0.85103959	0.14969857
1.53199996	0.77632874	0.11174335
1.53299996	0.51790106	0.10691437
1.53399996	0.12413878	0.13327387
1.53499996	-0.34744096	0.18719243
1.53599996	-0.69251353	0.25132260
1.53699996	-0.86257380	0.31616017
1.53799996	-0.81788260	0.35992864
1.53899996	-0.56305367	0.37629184
1.53999996	-0.18962230	0.35885212
1.54099996	0.24800074	0.31040847
1.54199996	0.59984004	0.24612451
1.54299996	0.81225395	0.17525837
1.54399996	0.83615279	0.12576894
1.54499996	0.66913754	0.10516117
1.54599996	0.33144686	0.11395792
1.54699996	-0.12616880	0.15089813
1.54799996	-0.52377582	0.20903051
1.54899996	-0.80524117	0.27928150
1.54999996	-0.87195498	0.33787525
1.55099996	-0.71336734	0.37666091
1.55199996	-0.39493111	0.37666091
1.55299996	0.03783219	0.33787525
1.55399996	0.43374753	0.27928150
1.55499996	0.73335999	0.20903051
1.55599996	0.85279280	0.15074433
1.55699996	0.77411419	0.11318897
1.55799996	0.50959647	0.10749877
1.55899996	0.09984006	0.13475025
1.55999996	-0.32058933	0.18423967
1.56099996	-0.69106793	0.24843135
1.56199996	-0.86638778	0.30963951
1.56299996	-0.82157356	0.35869834
1.56399996	-0.58172369	0.37644562
1.56499996	-0.18042569	0.36069760
1.56599996	0.23631275	0.31382260
1.56699996	0.60672981	0.24234129
1.56799996	0.81886685	0.17821112
1.56899996	0.84002829	0.13096702
1.56999996	0.66612327	0.10768332
1.57099996	0.32477239	0.11189715
1.57199996	-0.09550320	0.14969857
1.57299996	-0.53377217	0.21512057
1.57399996	-0.80274975	0.28235728
1.57499996	-0.86448079	0.34171999
1.57599996	-0.71764272	0.37395424
1.57699996	-0.38167447	0.37453863
1.57799996	0.02349902	0.33938238
1.57899996	0.43808439	0.27334523
1.57999996	0.72877705	0.20610851
1.58099996	0.85103959	0.14736098
1.58199996	0.77617496	0.11251231
1.58299996	0.51713216	0.10706816
1.58399996	0.12644562	0.13327387
1.58499996	-0.33845964	0.18719243
1.58599996	-0.68337846	0.25132260
1.58699996	-0.85949802	0.31616017
1.58799996	-0.82098919	0.35992864
1.58899996	-0.57221949	0.37629184
1.58999996	-0.19878814	0.35869834
1.59099996	0.24489419	0.30963951
1.59199996	0.60310042	0.24843135
1.59299996	0.82218874	0.18423967
1.59399996	0.84267348	0.13475025
1.59499996	0.66169417	0.10749877
1.59599996	0.32400346	0.11318897
1.59699996	-0.11967888	0.15074433
1.59799996	-0.51405632	0.20918430
1.59899995	-0.80278051	0.28005046
1.59999995	-0.87272394	0.33556840
1.60099995	-0.71352118	0.36764887
1.60199995	-0.39493111	0.36764887
1.60299995	0.03783219	0.33556840
1.60399995	0.43374753	0.28005046
1.60499995	0.73335999	0.20918430
1.60599995	0.85260826	0.15074433
1.60699995	0.77334523	0.11318897
1.60799995	0.51190329	0.10734498
1.60899995	0.10882135	0.13398130
1.60999995	-0.31160802	0.18654650
1.61099995	-0.68876106	0.25744340
1.61199995	-0.86715674	0.31880537
1.61299995	-0.82175809	0.36180487
1.61399995	-0.58172369	0.37333909
1.61499995	-0.18042569	0.35153174
1.61599995	0.23646654	0.30484128
1.61699995	0.60749876	0.24003445
1.61799995	0.81656003	0.17898007
1.61899995	0.83107775	0.13112082
1.61999995	0.65729576	0.10768332
1.62099995	0.32323450	0.11189715
1.62199995	-0.09688731	0.14969857
1.62299995	-0.54183072	0.21512057
1.62399995	-0.81406868	0.28235728
1.62499995	-0.87576896	0.34171999
1.62599995	-0.72585505	0.37376967
1.62699995	-0.38382751	0.37376967
1.62799995	0.02423720	0.34171999
1.62899995	0.43823817	0.28235728
1.62999995	0.72877705	0.21512057
1.63099995	0.85103959	0.14969857
1.63199995	0.77617496	0.11174335
1.63299995	0.51713216	0.10691437
1.63399995	0.12644562	0.13327387
1.63499995	-0.33845964	0.18719243
1.63599995	-0.68353224	0.25132260
1.63699995	-0.86026698	0.31616017
1.63799995	-0.81865156	0.35992864
1.63899995	-0.56320745	0.37629184
1.63999995	-0.18962230	0.35885212
1.64099995	0.24800074	0.31040847
1.64199995	0.59984004	0.24612451
1.64299995	0.81225395	0.17525837
1.64399995	0.83615279	0.12576894
1.64499995	0.66913754	0.10516117
1.64599995	0.33144686	0.11395792
1.64699995	-0.12616880	0.15089813
1.64799995	-0.52377582	0.20903051
1.64899995	-0.80524117	0.27928150
1.64999995	-0.87195498	0.33787525
1.65099995	-0.71336734	0.37666091
1.65199995	-0.39493111	0.37666091
1.65299995	0.03783219	0.33787525
1.65399995	0.43374753	0.27928150
1.65499995	0.73335999	0.20903051
1.65599995	0.85260826	0.15089813
1.65699995	0.77334523	0.11395792
1.65799995	0.51190329	0.10516117
1.65899995	0.10882135	0.12576894
1.65999995	-0.31160802	0.17525837
1.66099995	-0.68876106	0.24612451
1.66199995	-0.86715674	0.31040847
1.66299995	-0.82175809	0.35885212
1.66399995	-0.58172369	0.37644562
1.66499995	-0.18042569	0.36069760
1.66599995	0.23631275	0.31382260
1.66699995	0.60672981	0.24234129
1.66799995	0.81886685	0.17821112
1.66899995	0.84002829	0.13096702
1.66999995	0.66612327	0.10768332
1.67099995	0.32477239	0.11189715
1.67199995	-0.09534941	0.14969857
1.67299995	-0.53300321	0.21512057
1.67399995	-0.80505657	0.28235728
1.67499995	-0.87343132	0.34171999
1.67599995	-0.72662401	0.37376967
1.67699995	-0.38398129	0.37376967
1.67799995	0.02423720	0.34171999
1.67899995	0.43823817	0.28235728
1.67999995	0.72877705	0.21527436
1.68099995	0.85103959	0.15043676
1.68199995	0.77617496	0.10959031
1.68299995	0.51713216	0.09870202
1.68399995	0.12644562	0.12198573
1.68499995	-0.33845964	0.17590427
1.68599995	-0.68353224	0.24311024
1.68699995	-0.86026698	0.31397638
1.68799995	-0.81865156	0.36069760
1.68899995	-0.56320745	0.37644562
1.68999995	-0.18977608	0.35885212
1.69099995	0.24723180	0.31040847
1.69199995	0.60233146	0.24612451
1.69299995	0.82203496	0.17525837
1.69399995	0.84267348	0.12576894
1.69499995	0.66169417	0.10516117
1.69599995	0.32400346	0.11380413
1.69699995	-0.11967888	0.15012918
1.69799995	-0.51390254	0.21149114
1.69899995	-0.80201155	0.28903174
1.69999995	-0.87503076	0.34454972
1.70099995	-0.72250247	0.36995572
1.70199995	-0.40391240	0.36687991
1.70299995	0.03552534	0.33541462
1.70399995	0.43451649	0.28005046
1.70499995	0.73354453	0.20918430
1.70599995	0.85260826	0.15074433
1.70699995	0.77334523	0.11318897
1.70799995	0.51190329	0.10749877
1.70899995	0.10882135	0.13475025
1.70999995	-0.31160802	0.18423967
1.71099995	-0.68876106	0.24843135
1.71199995	-0.86715674	0.30963951
1.71299995	-0.82175809	0.35869834
1.71399995	-0.58172369	0.37644562
1.71499995	-0.18042569	0.36069760
1.71599995	0.23646654	0.31382260
1.71699995	0.60749876	0.24234129
1.71799995	0.81656003	0.17821112
1.71899995	0.83107775	0.13096702
1.71999995	0.65714198	0.10768332
1.72099995	0.32246554	0.11189715
1.72199995	-0.09458046	0.14969857
1.72299995	-0.53284943	0.21512057
1.72399995	-0.80521035	0.28235728
1.72499995	-0.87420028	0.34171999
1.72599995	-0.72431719	0.37376967
1.72699995	-0.37503076	0.37376967
1.72799995	0.03321850	0.34171999
1.72899995	0.44054502	0.28235728
1.72999995	0.72800809	0.21512057
1.73099995	0.85088581	0.14969857
1.73199995	0.77617496	0.11189715
1.73299995	0.51713216	0.10768332
1.73399995	0.12644562	0.13096702
1.73499995	-0.33845964	0.17821112
1.73599995	-0.68353224	0.24234129
1.73699995	-0.86026698	0.31382260
1.73799995	-0.81865156	0.36069760
1.73899995	-0.56320745	0.37644562
1.73999995	-0.18962230	0.35869834
1.74099995	0.24800074	0.30963951
1.74199995	0.59984004	0.24858513
1.74299995	0.81225395	0.18500862
1.74399995	0.83615279	0.13228962
1.74499995	0.66913754	0.09771776
1.74599995	0.33144686	0.10651452
1.74699995	-0.12616880	0.15741880
1.74799995	-0.52377582	0.21878076
1.74899995	-0.80524117	0.28177288
1.74999995	-0.87195498	0.33710629
1.75099995	-0.71336734	0.37650713
1.75199995	-0.39493111	0.37666091
1.75299995	0.03783219	0.33787525
1.75399995	0.43374753	0.27946603
1.75499995	0.73335999	0.20976870
1.75599995	0.85279280	0.14840674
1.75699995	0.77411419	0.10420768
1.75799995	0.50959647	0.09848671
1.75899995	0.09984006	0.13244340
1.75999995	-0.32058933	0.18500862
1.76099995	-0.69106793	0.24858513
1.76199995	-0.86638778	0.30963951
1.76299995	-0.82157356	0.35869834
1.76399995	-0.58172369	0.37629184
1.76499995	-0.18042569	0.35992864
1.76599995	0.23631275	0.31616017
1.76699995	0.60672981	0.25132260
1.76799995	0.81886685	0.18719243
1.76899995	0.84002829	0.13327387
1.76999995	0.66612327	0.10691437
1.77099995	0.32477239	0.11174335
1.77199995	-0.09550320	0.14969857
1.77299995	-0.53377217	0.21512057
1.77399995	-0.80274975	0.28235728
1.77499995	-0.86448079	0.34171999
1.77599995	-0.71764272	0.37376967
1.77699995	-0.38167447	0.37376967
1.77799995	0.02349902	0.34171999
1.77899995	0.43808439	0.28235728
1.77999995	0.72877705	0.21512057
1.78099995	0.85103959	0.14969857
1.78199995	0.77632874	0.11189715
1.78299995	0.51790106	0.10768332
1.78399995	0.12413878	0.13096702
1.78499995	-0.34744096	0.17821112
1.78599995	-0.69251353	0.24234129
1.78699995	-0.86257380	0.31382260
1.78799995	-0.81788260	0.36069760
1.78899995	-0.56305367	0.37644562
1.78999995	-0.18977608	0.35869834
1.79099995	0.24723180	0.30963951
1.79199995	0.60233146	0.24843135
1.79299995	0.82203496	0.18423967
1.79399995	0.84267348	0.13475025
1.79499995	0.66169417	0.10749877
1.79599995	0.32400346	0.11318897
1.79699995	-0.11967888	0.15074433
1.79799995	-0.51390254	0.20903051
1.79899995	-0.80201155	0.27928150
1.79999995	-0.87503076	0.33787525
1.80099995	-0.72250247	0.37666091
1.80199995	-0.40391240	0.37650713
1.80299995	0.03552534	0.33710629
1.80399995	0.43451649	0.28161910
1.80499995	0.73354453	0.21801181
1.80599995	0.85260826	0.15972564
1.80699995	0.77334523	0.11552657
1.80799995	0.51190329	0.10672982
1.80899995	0.10882135	0.13459645
1.80999995	-0.31160802	0.18423967
1.81099995	-0.68876106	0.24843135
1.81199995	-0.86731052	0.30963951
1.81299995	-0.82249629	0.35869834
1.81399995	-0.57941681	0.37629184
1.81499995	-0.17141363	0.35992864
1.81599995	0.24544783	0.31616017
1.81699995	0.60980558	0.25132260
1.81799995	0.81579107	0.18719243
1.81899995	0.83092397	0.13327387
1.81999995	0.65729576	0.10691437
1.82099995	0.32323450	0.11174335
1.82199995	-0.09688731	0.14969857
1.82299995	-0.54183072	0.21512057
1.82399995	-0.81422246	0.28251109
1.82499995	-0.87653792	0.34248891
1.82599995	-0.72354823	0.37146285
1.82699995	-0.37487698	0.36478838
1.82799995	0.03321850	0.33270791
1.82899995	0.44054502	0.28001967
1.82999995	0.72800809	0.21604331
1.83099995	0.85088581	0.15059055
1.83199995	0.77617496	0.10943651
1.83299995	0.51713216	0.09793307
1.83399995	0.12644562	0.12429257
1.83499995	-0.33845964	0.18485482
1.83599995	-0.68353224	0.25209153
1.83699995	-0.86026698	0.31631398
1.83799995	-0.81865156	0.35992864
1.83899995	-0.56320745	0.37629184
1.83999995	-0.18962230	0.35869834
1.84099995	0.24800074	0.30963951
1.84199995	0.59984004	0.24843135
1.84299995	0.81225395	0.18423967
1.84399995	0.83615279	0.13459645
1.84499995	0.66913754	0.10672982
1.84599995	0.33144686	0.11537278
1.84699995	-0.12616880	0.15895669
1.84799995	-0.52377582	0.22031865
1.84899995	-0.80524117	0.29060039
1.84999995	-0.87195498	0.34608760
1.85099995	-0.71336734	0.37881398
1.85199995	-0.39493111	0.37589198
1.85299995	0.03783219	0.33772147
1.85399995	0.43374753	0.27928150
1.85499995	0.73335999	0.20903051
1.85599995	0.85279280	0.15074433
1.85699995	0.77411419	0.11318897
1.85799995	0.50959647	0.10749877
1.85899995	0.09984006	0.13475025
1.85999995	-0.32058933	0.18423967
1.86099995	-0.69106793	0.24843135
1.86199995	-0.86638778	0.30963951
1.86299995	-0.82157356	0.35869834
1.86399995	-0.58172369	0.37629184
1.86499995	-0.18042569	0.35992864
1.86599995	0.23646654	0.31616017
1.86699995	0.60749876	0.25132260
1.86799995	0.81656003	0.18719243
1.86899995	0.83107775	0.13327387
1.86999995	0.65714198	0.10691437
1.87099995	0.32246554	0.11174335
1.87199995	-0.09473425	0.14969857
1.87299995	-0.53361833	0.21512057
1.87399995	-0.80274975	0.28235728
1.87499995	-0.86448079	0.34171999
1.87599995	-0.71764272	0.37376967
1.87699995	-0.38167447	0.37376967
1.87799995	0.02349902	0.34171999
1.87899995	0.43808439	0.28235728
1.87999995	0.72893083	0.21512057
1.88099995	0.85180855	0.14969857
1.88199995	0.77402192	0.11189715
1.88299995	0.50891978	0.10768332
1.88399995	0.11515748	0.13096702
1.88499995	-0.34974778	0.17821112
1.88599995	-0.69174457	0.24234129
1.88699995	-0.86242002	0.31382260
1.88799995	-0.81788260	0.36069760
1.88899995	-0.56305367	0.37644562
1.88999995	-0.18977608	0.35869834
1.89099995	0.24723180	0.30963951
1.89199995	0.60233146	0.24858513
1.89299995	0.82203496	0.18500862
1.89399995	0.84267348	0.13244340
1.89499995	0.66169417	0.09848671
1.89599995	0.32400346	0.10405388
1.89699995	-0.11967888	0.14763780
1.89799995	-0.51405632	0.21226008
1.89899995	-0.80278051	0.28918552
1.89999995	-0.87272394	0.34454972
1.90099995	-0.71352118	0.36995572
1.90199995	-0.39493111	0.36687991
1.90299995	0.03783219	0.33541462
1.90399995	0.43374753	0.28005046
1.90499995	0.73335999	0.20918430
1.90599995	0.85260826	0.15074433
1.90699995	0.77334523	0.11318897
1.90799995	0.51190329	0.10734498
1.90899995	0.10882135	0.13398130
1.90999995	-0.31160802	0.18654650
1.91099995	-0.68876106	0.25744340
1.91199995	-0.86731052	0.31862080
1.91299995	-0.82249629	0.36103591
1.91399995	-0.57941681	0.37567666
1.91499995	-0.17141363	0.36054379
1.91599995	0.24544783	0.31382260
1.91699995	0.60980558	0.24234129
1.91799995	0.81579107	0.17821112
1.91899995	0.83092397	0.13096702
1.91999995	0.65714198	0.10768332
1.92099995	0.32246554	0.11189715
1.92199995	-0.09458046	0.14969857
1.92299995	-0.53284943	0.21512057
1.92399995	-0.80521035	0.28235728
1.92499995	-0.87420028	0.34171999
1.92599995	-0.72431719	0.37376967
1.92699995	-0.37503076	0.37376967
1.92799995	0.03321850	0.34171999
1.92899995	0.44054502	0.28235728
1.92999995	0.72800809	0.21527436
1.93099995	0.85088581	0.15043676
1.93199995	0.77632874	0.10943651
1.93299995	0.51790106	0.09793307
1.93399995	0.12413878	0.12429257
1.93499995	-0.34744096	0.18485482
1.93599995	-0.69251353	0.25209153
1.93699995	-0.86257380	0.31631398
1.93799995	-0.81788260	0.35992864
1.93899995	-0.56305367	0.37629184
1.93999995	-0.18962230	0.35869834
1.94099995	0.24800074	0.30963951
1.94199995	0.59999382	0.24843135
1.94299995	0.81302285	0.18423967
1.94399995	0.83381522	0.13475025
1.94499995	0.66012549	0.10749877
1.94599995	0.32246554	0.11303519
1.94699995	-0.12847564	0.14997539
1.94799995	-0.52300692	0.21133736
1.94899995	-0.80508733	0.28826278
1.94999995	-0.87195498	0.34685653
1.95099995	-0.71336734	0.37896776
1.95199995	-0.39493111	0.37589198
1.95299994	0.03783219	0.33772147
1.95399994	0.43374753	0.27928150
1.95499994	0.73335999	0.20903051
1.95599994	0.85260826	0.15089813
1.95699994	0.77334523	0.11395792
1.95799994	0.51190329	0.10516117
1.95899994	0.10882135	0.12576894
1.95999994	-0.31160802	0.17525837
1.96099994	-0.68876106	0.24612451
1.96199994	-0.86715674	0.31040847
1.96299994	-0.82175809	0.35885212
1.96399994	-0.58172369	0.37629184
1.96499994	-0.18042569	0.35992864
1.96599994	0.23631275	0.31616017
1.96699994	0.60672981	0.25132260
1.96799994	0.81886685	0.18719243
1.96899994	0.84002829	0.13327387
1.96999994	0.66612327	0.10691437
1.97099994	0.32477239	0.11174335
1.97199994	-0.09534941	0.14969857
1.97299994	-0.53300321	0.21512057
1.97399994	-0.80505657	0.28235728
1.97499994	-0.87343132	0.34171999
1.97599994	-0.72662401	0.37376967
1.97699994	-0.38398129	0.37376967
1.97799994	0.02423720	0.34156618
1.97899994	0.43823817	0.28158835
1.97999994	0.72877705	0.21742742
1.98099994	0.85103959	0.15867987
1.98199994	0.77632874	0.12075541
1.98299994	0.51790106	0.10922121
1.98399994	0.12413878	0.13250493
1.98499994	-0.34744096	0.18703863
1.98599994	-0.69235975	0.25132260
1.98699994	-0.86180484	0.31616017
1.98799994	-0.82022023	0.35992864
1.98899994	-0.57206571	0.37629184
1.98999994	-0.19878814	0.35869834
1.99099994	0.24489419	0.30963951
1.99199994	0.60310042	0.24843135
1.99299994	0.82218874	0.18423967
1.99399994	0.84267348	0.13459645
1.99499994	0.66169417	0.10672982
1.99599994	0.32400346	0.11552657
1.99699994	-0.11967888	0.15972564
1.99799994	-0.51390254	0.21816561
1.99899994	-0.80201155	0.28238803
1.99999994	-0.87503076	0.33479947
2.00099994	-0.72250247	0.36749509
2.00199994	-0.40391240	0.36764887
2.00299994	0.03552534	0.33556840
