Time	Channel A	Channel B
(us)	(V)	(V)

-0.00400000	0.85174704	0.24234129
-0.00300000	0.75252217	0.31382260
-0.00200000	0.47059548	0.36054379
-0.00100000	0.04933563	0.37567666
0.00000000	-0.36832553	0.36103591
0.00100000	-0.72244096	0.31862080
0.00200000	-0.87450784	0.25744340
0.00300000	-0.80305731	0.18654650
0.00400000	-0.53964692	0.13398130
0.00500000	-0.12078617	0.10734498
0.00600000	0.29287648	0.11318897
0.00700000	0.63967150	0.15074433
0.00800000	0.82852483	0.20918430
0.00900000	0.83037031	0.28005046
0.01000000	0.63333535	0.33541462
0.01100000	0.26897761	0.36687991
0.01200000	-0.15729576	0.36980191
0.01300000	-0.58406126	0.34378076
0.01400000	-0.83255410	0.29136935
0.01500000	-0.86764884	0.22047244
0.01600000	-0.69463581	0.15911049
0.01700000	-0.33689100	0.11611097
0.01800000	0.07704847	0.10457677
0.01900000	0.48618972	0.12638411
0.02000000	0.75935042	0.17292076
0.02100000	0.85436147	0.23711245
0.02200000	0.75329107	0.30139640
0.02300000	0.47311762	0.35654527
0.02400000	0.07055856	0.37706077
0.02500000	-0.39554626	0.36008242
0.02600000	-0.72308683	0.31616017
0.02700000	-0.86592644	0.25132260
0.02800000	-0.79490650	0.18719243
0.02900000	-0.51823944	0.13327387
0.03000000	-0.13634965	0.10706816
0.03100000	0.29459891	0.11251231
0.03200000	0.63505781	0.14751476
0.03300000	0.83356917	0.20687746
0.03400000	0.83126229	0.27103838
0.03500000	0.62973672	0.33040109
0.03600000	0.27417567	0.36540353
0.03700000	-0.18282481	0.37084767
0.03800000	-0.56536049	0.34479576
0.03900000	-0.81837475	0.29149237
0.04000000	-0.86195868	0.22428642
0.04100000	-0.68946850	0.15277436
0.04200000	-0.35654527	0.10882135
0.04300000	0.08895177	0.09854823
0.04400000	0.47917691	0.12213952
0.04500000	0.75575173	0.17667323
0.04600000	0.85174704	0.24080339
0.04700000	0.75252217	0.30499509
0.04800000	0.47059548	0.35153174
0.04900000	0.04933563	0.37333909
0.05000000	-0.36832553	0.36180487
0.05100000	-0.72244096	0.31880537
0.05200000	-0.87450784	0.25744340
0.05300000	-0.80305731	0.18654650
0.05400000	-0.53980070	0.13398130
0.05500000	-0.12152436	0.10734498
0.05600000	0.29533711	0.11318897
0.05700000	0.64942175	0.15074433
0.05800000	0.83507627	0.20903051
0.05900000	0.82295769	0.27928150
0.06000000	0.62576896	0.33772147
0.06100000	0.27472934	0.37589198
0.06200000	-0.14523868	0.37881398
0.06300000	-0.57261932	0.34608760
0.06400000	-0.82449555	0.29060039
0.06500000	-0.86623400	0.22031865
0.06600000	-0.69306719	0.15911049
0.06700000	-0.32806349	0.11611097
0.06800000	0.08621432	0.10442298
0.06900000	0.48929626	0.12561515
0.07000000	0.75627458	0.17525837
0.07100000	0.84522635	0.24612451
0.07200000	0.74434054	0.31040847
0.07300000	0.47081077	0.35885212
0.07400000	0.07148130	0.37629184
0.07500000	-0.39462352	0.35992864
0.07600000	-0.72539371	0.31616017
0.07700000	-0.87490773	0.25132260
0.07800000	-0.80385703	0.18719243
0.07900000	-0.52057701	0.13327387
0.08000000	-0.13558070	0.10706816
0.08100000	0.29475272	0.11251231
0.08200000	0.63490403	0.14751476
0.08300000	0.83283097	0.20687746
0.08400000	0.83359993	0.27103838
0.08500000	0.63871801	0.33040109
0.08600000	0.28315699	0.36555734
0.08700000	-0.18051796	0.37161663
0.08800000	-0.56628323	0.34248891
0.08900000	-0.81926674	0.28251109
0.09000000	-0.85965180	0.21527436
0.09100000	-0.68048722	0.15043676
0.09200000	-0.34756398	0.10959031
0.09300000	0.09125862	0.09870202
0.09400000	0.47840798	0.12213952
0.09500000	0.75559795	0.17667323
0.09600000	0.85174704	0.24080339
0.09700000	0.75252217	0.30499509
0.09800000	0.47059548	0.35153174
0.09900000	0.04933563	0.37333909
0.10000000	-0.36847934	0.36180487
0.10100000	-0.72320992	0.31880537
0.10200000	-0.87204725	0.25759721
0.10300000	-0.79333782	0.18731545
0.10400000	-0.53297246	0.13167445
0.10500000	-0.12742987	0.09833292
0.10600000	0.28312624	0.10420768
0.10700000	0.63718009	0.14840674
0.10800000	0.82929379	0.20976870
0.10900000	0.83052409	0.27946603
0.11000000	0.63318157	0.33772147
0.11100000	0.26820865	0.37589198
0.11200000	-0.15498893	0.37881398
0.11300000	-0.57507998	0.34608760
0.11400000	-0.82372659	0.29060039
0.11500000	-0.86608022	0.22031865
0.11600000	-0.69306719	0.15911049
0.11700000	-0.32806349	0.11611097
0.11800000	0.08606053	0.10457677
0.11900000	0.48852730	0.12638411
0.12000000	0.75858146	0.17292076
0.12100000	0.85420769	0.23711245
0.12200000	0.75329107	0.30139640
0.12300000	0.47311762	0.35654527
0.12400000	0.07071235	0.37706077
0.12500000	-0.39480808	0.36008242
0.12600000	-0.72523993	0.31616017
0.12700000	-0.87413877	0.25132260
0.12800000	-0.80619460	0.18719243
0.12900000	-0.52955830	0.13327387
0.13000000	-0.14459276	0.10706816
0.13100000	0.29241511	0.11251231
0.13200000	0.63582677	0.14751476
0.13300000	0.83375371	0.20687746
0.13400000	0.83110851	0.27103838
0.13500000	0.62896776	0.33040109
0.13600000	0.27648252	0.36555734
0.13700000	-0.17384350	0.37161663
0.13800000	-0.55650222	0.34233513
0.13900000	-0.81680608	0.28174213
0.14000000	-0.86042076	0.21758120
0.14100000	-0.68064100	0.15944882
0.14200000	-0.34771776	0.11860237
0.14300000	0.09052042	0.10100885
0.14400000	0.48074558	0.12121678
0.14500000	0.76460999	0.17575049
0.14600000	0.86072832	0.24311024
0.14700000	0.75482899	0.31397638
0.14800000	0.46982652	0.36054379
0.14900000	0.04918184	0.37567666
0.15000000	-0.36832553	0.36103591
0.15100000	-0.72244096	0.31862080
0.15200000	-0.87450784	0.25759721
0.15300000	-0.80305731	0.18731545
0.15400000	-0.53980070	0.13167445
0.15500000	-0.12152436	0.09833292
0.15600000	0.29533711	0.10420768
0.15700000	0.64942175	0.14840674
0.15800000	0.83507627	0.20976870
0.15900000	0.82295769	0.27946603
0.16000000	0.62592274	0.33772147
0.16100000	0.27549827	0.37589198
0.16200000	-0.14754552	0.37881398
0.16300000	-0.58160067	0.34608760
0.16400000	-0.83347684	0.29060039
0.16500000	-0.86857158	0.22031865
0.16600000	-0.69214445	0.15911049
0.16700000	-0.32714075	0.11611097
0.16800000	0.08372293	0.10442298
0.16900000	0.47954601	0.12561515
0.17000000	0.74960017	0.17525837
0.17100000	0.85190082	0.24612451
0.17200000	0.75406003	0.31040847
0.17300000	0.47327140	0.35885212
0.17400000	0.07071235	0.37629184
0.17500000	-0.39480808	0.35992864
0.17600000	-0.72539371	0.31616017
0.17700000	-0.87490773	0.25132260
0.17800000	-0.80385703	0.18719243
0.17900000	-0.52057701	0.13327387
0.18000000	-0.13558070	0.10691437
0.18100000	0.29475272	0.11174335
0.18200000	0.63505781	0.14985237
0.18300000	0.83356917	0.21588951
0.18400000	0.83126229	0.28001967
0.18499999	0.62973672	0.33270791
0.18599999	0.27417567	0.36463460
0.18699999	-0.18282481	0.37069389
0.18799999	-0.56551427	0.34464198
0.18899999	-0.81911296	0.29072341
0.18999999	-0.85965180	0.22643946
0.19099999	-0.68048722	0.16101746
0.19199999	-0.34756398	0.12014025
0.19299999	0.09125862	0.10983637
0.19399999	0.47840798	0.13019808
0.19499999	0.75559795	0.17805733
0.19599999	0.85174704	0.24234129
0.19699999	0.75252217	0.31382260
0.19799999	0.47059548	0.36069760
0.19899999	0.04933563	0.37644562
0.19999999	-0.36832553	0.35869834
0.20099999	-0.72244096	0.30963951
0.20199999	-0.87450784	0.24858513
0.20299999	-0.80305731	0.18500862
0.20399999	-0.53964692	0.13244340
0.20499999	-0.12078617	0.09848671
0.20599999	0.29287648	0.10420768
0.20699999	0.63967150	0.14840674
0.20799999	0.82852483	0.20992249
0.20899999	0.83037031	0.28020424
0.20999999	0.63333535	0.33541462
0.21099999	0.26897761	0.36687991
0.21199999	-0.15744956	0.36980191
0.21299999	-0.58483022	0.34378076
0.21399999	-0.83024728	0.29136935
0.21499999	-0.85866755	0.22047244
0.21599999	-0.68565452	0.15911049
0.21699999	-0.33458415	0.11611097
0.21799999	0.07627953	0.10442298
0.21899999	0.48603591	0.12561515
0.21999999	0.75950420	0.17525837
0.22099999	0.85513043	0.24612451
0.22199999	0.75098425	0.31040847
0.22299999	0.46410555	0.35885212
0.22399999	0.06157726	0.37629184
0.22499999	-0.39788386	0.35992864
0.22599999	-0.72231793	0.31616017
0.22699999	-0.86577260	0.25132260
0.22799999	-0.79506028	0.18719243
0.22899999	-0.51900834	0.13327387
0.22999999	-0.13404281	0.10706816
0.23099999	0.30358022	0.11251231
0.23199999	0.64403909	0.14751476
0.23299999	0.83590674	0.20687746
0.23399999	0.83049333	0.27103838
0.23499999	0.62958294	0.33040109
0.23599999	0.27417567	0.36555734
0.23699999	-0.18282481	0.37161663
0.23799999	-0.56551427	0.34233513
0.23899999	-0.81911296	0.28174213
0.23999999	-0.85965180	0.21758120
0.24099999	-0.68048722	0.15944882
0.24199999	-0.34771776	0.11860237
0.24299999	0.09052042	0.10100885
0.24399999	0.48074558	0.12137057
0.24499999	0.76460999	0.17651944
0.24599999	0.86057454	0.24080339
0.24699999	0.75406003	0.30499509
0.24799999	0.47213337	0.35153174
0.24899999	0.05813238	0.37333909
0.24999999	-0.35934424	0.36180487
0.25099999	-0.72013408	0.31880537
0.25199999	-0.87527680	0.25744340
0.25299999	-0.80321109	0.18654650
0.25399999	-0.53980070	0.13398130
0.25499999	-0.12152436	0.10734498
0.25599999	0.29533711	0.11318897
0.25699999	0.64942175	0.15074433
0.25799999	0.83507627	0.20903051
0.25899999	0.82295769	0.27928150
0.25999999	0.62576896	0.33772147
0.26099999	0.27472934	0.37589198
0.26199999	-0.14523868	0.37881398
0.26299999	-0.57261932	0.34608760
0.26399999	-0.82449555	0.29060039
0.26499999	-0.86623400	0.22031865
0.26599999	-0.69306719	0.15911049
0.26699999	-0.32806349	0.11611097
0.26799999	0.08606053	0.10442298
0.26899999	0.48852730	0.12561515
0.26999999	0.75858146	0.17525837
0.27099999	0.85420769	0.24612451
0.27199999	0.75329107	0.31040847
0.27299999	0.47311762	0.35885212
0.27399999	0.07071235	0.37629184
0.27499999	-0.39480808	0.35992864
0.27599999	-0.72539371	0.31616017
0.27699999	-0.87490773	0.25132260
0.27799999	-0.80385703	0.18719243
0.27899999	-0.52057701	0.13327387
0.27999999	-0.13558070	0.10706816
0.28099999	0.29475272	0.11251231
0.28199999	0.63505781	0.14736098
0.28299999	0.83356917	0.20610851
0.28399999	0.83126229	0.27334523
0.28499999	0.62973672	0.33938238
0.28599999	0.27417567	0.37453863
0.28699999	-0.18282481	0.37395424
0.28799999	-0.56551427	0.34171999
0.28899999	-0.81911296	0.28235728
0.28999999	-0.85965180	0.21527436
0.29099999	-0.68048722	0.15043676
0.29199999	-0.34756398	0.10959031
0.29299999	0.09125862	0.09870202
0.29399999	0.47840798	0.12213952
0.29499999	0.75559795	0.17667323
0.29599999	0.85174704	0.24080339
0.29699999	0.75252217	0.30499509
0.29799999	0.47059548	0.35153174
0.29899999	0.04933563	0.37333909
0.29999999	-0.36832553	0.36180487
0.30099999	-0.72244096	0.31880537
0.30199999	-0.87435406	0.25744340
0.30299999	-0.80231917	0.18654650
0.30399999	-0.54195374	0.13413508
0.30499999	-0.12973671	0.10811393
0.30599999	0.28389516	0.11088213
0.30699999	0.63733393	0.14173228
0.30799999	0.82929379	0.20001845
0.30899999	0.83052409	0.27697465
0.30999999	0.63318157	0.33849040
0.31099999	0.26820865	0.37604576
0.31199999	-0.15498893	0.37881398
0.31299999	-0.57507998	0.34608760
0.31399999	-0.82357281	0.29060039
0.31499999	-0.86531126	0.22031865
0.31599999	-0.69525099	0.15911049
0.31699999	-0.33627585	0.11611097
0.31799999	0.07474163	0.10442298
0.31899999	0.47723916	0.12561515
0.31999999	0.75036907	0.17525837
0.32099999	0.85205460	0.24612451
0.32199999	0.75406003	0.31040847
0.32299999	0.47327140	0.35885212
0.32399999	0.07055856	0.37629184
0.32499999	-0.39554626	0.35992864
0.32599999	-0.72308683	0.31616017
0.32699999	-0.86592644	0.25132260
0.32799999	-0.79506028	0.18719243
0.32899999	-0.51900834	0.13327387
0.32999999	-0.13404281	0.10706816
0.33099999	0.30358022	0.11251231
0.33199999	0.64403909	0.14736098
0.33299999	0.83590674	0.20610851
0.33399999	0.83049333	0.27334523
0.33499999	0.62958294	0.33938238
0.33599999	0.27417567	0.37453863
0.33699999	-0.18282481	0.37395424
0.33799999	-0.56536049	0.34156618
0.33899999	-0.81837475	0.28158835
0.33999999	-0.86195868	0.21758120
0.34099999	-0.68946850	0.15944882
0.34199999	-0.35669905	0.11860237
0.34299999	0.08818282	0.10100885
0.34399999	0.48151451	0.12137057
0.34499999	0.76476377	0.17651944
0.34599999	0.86072832	0.24080339
0.34699999	0.75482899	0.30499509
0.34799999	0.46982652	0.35153174
0.34899999	0.04918184	0.37333909
0.34999999	-0.36832553	0.36180487
0.35099999	-0.72244096	0.31880537
0.35199999	-0.87450784	0.25744340
0.35299999	-0.80305731	0.18654650
0.35399999	-0.53964692	0.13398130
0.35499999	-0.12078617	0.10734498
0.35599999	0.29303026	0.11318897
0.35699999	0.64044046	0.15074433
0.35799999	0.82606423	0.20918430
0.35899999	0.82062006	0.28005046
0.35999999	0.62669170	0.33541462
0.36099999	0.27565208	0.36687991
0.36199999	-0.14754552	0.36980191
0.36299999	-0.58160067	0.34378076
0.36399999	-0.83332306	0.29136935
0.36499999	-0.86780268	0.22047244
0.36599999	-0.69463581	0.15911049
0.36699999	-0.33689100	0.11611097
0.36799999	0.07704847	0.10442298
0.36899999	0.48618972	0.12561515
0.36999999	0.75935042	0.17525837
0.37099999	0.85436147	0.24612451
0.37199999	0.75329107	0.31040847
0.37299999	0.47311762	0.35885212
0.37399999	0.07071235	0.37629184
0.37499999	-0.39480808	0.35992864
0.37599999	-0.72539371	0.31616017
0.37699999	-0.87490773	0.25132260
0.37799999	-0.80385703	0.18719243
0.37899999	-0.52057701	0.13327387
0.37999999	-0.13558070	0.10706816
0.38099999	0.29475272	0.11251231
0.38199999	0.63490403	0.14736098
0.38299999	0.83283097	0.20610851
0.38399999	0.83359993	0.27334523
0.38499999	0.63871801	0.33938238
0.38599999	0.28315699	0.37438485
0.38699999	-0.18051796	0.37318528
0.38799999	-0.56628323	0.34402683
0.38899999	-0.81926674	0.29133859
0.38999999	-0.85965180	0.22428642
0.39099999	-0.68048722	0.15277436
0.39199999	-0.34771776	0.10882135
0.39299999	0.09052042	0.09854823
0.39399999	0.48074558	0.12198573
0.39499999	0.76460999	0.17590427
0.39599999	0.86072832	0.24311024
0.39699999	0.75482899	0.31397638
0.39799999	0.46982652	0.36054379
0.39899999	0.04918184	0.37567666
0.39999999	-0.36832553	0.36103591
0.40099999	-0.72244096	0.31862080
0.40199999	-0.87450784	0.25744340
0.40299999	-0.80305731	0.18654650
0.40399999	-0.53964692	0.13398130
0.40499999	-0.12078617	0.10734498
0.40599999	0.29303026	0.11318897
0.40699999	0.64044046	0.15074433
0.40799999	0.82621801	0.20903051
0.40899999	0.82138902	0.27928150
0.40999999	0.62420028	0.33772147
0.41099999	0.26590183	0.37589198
0.41199999	-0.15421999	0.37881398
0.41299999	-0.57492620	0.34608760
0.41399999	-0.82357281	0.29060039
0.41499999	-0.86531126	0.22031865
0.41599999	-0.69540477	0.15911049
0.41699999	-0.33704478	0.11611097
0.41799999	0.07704847	0.10442298
0.41899999	0.48618972	0.12561515
0.41999999	0.75935042	0.17525837
0.42099999	0.85436147	0.24612451
0.42199999	0.75329107	0.31040847
0.42299999	0.47311762	0.35885212
0.42399999	0.07071235	0.37629184
0.42499999	-0.39480808	0.35992864
0.42599999	-0.72523993	0.31616017
0.42699999	-0.87413877	0.25132260
0.42799999	-0.80619460	0.18719243
0.42899999	-0.52955830	0.13327387
0.42999999	-0.14459276	0.10706816
0.43099999	0.29241511	0.11251231
0.43199999	0.63567299	0.14751476
0.43299999	0.83298475	0.20687746
0.43399999	0.83359993	0.27103838
0.43499999	0.63871801	0.33040109
0.43599999	0.28315699	0.36555734
0.43699999	-0.18051796	0.37161663
0.43799999	-0.56612945	0.34233513
0.43899999	-0.81852853	0.28174213
0.43999999	-0.86195868	0.21758120
0.44099999	-0.68946850	0.15944882
0.44199999	-0.35669905	0.11860237
0.44299999	0.08818282	0.10100885
0.44399999	0.48151451	0.12137057
0.44499999	0.76476377	0.17651944
0.44599999	0.86072832	0.24080339
0.44699999	0.75482899	0.30499509
0.44799999	0.46982652	0.35153174
0.44899999	0.04918184	0.37333909
0.44999999	-0.36832553	0.36180487
0.45099999	-0.72244096	0.31880537
0.45199999	-0.87450784	0.25759721
0.45299999	-0.80305731	0.18731545
0.45399999	-0.53964692	0.13167445
0.45499999	-0.12078617	0.09833292
0.45599999	0.29303026	0.10436147
0.45699999	0.64044046	0.14917569
0.45799999	0.82606423	0.20746186
0.45899999	0.82062006	0.27045399
0.45999999	0.62650716	0.32874015
0.46099999	0.27488312	0.37355438
0.46199999	-0.14523868	0.37958291
0.46299999	-0.57261932	0.34624138
0.46399999	-0.82449555	0.29060039
0.46499999	-0.86623400	0.22031865
0.46599999	-0.69306719	0.15911049
0.46699999	-0.32806349	0.11611097
0.46799999	0.08621432	0.10442298
0.46899999	0.48929626	0.12561515
0.46999999	0.75627458	0.17525837
0.47099999	0.84522635	0.24612451
0.47199999	0.74434054	0.31040847
0.47299999	0.47081077	0.35885212
0.47399999	0.07132751	0.37629184
0.47499999	-0.39539248	0.35992864
0.47599999	-0.72308683	0.31616017
0.47699999	-0.86592644	0.25132260
0.47799999	-0.79490650	0.18719243
0.47899999	-0.51823944	0.13327387
0.47999999	-0.13619587	0.10706816
0.48099999	0.29536787	0.11251231
0.48199999	0.63256645	0.14736098
0.48299999	0.82381892	0.20610851
0.48399999	0.82458782	0.27334523
0.48499999	0.63641119	0.33938238
0.48599999	0.28392592	0.37438485
0.48699999	-0.18036418	0.37318528
0.48799999	-0.56628323	0.34402683
0.48899999	-0.81926674	0.29133859
0.48999999	-0.85965180	0.22428642
0.49099999	-0.68048722	0.15277436
0.49199999	-0.34756398	0.10882135
0.49299999	0.09125862	0.09854823
0.49399999	0.47840798	0.12213952
0.49499999	0.75559795	0.17667323
0.49599999	0.85174704	0.24064961
0.49699999	0.75252217	0.30422613
0.49799999	0.47059548	0.35386935
0.49899999	0.04933563	0.38235113
0.49999999	-0.36832553	0.37078616
0.50099999	-0.72244096	0.32111222
0.50199999	-0.87435406	0.25667447
0.50299999	-0.80231917	0.18639271
0.50399999	-0.54195374	0.13398130
0.50499999	-0.12973671	0.10734498
0.50599999	0.28389516	0.11318897
0.50699999	0.63733393	0.15074433
0.50799999	0.82929379	0.20918430
0.50899999	0.83052409	0.28005046
0.50999999	0.63318157	0.33541462
0.51099999	0.26820865	0.36687991
0.51199999	-0.15498893	0.36980191
0.51299999	-0.57507998	0.34378076
0.51399999	-0.82357281	0.29136935
0.51499999	-0.86531126	0.22047244
0.51599999	-0.69540477	0.15911049
0.51699999	-0.33704478	0.11611097
0.51799999	0.07704847	0.10457677
0.51899999	0.48618972	0.12638411
0.51999999	0.75935042	0.17292076
0.52099999	0.85436147	0.23711245
0.52199999	0.75313729	0.30124262
0.52299999	0.47234866	0.35577634
0.52399999	0.07289616	0.37936762
0.52499999	-0.38659573	0.36909449
0.52599999	-0.71410555	0.32514149
0.52699999	-0.86361957	0.25362942
0.52799999	-0.79567546	0.18642348
0.52899999	-0.51839322	0.13312007
0.52999999	-0.13634965	0.10706816
0.53099999	0.29459891	0.11251231
0.53199999	0.63505781	0.14751476
0.53299999	0.83356917	0.20687746
0.53399999	0.83126229	0.27103838
0.53499999	0.62973672	0.33040109
0.53599999	0.27432948	0.36540353
0.53699999	-0.18208662	0.37084767
0.53799999	-0.56782109	0.34479576
0.53899998	-0.82812500	0.29149237
0.53999998	-0.86863309	0.22428642
0.54099998	-0.68279403	0.15277436
0.54199998	-0.34694883	0.10882135
0.54299998	0.09067421	0.09854823
0.54399998	0.48074558	0.12213952
0.54499998	0.76460999	0.17667323
0.54599998	0.86072832	0.24080339
0.54699998	0.75482899	0.30499509
0.54799998	0.46982652	0.35153174
0.54899998	0.04918184	0.37333909
0.54999998	-0.36832553	0.36180487
0.55099998	-0.72244096	0.31880537
0.55199998	-0.87450784	0.25744340
0.55299998	-0.80305731	0.18654650
0.55399998	-0.53980070	0.13398130
0.55499998	-0.12152436	0.10734498
0.55599998	0.29533711	0.11318897
0.55699998	0.64942175	0.15074433
0.55799998	0.83507627	0.20918430
0.55899998	0.82295769	0.28005046
0.55999998	0.62576896	0.33541462
0.56099998	0.27472934	0.36687991
0.56199998	-0.14523868	0.36980191
0.56299998	-0.57261932	0.34378076
0.56399998	-0.82449555	0.29136935
0.56499998	-0.86623400	0.22047244
0.56599998	-0.69306719	0.15911049
0.56699998	-0.32806349	0.11611097
0.56799998	0.08621432	0.10442298
0.56899998	0.48929626	0.12561515
0.56999998	0.75627458	0.17525837
0.57099998	0.84522635	0.24612451
0.57199998	0.74434054	0.31040847
0.57299998	0.47081077	0.35885212
0.57399998	0.07148130	0.37629184
0.57499998	-0.39462352	0.35992864
0.57599998	-0.72539371	0.31616017
0.57699998	-0.87490773	0.25132260
0.57799998	-0.80385703	0.18719243
0.57899998	-0.52057701	0.13327387
0.57999998	-0.13558070	0.10691437
0.58099998	0.29475272	0.11174335
0.58199998	0.63490403	0.14969857
0.58299998	0.83283097	0.21512057
0.58399998	0.83359993	0.28235728
0.58499998	0.63871801	0.34171999
0.58599998	0.28315699	0.37361589
0.58699998	-0.18051796	0.37303150
0.58799998	-0.56628323	0.34387302
0.58899998	-0.81926674	0.29056963
0.58999998	-0.85965180	0.22643946
0.59099998	-0.68048722	0.16101746
0.59199998	-0.34771776	0.12014025
0.59299998	0.09052042	0.10983637
0.59399998	0.48074558	0.13035187
0.59499998	0.76460999	0.17882627
0.59599998	0.86072832	0.24003445
0.59699998	0.75482899	0.30484128
0.59799998	0.46982652	0.35153174
0.59899998	0.04918184	0.37333909
0.59999998	-0.36832553	0.36180487
0.60099998	-0.72244096	0.31880537
0.60199998	-0.87450784	0.25759721
0.60299998	-0.80305731	0.18731545
0.60399998	-0.53964692	0.13167445
0.60499998	-0.12078617	0.09833292
0.60599998	0.29287648	0.10420768
0.60699998	0.63967150	0.14840674
0.60799998	0.82837105	0.20976870
0.60899998	0.82960135	0.27946603
0.60999998	0.63548845	0.33772147
0.61099998	0.27718997	0.37589198
0.61199998	-0.14600763	0.37881398
0.61299998	-0.57277310	0.34608760
0.61399998	-0.82434177	0.29060039
0.61499998	-0.86546504	0.22031865
0.61599998	-0.69525099	0.15911049
0.61699998	-0.33627585	0.11611097
0.61799998	0.07474163	0.10442298
0.61899998	0.47723916	0.12561515
0.61999998	0.75036907	0.17525837
0.62099998	0.85205460	0.24612451
0.62199998	0.75406003	0.31040847
0.62299998	0.47327140	0.35885212
0.62399998	0.07055856	0.37629184
0.62499998	-0.39554626	0.35992864
0.62599998	-0.72308683	0.31616017
0.62699998	-0.86592644	0.25132260
0.62799998	-0.79490650	0.18719243
0.62899998	-0.51823944	0.13327387
0.62999998	-0.13634965	0.10706816
0.63099998	0.29459891	0.11251231
0.63199998	0.63505781	0.14736098
0.63299998	0.83356917	0.20610851
0.63399998	0.83110851	0.27334523
0.63499998	0.62896776	0.33938238
0.63599998	0.27648252	0.37438485
0.63699998	-0.17384350	0.37318528
0.63799998	-0.55634844	0.34402683
0.63899998	-0.81603718	0.29133859
0.63999998	-0.86272758	0.22428642
0.64099998	-0.68962228	0.15277436
0.64199998	-0.35654527	0.10882135
0.64299998	0.08895177	0.09854823
0.64399998	0.47917691	0.12213952
0.64499998	0.75575173	0.17667323
0.64599998	0.85174704	0.24080339
0.64699998	0.75252217	0.30499509
0.64799998	0.47059548	0.35153174
0.64899998	0.04933563	0.37333909
0.64999998	-0.36832553	0.36180487
0.65099998	-0.72244096	0.31880537
0.65199998	-0.87450784	0.25744340
0.65299998	-0.80305731	0.18654650
0.65399998	-0.53964692	0.13413508
0.65499998	-0.12078617	0.10811393
0.65599998	0.29303026	0.11088213
0.65699998	0.64044046	0.14173228
0.65799998	0.82606423	0.20001845
0.65899998	0.82062006	0.27697465
0.65999998	0.62650716	0.33849040
0.66099998	0.27488312	0.37604576
0.66199998	-0.14523868	0.37881398
0.66299998	-0.57261932	0.34608760
0.66399998	-0.82434177	0.29060039
0.66499998	-0.86546504	0.22031865
0.66599998	-0.69540477	0.15911049
0.66699998	-0.33704478	0.11611097
0.66799998	0.07720226	0.10457677
0.66899998	0.48695865	0.12638411
0.66999998	0.75701278	0.17292076
0.67099998	0.84538019	0.23711245
0.67199998	0.74434054	0.30139640
0.67299998	0.47081077	0.35654527
0.67399998	0.07132751	0.37706077
0.67499998	-0.39539248	0.36008242
0.67599998	-0.72308683	0.31616017
0.67699998	-0.86592644	0.25132260
0.67799998	-0.79490650	0.18719243
0.67899998	-0.51823944	0.13327387
0.67999998	-0.13634965	0.10706816
0.68099998	0.29459891	0.11251231
0.68199998	0.63505781	0.14751476
0.68299998	0.83356917	0.20687746
0.68399998	0.83126229	0.27103838
0.68499998	0.62973672	0.33040109
0.68599998	0.27417567	0.36540353
0.68699998	-0.18282481	0.37084767
0.68799998	-0.56551427	0.34464198
0.68899998	-0.81911296	0.29072341
0.68999998	-0.85965180	0.22659326
0.69099998	-0.68048722	0.16175567
0.69199998	-0.34771776	0.11783341
0.69299998	0.09052042	0.10085507
0.69399998	0.48074558	0.12137057
0.69499998	0.76460999	0.17651944
0.69599998	0.86072832	0.24080339
0.69699998	0.75482899	0.30499509
0.69799998	0.46982652	0.35153174
0.69899998	0.04918184	0.37333909
0.69999998	-0.36832553	0.36180487
0.70099998	-0.72244096	0.31880537
0.70199998	-0.87450784	0.25744340
0.70299998	-0.80305731	0.18654650
0.70399998	-0.53964692	0.13413508
0.70499998	-0.12078617	0.10811393
0.70599998	0.29287648	0.11088213
0.70699998	0.63967150	0.14173228
0.70799998	0.82852483	0.20001845
0.70899998	0.83037031	0.27697465
0.70999998	0.63333535	0.33849040
0.71099998	0.26897761	0.37604576
0.71199998	-0.15729576	0.37881398
0.71299998	-0.58406126	0.34608760
0.71399998	-0.83270794	0.29060039
0.71499998	-0.86838704	0.22031865
0.71599998	-0.69229823	0.15911049
0.71699998	-0.32790971	0.11611097
0.71799998	0.08606053	0.10457677
0.71899998	0.48852730	0.12638411
0.71999998	0.75858146	0.17292076
0.72099998	0.85420769	0.23711245
0.72199998	0.75329107	0.30124262
0.72299998	0.47311762	0.35577634
0.72399998	0.07055856	0.37936762
0.72499998	-0.39554626	0.36909449
0.72599998	-0.72293305	0.32529527
0.72699998	-0.86515749	0.25439838
0.72799998	-0.79736710	0.18411663
0.72899998	-0.52802044	0.12413878
0.72999998	-0.14302412	0.09808686
0.73099998	0.30124262	0.11020546
0.73199998	0.64477730	0.14828371
0.73299998	0.83606052	0.20703125
0.73399998	0.83033955	0.27103838
0.73499998	0.62881398	0.33040109
0.73599998	0.27648252	0.36540353
0.73699998	-0.17384350	0.37084767
0.73799998	-0.55650222	0.34464198
0.73899998	-0.81680608	0.29072341
0.73999998	-0.86042076	0.22659326
0.74099998	-0.68064100	0.16175567
0.74199998	-0.34756398	0.11783341
0.74299998	0.09125862	0.10085507
0.74399998	0.47840798	0.12121678
0.74499998	0.75559795	0.17575049
0.74599998	0.85174704	0.24311024
0.74699998	0.75252217	0.31397638
0.74799998	0.47059548	0.36069760
0.74899998	0.04933563	0.37644562
0.74999998	-0.36832553	0.35869834
0.75099998	-0.72244096	0.30963951
0.75199998	-0.87450784	0.24858513
0.75299998	-0.80305731	0.18500862
0.75399998	-0.53980070	0.13259719
0.75499998	-0.12152436	0.09925566
0.75599998	0.29533711	0.10187007
0.75699998	0.64942175	0.13942544
0.75799998	0.83507627	0.20094119
0.75899998	0.82295769	0.27789739
0.75999998	0.62592274	0.33618355
0.76099998	0.27549827	0.36703372
0.76199998	-0.14754552	0.36980191
0.76299998	-0.58160067	0.34378076
0.76399998	-0.83347684	0.29136935
0.76499998	-0.86857158	0.22047244
0.76599998	-0.69229823	0.15911049
0.76699998	-0.32790971	0.11611097
0.76799998	0.08606053	0.10457677
0.76899998	0.48852730	0.12638411
0.76999998	0.75858146	0.17292076
0.77099998	0.85420769	0.23711245
0.77199998	0.75329107	0.30139640
0.77299998	0.47311762	0.35654527
0.77399998	0.07071235	0.37706077
0.77499998	-0.39480808	0.36008242
0.77599998	-0.72539371	0.31616017
0.77699998	-0.87490773	0.25132260
0.77799998	-0.80401081	0.18719243
0.77899998	-0.52134597	0.13327387
0.77999998	-0.13327387	0.10706816
0.78099998	0.30373400	0.11251231
0.78199998	0.64388531	0.14751476
0.78299998	0.83513778	0.20687746
0.78399998	0.83283097	0.27103838
0.78499998	0.63856423	0.33040109
0.78599998	0.28315699	0.36555734
0.78699998	-0.18051796	0.37161663
0.78799998	-0.56628323	0.34233513
0.78899998	-0.81926674	0.28174213
0.78999998	-0.85965180	0.21758120
0.79099998	-0.68048722	0.15944882
0.79199998	-0.34771776	0.11860237
0.79299998	0.09052042	0.10100885
0.79399998	0.48074558	0.12137057
0.79499998	0.76460999	0.17651944
0.79599998	0.86072832	0.24080339
0.79699998	0.75482899	0.30499509
0.79799998	0.46982652	0.35171628
0.79899998	0.04918184	0.37410802
0.79999998	-0.36832553	0.35946727
0.80099998	-0.72244096	0.30979329
0.80199998	-0.87450784	0.24843135
0.80299998	-0.80305731	0.18423967
0.80399998	-0.53980070	0.13475025
0.80499998	-0.12152436	0.10749877
0.80599998	0.29518330	0.11334276
0.80699998	0.64865279	0.15151329
0.80799998	0.83753693	0.20669292
0.80899998	0.83267719	0.27030021
0.80999998	0.63241267	0.32874015
0.81099998	0.26805487	0.37355438
0.81199998	-0.15498893	0.37958291
0.81299998	-0.57507998	0.34624138
0.81399998	-0.82357281	0.29060039
0.81499998	-0.86531126	0.22031865
0.81599998	-0.69525099	0.15911049
0.81699998	-0.33627585	0.11611097
0.81799998	0.07474163	0.10457677
0.81899998	0.47723916	0.12638411
0.81999998	0.75036907	0.17292076
0.82099998	0.85205460	0.23711245
0.82199998	0.75406003	0.30124262
0.82299998	0.47327140	0.35577634
0.82399998	0.07055856	0.37936762
0.82499998	-0.39554626	0.36909449
0.82599998	-0.72308683	0.32514149
0.82699998	-0.86592644	0.25362942
0.82799998	-0.79490650	0.18642348
0.82899998	-0.51823944	0.13312007
0.82999998	-0.13634965	0.10706816
0.83099998	0.29459891	0.11251231
0.83199998	0.63505781	0.14736098
0.83299998	0.83356917	0.20610851
0.83399998	0.83110851	0.27334523
0.83499998	0.62896776	0.33938238
0.83599998	0.27648252	0.37438485
0.83699998	-0.17384350	0.37318528
0.83799998	-0.55634844	0.34402683
0.83899998	-0.81603718	0.29133859
0.83999998	-0.86272758	0.22428642
0.84099998	-0.68962228	0.15277436
0.84199998	-0.35669905	0.10897515
0.84299998	0.08818282	0.09931718
0.84399998	0.48166829	0.11967888
0.84499998	0.76553273	0.16689223
0.84599998	0.85842150	0.23412894
0.84699998	0.74581695	0.31166953
0.84799998	0.46081448	0.36131275
0.84899998	0.04684424	0.37583047
0.84999998	-0.36755660	0.36103591
0.85099998	-0.72228718	0.31862080
0.85199998	-0.87450784	0.25744340
0.85299998	-0.80305731	0.18654650
0.85399998	-0.53980070	0.13413508
0.85499998	-0.12152436	0.10811393
0.85599998	0.29518330	0.11088213
0.85699998	0.64865279	0.14173228
0.85799998	0.83738309	0.20001845
0.85899998	0.83190823	0.27697465
0.85999998	0.63471949	0.33849040
0.86099998	0.27703616	0.37604576
0.86199998	-0.14616142	0.37881398
0.86299998	-0.57354206	0.34608760
0.86399998	-0.82218874	0.29060039
0.86499998	-0.85728347	0.22031865
0.86599998	-0.68393207	0.15911049
0.86699998	-0.32498771	0.11611097
0.86799998	0.08298475	0.10457677
0.86899998	0.47939223	0.12638411
0.86999998	0.74960017	0.17292076
0.87099998	0.85190082	0.23711245
0.87199998	0.75406003	0.30139640
0.87299998	0.47327140	0.35654527
0.87399998	0.07071235	0.37706077
0.87499998	-0.39480808	0.36008242
0.87599998	-0.72539371	0.31616017
0.87699998	-0.87490773	0.25132260
0.87799998	-0.80385703	0.18719243
0.87899998	-0.52057701	0.13327387
0.87999998	-0.13558070	0.10706816
0.88099998	0.29475272	0.11251231
0.88199998	0.63505781	0.14736098
0.88299998	0.83356917	0.20610851
0.88399998	0.83126229	0.27334523
0.88499998	0.62973672	0.33938238
0.88599998	0.27417567	0.37453863
0.88699998	-0.18282481	0.37395424
0.88799998	-0.56551427	0.34156618
0.88899998	-0.81911296	0.28158835
0.88999998	-0.85965180	0.21758120
0.89099998	-0.68048722	0.15944882
0.89199997	-0.34756398	0.11860237
0.89299997	0.09125862	0.10100885
0.89399997	0.47840798	0.12137057
0.89499997	0.75559795	0.17651944
0.89599997	0.85174704	0.24080339
0.89699997	0.75252217	0.30499509
0.89799997	0.47059548	0.35153174
0.89899997	0.04933563	0.37333909
0.89999997	-0.36832553	0.36180487
0.90099997	-0.72244096	0.31880537
0.90199997	-0.87450784	0.25744340
0.90299997	-0.80305731	0.18654650
0.90399997	-0.53964692	0.13398130
0.90499997	-0.12078617	0.10734498
0.90599997	0.29287648	0.11318897
0.90699997	0.63967150	0.15074433
0.90799997	0.82852483	0.20918430
0.90899997	0.83037031	0.28005046
0.90999997	0.63318157	0.33556840
0.91099997	0.26820865	0.36764887
0.91199997	-0.15498893	0.36749509
0.91299997	-0.57507998	0.33479947
0.91399997	-0.82372659	0.28238803
0.91499997	-0.86608022	0.21816561
0.91599997	-0.69306719	0.15987943
0.91699997	-0.32806349	0.11626476
0.91799997	0.08606053	0.10457677
0.91899997	0.48852730	0.12638411
0.91999997	0.75858146	0.17292076
0.92099997	0.85420769	0.23711245
0.92199997	0.75329107	0.30139640
0.92299997	0.47311762	0.35654527
0.92399997	0.07071235	0.37706077
0.92499997	-0.39480808	0.36008242
0.92599997	-0.72523993	0.31616017
0.92699997	-0.87413877	0.25132260
0.92799997	-0.80619460	0.18719243
0.92899997	-0.52955830	0.13327387
0.92999997	-0.14459276	0.10706816
0.93099997	0.29241511	0.11251231
0.93199997	0.63582677	0.14751476
0.93299997	0.83375371	0.20687746
0.93399997	0.83126229	0.27103838
0.93499997	0.62973672	0.33040109
0.93599997	0.27417567	0.36540353
0.93699997	-0.18282481	0.37084767
0.93799997	-0.56551427	0.34479576
0.93899997	-0.81911296	0.29149237
0.93999997	-0.85965180	0.22428642
0.94099997	-0.68048722	0.15277436
0.94199997	-0.34756398	0.10882135
0.94299997	0.09125862	0.09854823
0.94399997	0.47840798	0.12213952
0.94499997	0.75559795	0.17667323
0.94599997	0.85174704	0.24080339
0.94699997	0.75252217	0.30499509
0.94799997	0.47059548	0.35153174
0.94899997	0.04933563	0.37333909
0.94999997	-0.36832553	0.36180487
0.95099997	-0.72244096	0.31880537
0.95199997	-0.87450784	0.25744340
0.95299997	-0.80305731	0.18654650
0.95399997	-0.53964692	0.13413508
0.95499997	-0.12078617	0.10811393
0.95599997	0.29303026	0.11088213
0.95699997	0.64044046	0.14173228
0.95799997	0.82606423	0.20017225
0.95899997	0.82062006	0.27774361
0.95999997	0.62669170	0.33618355
0.96099997	0.27565208	0.36703372
0.96199997	-0.14754552	0.36980191
0.96299997	-0.58160067	0.34378076
0.96399997	-0.83347684	0.29136935
0.96499997	-0.86857158	0.22047244
0.96599997	-0.69229823	0.15911049
0.96699997	-0.32790971	0.11611097
0.96799997	0.08606053	0.10442298
0.96899997	0.48852730	0.12561515
0.96999997	0.75858146	0.17525837
0.97099997	0.85420769	0.24612451
0.97199997	0.75329107	0.31040847
0.97299997	0.47311762	0.35885212
0.97399997	0.07071235	0.37613803
0.97499997	-0.39480808	0.35915971
0.97599997	-0.72539371	0.31846702
0.97699997	-0.87490773	0.26033464
0.97799997	-0.80385703	0.19617371
0.97899997	-0.52057701	0.13558070
0.97999997	-0.13558070	0.10629921
0.98099997	0.29475272	0.11235851
0.98199997	0.63505781	0.14736098
0.98299997	0.83356917	0.20610851
0.98399997	0.83126229	0.27334523
0.98499997	0.62973672	0.33938238
0.98599997	0.27417567	0.37438485
0.98699997	-0.18282481	0.37318528
0.98799997	-0.56551427	0.34387302
0.98899997	-0.81911296	0.29056963
0.98999997	-0.85965180	0.22659326
0.99099997	-0.68048722	0.16175567
0.99199997	-0.34771776	0.11783341
0.99299997	0.09052042	0.10085507
0.99399997	0.48074558	0.12121678
0.99499997	0.76460999	0.17575049
0.99599997	0.86072832	0.24311024
0.99699997	0.75482899	0.31397638
0.99799997	0.46982652	0.36054379
0.99899997	0.04918184	0.37567666
0.99999997	-0.36847934	0.36103591
1.00099997	-0.72320992	0.31862080
1.00199997	-0.87220103	0.25759721
1.00299997	-0.79410678	0.18731545
1.00399997	-0.53081942	0.13167445
1.00499997	-0.11921752	0.09833292
1.00599997	0.29456815	0.10420768
1.00699997	0.64926797	0.14840674
1.00799997	0.83507627	0.20976870
1.00899997	0.82295769	0.27946603
1.00999997	0.62592274	0.33772147
1.01099997	0.27549827	0.37589198
1.01199997	-0.14769931	0.37881398
1.01299997	-0.58233881	0.34608760
1.01399997	-0.83098549	0.29060039
1.01499997	-0.85882133	0.22031865
1.01599997	-0.68565452	0.15911049
1.01699997	-0.33458415	0.11611097
1.01799997	0.07627953	0.10442298
1.01899997	0.48603591	0.12561515
1.01999997	0.75935042	0.17525837
1.02099997	0.85436147	0.24612451
1.02199997	0.75313729	0.31040847
1.02299997	0.47234866	0.35885212
1.02399997	0.07304995	0.37629184
1.02499997	-0.38582677	0.35992864
1.02599997	-0.71628934	0.31616017
1.02699997	-0.87180120	0.25132260
1.02799997	-0.80696356	0.18719243
1.02899997	-0.52971208	0.13327387
1.02999997	-0.14459276	0.10706816
1.03099997	0.29241511	0.11251231
1.03199997	0.63582677	0.14736098
1.03299997	0.83375371	0.20610851
1.03399997	0.83126229	0.27334523
1.03499997	0.62973672	0.33938238
1.03599997	0.27417567	0.37438485
1.03699997	-0.18282481	0.37318528
1.03799997	-0.56536049	0.34387302
1.03899997	-0.81837475	0.29056963
1.03999997	-0.86195868	0.22659326
1.04099997	-0.68946850	0.16175567
1.04199997	-0.35669905	0.11783341
1.04299997	0.08818282	0.10085507
1.04399997	0.48166829	0.12137057
1.04499997	0.76553273	0.17651944
1.04599997	0.85842150	0.24080339
1.04699997	0.74581695	0.30499509
1.04799997	0.46081448	0.35153174
1.04899997	0.04684424	0.37333909
1.04999997	-0.36755660	0.36180487
1.05099997	-0.72228718	0.31880537
1.05199997	-0.87450784	0.25744340
1.05299997	-0.80305731	0.18654650
1.05399997	-0.53964692	0.13398130
1.05499997	-0.12078617	0.10734498
1.05599997	0.29303026	0.11318897
1.05699997	0.64044046	0.15074433
1.05799997	0.82606423	0.20903051
1.05899997	0.82062006	0.27928150
1.05999997	0.62669170	0.33787525
1.06099997	0.27565208	0.37666091
1.06199997	-0.14754552	0.37650713
1.06299997	-0.58160067	0.33710629
1.06399997	-0.83347684	0.28161910
1.06499997	-0.86857158	0.21801181
1.06599997	-0.69229823	0.15987943
1.06699997	-0.32790971	0.11626476
1.06799997	0.08606053	0.10442298
1.06899997	0.48852730	0.12561515
1.06999997	0.75858146	0.17525837
1.07099997	0.85420769	0.24612451
1.07199997	0.75329107	0.31040847
1.07299997	0.47311762	0.35885212
1.07399997	0.07071235	0.37629184
1.07499997	-0.39480808	0.35992864
1.07599997	-0.72539371	0.31616017
1.07699997	-0.87490773	0.25132260
1.07799997	-0.80401081	0.18719243
1.07899997	-0.52134597	0.13327387
1.07999997	-0.13327387	0.10706816
1.08099997	0.30373400	0.11251231
1.08199997	0.64388531	0.14751476
1.08299997	0.83513778	0.20687746
1.08399997	0.83283097	0.27103838
1.08499997	0.63856423	0.33040109
1.08599997	0.28315699	0.36540353
1.08699997	-0.18051796	0.37084767
1.08799997	-0.56628323	0.34479576
1.08899997	-0.81926674	0.29149237
1.08999997	-0.85965180	0.22428642
1.09099997	-0.68048722	0.15277436
1.09199997	-0.34756398	0.10882135
1.09299997	0.09125862	0.09854823
1.09399997	0.47840798	0.12213952
1.09499997	0.75559795	0.17667323
1.09599997	0.85174704	0.24080339
1.09699997	0.75252217	0.30499509
1.09799997	0.47059548	0.35153174
1.09899997	0.04933563	0.37333909
1.09999997	-0.36832553	0.36180487
1.10099997	-0.72244096	0.31880537
1.10199997	-0.87450784	0.25759721
1.10299997	-0.80305731	0.18731545
1.10399997	-0.53964692	0.13167445
1.10499997	-0.12078617	0.09833292
1.10599997	0.29303026	0.10420768
1.10699997	0.64044046	0.14840674
1.10799997	0.82621801	0.20992249
1.10899997	0.82138902	0.28020424
1.10999997	0.62420028	0.33541462
1.11099997	0.26590183	0.36687991
1.11199997	-0.15421999	0.36980191
1.11299997	-0.57492620	0.34378076
1.11399997	-0.82357281	0.29136935
1.11499997	-0.86531126	0.22047244
1.11599997	-0.69540477	0.15911049
1.11699997	-0.33704478	0.11611097
1.11799997	0.07704847	0.10442298
1.11899997	0.48618972	0.12561515
1.11999997	0.75950420	0.17525837
1.12099997	0.85513043	0.24612451
1.12199997	0.75098425	0.31040847
1.12299997	0.46410555	0.35885212
1.12399997	0.06157726	0.37629184
1.12499997	-0.39788386	0.35992864
1.12599997	-0.72216409	0.31616017
1.12699997	-0.86500371	0.25132260
1.12799997	-0.79736710	0.18719243
1.12899997	-0.52802044	0.13327387
1.12999997	-0.14302412	0.10706816
1.13099997	0.30124262	0.11251231
1.13199997	0.64477730	0.14751476
1.13299997	0.83606052	0.20687746
1.13399997	0.83049333	0.27103838
1.13499997	0.62958294	0.33040109
1.13599997	0.27432948	0.36540353
1.13699997	-0.18208662	0.37084767
1.13799997	-0.56782109	0.34479576
1.13899997	-0.82812500	0.29149237
1.13999997	-0.86863309	0.22428642
1.14099997	-0.68279403	0.15277436
1.14199997	-0.34694883	0.10897515
1.14299997	0.09067421	0.09931718
1.14399997	0.48074558	0.11967888
1.14499997	0.76460999	0.16689223
1.14599997	0.86072832	0.23412894
1.14699997	0.75482899	0.31166953
1.14799997	0.46982652	0.36131275
1.14899997	0.04918184	0.37583047
1.14999997	-0.36832553	0.36103591
1.15099997	-0.72244096	0.31862080
1.15199997	-0.87450784	0.25744340
1.15299997	-0.80305731	0.18654650
1.15399997	-0.53964692	0.13398130
1.15499997	-0.12078617	0.10734498
1.15599997	0.29303026	0.11318897
1.15699997	0.64044046	0.15074433
1.15799997	0.82606423	0.20903051
1.15899997	0.82062006	0.27928150
1.15999997	0.62669170	0.33772147
1.16099997	0.27565208	0.37589198
1.16199997	-0.14754552	0.37881398
1.16299997	-0.58160067	0.34608760
1.16399997	-0.83347684	0.29060039
1.16499997	-0.86857158	0.22031865
1.16599997	-0.69229823	0.15911049
1.16699997	-0.32790971	0.11611097
1.16799997	0.08606053	0.10457677
1.16899997	0.48852730	0.12638411
1.16999997	0.75873524	0.17292076
1.17099997	0.85497659	0.23711245
1.17199997	0.75083047	0.30139640
1.17299997	0.46336737	0.35654527
1.17399997	0.06403790	0.37706077
1.17499997	-0.38813362	0.36008242
1.17599997	-0.71567422	0.31616017
1.17699997	-0.87241632	0.25132260
1.17799997	-0.80462599	0.18719243
1.17899997	-0.52073079	0.13327387
1.17999997	-0.13558070	0.10706816
1.18099997	0.29475272	0.11251231
1.18199997	0.63490403	0.14736098
1.18299997	0.83283097	0.20610851
1.18399997	0.83359993	0.27334523
1.18499997	0.63871801	0.33938238
1.18599997	0.28315699	0.37438485
1.18699997	-0.18051796	0.37318528
1.18799997	-0.56628323	0.34402683
1.18899997	-0.81926674	0.29133859
1.18999997	-0.85965180	0.22428642
1.19099997	-0.68048722	0.15277436
1.19199997	-0.34756398	0.10882135
1.19299997	0.09125862	0.09854823
1.19399997	0.47840798	0.12198573
1.19499997	0.75559795	0.17590427
1.19599997	0.85174704	0.24311024
1.19699997	0.75252217	0.31397638
1.19799997	0.47044167	0.36054379
1.19899997	0.04856668	0.37567666
1.19999997	-0.36601871	0.36103591
1.20099997	-0.71349043	0.31862080
1.20199997	-0.86552656	0.25744340
1.20299997	-0.80075049	0.18654650
1.20399997	-0.54041582	0.13398130
1.20499997	-0.12093996	0.10734498
1.20599997	0.29303026	0.11334276
1.20699997	0.64044046	0.15151329
1.20799997	0.82606423	0.20669292
1.20899997	0.82062006	0.27030021
1.20999997	0.62650716	0.32874015
1.21099997	0.27488312	0.37355438
1.21199997	-0.14523868	0.37958291
1.21299997	-0.57261932	0.34624138
1.21399997	-0.82434177	0.29060039
1.21499997	-0.86546504	0.22031865
1.21599997	-0.69540477	0.15911049
1.21699997	-0.33704478	0.11611097
1.21799997	0.07704847	0.10442298
1.21899997	0.48618972	0.12561515
1.21999997	0.75935042	0.17525837
1.22099997	0.85436147	0.24612451
1.22199997	0.75329107	0.31040847
1.22299997	0.47311762	0.35885212
1.22399997	0.07071235	0.37629184
1.22499997	-0.39480808	0.35992864
1.22599997	-0.72539371	0.31616017
1.22699997	-0.87490773	0.25132260
1.22799997	-0.80385703	0.18719243
1.22899997	-0.52057701	0.13327387
1.22999997	-0.13558070	0.10706816
1.23099997	0.29475272	0.11251231
1.23199997	0.63505781	0.14736098
1.23299997	0.83356917	0.20610851
1.23399997	0.83126229	0.27334523
1.23499997	0.62973672	0.33938238
1.23599997	0.27417567	0.37453863
1.23699997	-0.18282481	0.37395424
1.23799997	-0.56536049	0.34156618
1.23899997	-0.81837475	0.28158835
1.23999997	-0.86195868	0.21758120
1.24099997	-0.68946850	0.15944882
1.24199997	-0.35669905	0.11860237
1.24299997	0.08818282	0.10100885
1.24399997	0.48166829	0.12137057
1.24499997	0.76553273	0.17651944
1.24599996	0.85842150	0.24080339
1.24699996	0.74581695	0.30499509
1.24799996	0.46081448	0.35153174
1.24899996	0.04684424	0.37333909
1.24999996	-0.36755660	0.36180487
1.25099996	-0.72228718	0.31880537
1.25199996	-0.87450784	0.25744340
1.25299996	-0.80305731	0.18654650
1.25399996	-0.53964692	0.13398130
1.25499996	-0.12078617	0.10734498
1.25599996	0.29303026	0.11318897
1.25699996	0.64044046	0.15074433
1.25799996	0.82606423	0.20918430
1.25899996	0.82062006	0.28005046
1.25999996	0.62650716	0.33541462
1.26099996	0.27488312	0.36687991
1.26199996	-0.14523868	0.36980191
1.26299996	-0.57261932	0.34378076
1.26399996	-0.82434177	0.29136935
1.26499996	-0.86546504	0.22047244
1.26599996	-0.69540477	0.15911049
1.26699996	-0.33704478	0.11611097
1.26799996	0.07704847	0.10442298
1.26899996	0.48618972	0.12561515
1.26999996	0.75935042	0.17525837
1.27099996	0.85436147	0.24612451
1.27199996	0.75329107	0.31040847
1.27299996	0.47311762	0.35885212
1.27399996	0.07071235	0.37629184
1.27499996	-0.39480808	0.35992864
1.27599996	-0.72539371	0.31616017
1.27699996	-0.87490773	0.25132260
1.27799996	-0.80385703	0.18719243
1.27899996	-0.52057701	0.13327387
1.27999996	-0.13558070	0.10706816
1.28099996	0.29475272	0.11251231
1.28199996	0.63505781	0.14736098
1.28299996	0.83356917	0.20610851
1.28399996	0.83126229	0.27334523
1.28499996	0.62973672	0.33938238
1.28599996	0.27417567	0.37438485
1.28699996	-0.18282481	0.37318528
1.28799996	-0.56551427	0.34387302
1.28899996	-0.81911296	0.29056963
1.28999996	-0.85965180	0.22659326
1.29099996	-0.68048722	0.16175567
1.29199996	-0.34756398	0.11783341
1.29299996	0.09125862	0.10085507
1.29399996	0.47840798	0.12137057
1.29499996	0.75559795	0.17651944
1.29599996	0.85174704	0.24080339
1.29699996	0.75252217	0.30499509
1.29799996	0.47059548	0.35153174
1.29899996	0.04933563	0.37333909
1.29999996	-0.36832553	0.36180487
1.30099996	-0.72244096	0.31880537
1.30199996	-0.87450784	0.25744340
1.30299996	-0.80305731	0.18654650
1.30399996	-0.53964692	0.13398130
1.30499996	-0.12078617	0.10734498
1.30599996	0.29303026	0.11318897
1.30699996	0.64044046	0.15074433
1.30799996	0.82621801	0.20918430
1.30899996	0.82138902	0.28005046
1.30999996	0.62420028	0.33541462
1.31099996	0.26590183	0.36687991
1.31199996	-0.15437376	0.36980191
1.31299996	-0.57569510	0.34378076
1.31399996	-0.82126600	0.29136935
1.31499996	-0.85636073	0.22047244
1.31599996	-0.68642348	0.15911049
1.31699996	-0.33473796	0.11611097
1.31799996	0.07627953	0.10442298
1.31899996	0.48603591	0.12561515
1.31999996	0.75950420	0.17525837
1.32099996	0.85513043	0.24612451
1.32199996	0.75098425	0.31040847
1.32299996	0.46410555	0.35885212
1.32399996	0.06173105	0.37629184
1.32499996	-0.39711490	0.35992864
1.32599996	-0.72462475	0.31616017
1.32699996	-0.87475395	0.25132260
1.32799996	-0.80385703	0.18719243
1.32899996	-0.52057701	0.13327387
1.32999996	-0.13558070	0.10706816
1.33099996	0.29475272	0.11251231
1.33199996	0.63505781	0.14736098
1.33299996	0.83356917	0.20610851
1.33399996	0.83126229	0.27334523
1.33499996	0.62973672	0.33938238
1.33599996	0.27417567	0.37453863
1.33699996	-0.18282481	0.37395424
1.33799996	-0.56551427	0.34156618
1.33899996	-0.81911296	0.28158835
1.33999996	-0.85965180	0.21742742
1.34099996	-0.68048722	0.15867987
1.34199996	-0.34771776	0.12090920
1.34299996	0.09052042	0.10999016
1.34399996	0.48089936	0.13019808
1.34499996	0.76537895	0.17805733
1.34599996	0.85826772	0.24234129
1.34699996	0.74507874	0.31382260
1.34799996	0.46315205	0.36054379
1.34899996	0.05582554	0.37567666
1.34999996	-0.35857528	0.36103591
1.35099996	-0.71998030	0.31862080
1.35199996	-0.87527680	0.25744340
1.35299996	-0.80321109	0.18654650
1.35399996	-0.53964692	0.13398130
1.35499996	-0.12078617	0.10734498
1.35599996	0.29303026	0.11318897
1.35699996	0.64044046	0.15074433
1.35799996	0.82606423	0.20903051
1.35899996	0.82062006	0.27928150
1.35999996	0.62650716	0.33772147
1.36099996	0.27488312	0.37589198
1.36199996	-0.14523868	0.37881398
1.36299996	-0.57261932	0.34608760
1.36399996	-0.82449555	0.29060039
1.36499996	-0.86623400	0.22031865
1.36599996	-0.69306719	0.15911049
1.36699996	-0.32806349	0.11611097
1.36799996	0.08606053	0.10457677
1.36899996	0.48852730	0.12638411
1.36999996	0.75858146	0.17292076
1.37099996	0.85420769	0.23711245
1.37199996	0.75329107	0.30139640
1.37299996	0.47311762	0.35654527
1.37399996	0.07055856	0.37706077
1.37499996	-0.39554626	0.36008242
1.37599996	-0.72308683	0.31616017
1.37699996	-0.86592644	0.25132260
1.37799996	-0.79506028	0.18734621
1.37899996	-0.51900834	0.13404281
1.37999996	-0.13388902	0.10473056
1.38099996	0.30431840	0.10353100
1.38199996	0.64154774	0.13853346
1.38299996	0.82612574	0.20457062
1.38399996	0.82381892	0.27180734
1.38499996	0.63625735	0.33055487
1.38599996	0.28392592	0.36555734
1.38699996	-0.18036418	0.37161663
1.38799996	-0.56628323	0.34233513
1.38899996	-0.81926674	0.28174213
1.38999996	-0.85965180	0.21758120
1.39099996	-0.68048722	0.15944882
1.39199996	-0.34756398	0.11860237
1.39299996	0.09125862	0.10100885
1.39399996	0.47840798	0.12121678
1.39499996	0.75559795	0.17575049
1.39599996	0.85174704	0.24311024
1.39699996	0.75252217	0.31397638
1.39799996	0.47059548	0.36054379
1.39899996	0.04933563	0.37567666
1.39999996	-0.36832553	0.36103591
1.40099996	-0.72244096	0.31862080
1.40199996	-0.87450784	0.25744340
1.40299996	-0.80305731	0.18654650
1.40399996	-0.53964692	0.13398130
1.40499996	-0.12078617	0.10734498
1.40599996	0.29287648	0.11318897
1.40699996	0.63967150	0.15074433
1.40799996	0.82852483	0.20918430
1.40899996	0.83037031	0.28005046
1.40999996	0.63333535	0.33541462
1.41099996	0.26897761	0.36687991
1.41199996	-0.15744956	0.36980191
1.41299996	-0.58483022	0.34378076
1.41399996	-0.83024728	0.29136935
1.41499996	-0.85866755	0.22047244
1.41599996	-0.68565452	0.15911049
1.41699996	-0.33458415	0.11611097
1.41799996	0.07627953	0.10457677
1.41899996	0.48603591	0.12638411
1.41999996	0.75935042	0.17292076
1.42099996	0.85436147	0.23711245
1.42199996	0.75329107	0.30139640
1.42299996	0.47311762	0.35654527
1.42399996	0.07055856	0.37706077
1.42499996	-0.39554626	0.36008242
1.42599996	-0.72308683	0.31616017
1.42699996	-0.86592644	0.25132260
1.42799996	-0.79490650	0.18719243
1.42899996	-0.51823944	0.13327387
1.42999996	-0.13634965	0.10706816
1.43099996	0.29459891	0.11251231
1.43199996	0.63505781	0.14751476
1.43299996	0.83356917	0.20687746
1.43399996	0.83126229	0.27103838
1.43499996	0.62973672	0.33040109
1.43599996	0.27417567	0.36540353
1.43699996	-0.18282481	0.37084767
1.43799996	-0.56551427	0.34464198
1.43899996	-0.81911296	0.29072341
1.43999996	-0.85980558	0.22643946
1.44099996	-0.68125618	0.16101746
1.44199996	-0.34525713	0.12014025
1.44299996	0.10027067	0.10983637
1.44399996	0.48742002	0.13019808
1.44499996	0.75793552	0.17805733
1.44599996	0.85082430	0.24234129
1.44699996	0.75159943	0.31382260
1.44799996	0.47290230	0.36069760
1.44899996	0.05828617	0.37644562
1.44999996	-0.35934424	0.35869834
1.45099996	-0.72013408	0.30963951
1.45199996	-0.87527680	0.24843135
1.45299996	-0.80321109	0.18423967
1.45399996	-0.53980070	0.13475025
1.45499996	-0.12152436	0.10749877
1.45599996	0.29533711	0.11318897
1.45699996	0.64942175	0.15074433
1.45799996	0.83507627	0.20918430
1.45899996	0.82295769	0.28005046
1.45999996	0.62576896	0.33541462
1.46099996	0.27472934	0.36687991
1.46199996	-0.14523868	0.36980191
1.46299996	-0.57261932	0.34378076
1.46399996	-0.82449555	0.29136935
1.46499996	-0.86623400	0.22047244
1.46599996	-0.69306719	0.15911049
1.46699996	-0.32806349	0.11611097
1.46799996	0.08606053	0.10442298
1.46899996	0.48852730	0.12561515
1.46999996	0.75858146	0.17525837
1.47099996	0.85420769	0.24612451
1.47199996	0.75329107	0.31040847
1.47299996	0.47311762	0.35885212
1.47399996	0.07071235	0.37629184
1.47499996	-0.39480808	0.35992864
1.47599996	-0.72539371	0.31616017
1.47699996	-0.87490773	0.25132260
1.47799996	-0.80385703	0.18719243
1.47899996	-0.52057701	0.13327387
1.47999996	-0.13558070	0.10706816
1.48099996	0.29475272	0.11251231
1.48199996	0.63490403	0.14736098
1.48299996	0.83283097	0.20610851
1.48399996	0.83359993	0.27334523
1.48499996	0.63871801	0.33938238
1.48599996	0.28331077	0.37438485
1.48699996	-0.17974901	0.37318528
1.48799996	-0.56843626	0.34402683
1.48899996	-0.82750982	0.29133859
1.48999996	-0.87097073	0.22428642
1.49099996	-0.69177532	0.15277436
1.49199996	-0.35593012	0.10882135
1.49299996	0.08833662	0.09854823
1.49399996	0.48151451	0.12213952
1.49499996	0.76476377	0.17667323
1.49599996	0.86072832	0.24080339
1.49699996	0.75482899	0.30499509
1.49799996	0.46982652	0.35153174
1.49899996	0.04918184	0.37333909
1.49999996	-0.36832553	0.36180487
1.50099996	-0.72244096	0.31880537
1.50199996	-0.87435406	0.25744340
1.50299996	-0.80231917	0.18654650
1.50399996	-0.54195374	0.13398130
1.50499996	-0.12973671	0.10734498
1.50599996	0.28404897	0.11334276
1.50699996	0.63810283	0.15151329
1.50799996	0.82698697	0.20669292
1.50899996	0.82154280	0.27030021
1.50999996	0.62435406	0.32874015
1.51099996	0.26667076	0.37355438
1.51199996	-0.15652682	0.37958291
1.51299996	-0.58390749	0.34624138
1.51399996	-0.83270794	0.29060039
1.51499996	-0.86838704	0.22031865
1.51599996	-0.69229823	0.15911049
1.51699996	-0.32790971	0.11611097
1.51799996	0.08606053	0.10457677
1.51899996	0.48852730	0.12638411
1.51999996	0.75858146	0.17292076
1.52099996	0.85420769	0.23711245
1.52199996	0.75329107	0.30139640
1.52299996	0.47311762	0.35654527
1.52399996	0.07055856	0.37706077
1.52499996	-0.39554626	0.36008242
1.52599996	-0.72308683	0.31616017
1.52699996	-0.86592644	0.25132260
1.52799996	-0.79490650	0.18734621
1.52899996	-0.51823944	0.13404281
1.52999996	-0.13634965	0.10457677
1.53099996	0.29459891	0.10276206
1.53199996	0.63505781	0.14084031
1.53299996	0.83356917	0.21355192
1.53399996	0.83126229	0.28078863
1.53499996	0.62973672	0.33286172
1.53599996	0.27417567	0.36463460
1.53699996	-0.18282481	0.37069389
1.53799996	-0.56551427	0.34479576
1.53899996	-0.81911296	0.29149237
1.53999996	-0.85965180	0.22428642
1.54099996	-0.68048722	0.15277436
1.54199996	-0.34771776	0.10882135
1.54299996	0.09052042	0.09854823
1.54399996	0.48089936	0.12213952
1.54499996	0.76537895	0.17667323
1.54599996	0.85842150	0.24080339
1.54699996	0.74581695	0.30499509
1.54799996	0.46081448	0.35153174
1.54899996	0.04684424	0.37333909
1.54999996	-0.36755660	0.36180487
1.55099996	-0.72228718	0.31880537
1.55199996	-0.87450784	0.25744340
1.55299996	-0.80305731	0.18654650
1.55399996	-0.53964692	0.13398130
1.55499996	-0.12078617	0.10734498
1.55599996	0.29303026	0.11318897
1.55699996	0.64044046	0.15074433
1.55799996	0.82621801	0.20903051
1.55899996	0.82138902	0.27928150
1.55999996	0.62435406	0.33772147
1.56099996	0.26667076	0.37589198
1.56199996	-0.15652682	0.37881398
1.56299996	-0.58390749	0.34608760
1.56399996	-0.83270794	0.29060039
1.56499996	-0.86838704	0.22031865
1.56599996	-0.69229823	0.15911049
1.56699996	-0.32790971	0.11611097
1.56799996	0.08621432	0.10457677
1.56899996	0.48929626	0.12638411
1.56999996	0.75627458	0.17292076
1.57099996	0.84522635	0.23711245
1.57199996	0.74434054	0.30139640
1.57299996	0.47081077	0.35654527
1.57399996	0.07148130	0.37706077
1.57499996	-0.39462352	0.36008242
1.57599996	-0.72539371	0.31631398
1.57699996	-0.87490773	0.25209153
1.57799996	-0.80385703	0.18485482
1.57899996	-0.52057701	0.12429257
1.57999996	-0.13558070	0.09808686
1.58099996	0.29475272	0.11020546
1.58199996	0.63505781	0.14828371
1.58299996	0.83356917	0.20703125
1.58399996	0.83126229	0.27103838
1.58499996	0.62973672	0.33040109
1.58599996	0.27417567	0.36555734
1.58699996	-0.18282481	0.37161663
1.58799996	-0.56551427	0.34233513
1.58899996	-0.81911296	0.28174213
1.58999996	-0.85965180	0.21758120
1.59099996	-0.68048722	0.15944882
1.59199996	-0.34756398	0.11860237
1.59299996	0.09125862	0.10100885
1.59399996	0.47840798	0.12137057
1.59499996	0.75559795	0.17651944
1.59599996	0.85174704	0.24080339
1.59699996	0.75252217	0.30499509
1.59799996	0.47059548	0.35153174
1.59899995	0.04933563	0.37333909
1.59999995	-0.36847934	0.36180487
1.60099995	-0.72320992	0.31880537
1.60199995	-0.87220103	0.25744340
1.60299995	-0.79410678	0.18654650
1.60399995	-0.53066558	0.13398130
1.60499995	-0.11844857	0.10734498
1.60599995	0.29210752	0.11318897
1.60699995	0.63951772	0.15074433
1.60799995	0.82852483	0.20918430
1.60899995	0.83037031	0.28005046
1.60999995	0.63333535	0.33541462
1.61099995	0.26897761	0.36687991
1.61199995	-0.15729576	0.36980191
1.61299995	-0.58406126	0.34378076
1.61399995	-0.83255410	0.29136935
1.61499995	-0.86764884	0.22047244
1.61599995	-0.69463581	0.15911049
1.61699995	-0.33689100	0.11611097
1.61799995	0.07720226	0.10442298
1.61899995	0.48695865	0.12561515
1.61999995	0.75701278	0.17525837
1.62099995	0.84538019	0.24612451
1.62199995	0.74434054	0.31040847
1.62299995	0.47081077	0.35885212
1.62399995	0.07148130	0.37629184
1.62499995	-0.39462352	0.35992864
1.62599995	-0.72523993	0.31616017
1.62699995	-0.87413877	0.25132260
1.62799995	-0.80634844	0.18719243
1.62899995	-0.53032726	0.13327387
1.62999995	-0.14225517	0.10706816
1.63099995	0.30139640	0.11251231
1.63199995	0.64477730	0.14736098
1.63299995	0.83606052	0.20610851
1.63399995	0.83049333	0.27334523
1.63499995	0.62958294	0.33938238
1.63599995	0.27417567	0.37438485
1.63699995	-0.18282481	0.37318528
1.63799995	-0.56551427	0.34387302
1.63899995	-0.81911296	0.29056963
1.63999995	-0.85965180	0.22659326
1.64099995	-0.68048722	0.16175567
1.64199995	-0.34756398	0.11783341
1.64299995	0.09125862	0.10085507
1.64399995	0.47856176	0.12121678
1.64499995	0.75636685	0.17575049
1.64599995	0.84940946	0.24311024
1.64699995	0.74351007	0.31397638
1.64799995	0.46158341	0.36054379
1.64899995	0.04699803	0.37567666
1.64999995	-0.36755660	0.36103591
1.65099995	-0.72228718	0.31862080
1.65199995	-0.87450784	0.25744340
1.65299995	-0.80305731	0.18654650
1.65399995	-0.53964692	0.13398130
1.65499995	-0.12078617	0.10734498
1.65599995	0.29303026	0.11318897
1.65699995	0.64044046	0.15074433
1.65799995	0.82606423	0.20918430
1.65899995	0.82062006	0.28005046
1.65999995	0.62650716	0.33541462
1.66099995	0.27488312	0.36687991
1.66199995	-0.14523868	0.36980191
1.66299995	-0.57261932	0.34378076
1.66399995	-0.82449555	0.29136935
1.66499995	-0.86623400	0.22047244
1.66599995	-0.69306719	0.15911049
1.66699995	-0.32806349	0.11611097
1.66799995	0.08621432	0.10442298
1.66899995	0.48929626	0.12561515
1.66999995	0.75627458	0.17525837
1.67099995	0.84522635	0.24612451
1.67199995	0.74434054	0.31040847
1.67299995	0.47081077	0.35885212
1.67399995	0.07148130	0.37629184
1.67499995	-0.39462352	0.35992864
1.67599995	-0.72539371	0.31616017
1.67699995	-0.87490773	0.25132260
1.67799995	-0.80385703	0.18734621
1.67899995	-0.52057701	0.13404281
1.67999995	-0.13542692	0.10457677
1.68099995	0.29552165	0.10276206
1.68199995	0.63272023	0.14084031
1.68299995	0.82458782	0.21355192
1.68399995	0.82228100	0.28078863
1.68499995	0.62739909	0.33286172
1.68599995	0.27509841	0.36463460
1.68699995	-0.18190207	0.37069389
1.68799995	-0.56782109	0.34479576
1.68899995	-0.82812500	0.29149237
1.68999995	-0.86863309	0.22428642
1.69099995	-0.68279403	0.15277436
1.69199995	-0.34679502	0.10882135
1.69299995	0.09144316	0.09854823
1.69399995	0.47840798	0.12198573
1.69499995	0.75559795	0.17590427
1.69599995	0.85174704	0.24311024
1.69699995	0.75252217	0.31397638
1.69799995	0.47059548	0.36054379
1.69899995	0.04933563	0.37567666
1.69999995	-0.36847934	0.36103591
1.70099995	-0.72320992	0.31862080
1.70199995	-0.87220103	0.25744340
1.70299995	-0.79410678	0.18654650
1.70399995	-0.53066558	0.13398130
1.70499995	-0.11844857	0.10734498
1.70599995	0.29210752	0.11318897
1.70699995	0.63951772	0.15074433
1.70799995	0.82852483	0.20918430
1.70899995	0.83037031	0.28005046
1.70999995	0.63318157	0.33541462
1.71099995	0.26820865	0.36687991
1.71199995	-0.15498893	0.36980191
1.71299995	-0.57507998	0.34378076
1.71399995	-0.82357281	0.29136935
1.71499995	-0.86531126	0.22047244
1.71599995	-0.69540477	0.15911049
1.71699995	-0.33704478	0.11611097
1.71799995	0.07704847	0.10442298
1.71899995	0.48618972	0.12561515
1.71999995	0.75935042	0.17525837
1.72099995	0.85436147	0.24612451
1.72199995	0.75329107	0.31040847
1.72299995	0.47311762	0.35885212
1.72399995	0.07071235	0.37629184
1.72499995	-0.39480808	0.35992864
1.72599995	-0.72539371	0.31616017
1.72699995	-0.87490773	0.25132260
1.72799995	-0.80385703	0.18719243
1.72899995	-0.52057701	0.13327387
1.72999995	-0.13558070	0.10706816
1.73099995	0.29475272	0.11251231
1.73199995	0.63505781	0.14751476
1.73299995	0.83356917	0.20687746
1.73399995	0.83126229	0.27103838
1.73499995	0.62973672	0.33040109
1.73599995	0.27417567	0.36555734
1.73699995	-0.18282481	0.37161663
1.73799995	-0.56551427	0.34248891
1.73899995	-0.81911296	0.28251109
1.73999995	-0.85965180	0.21527436
1.74099995	-0.68048722	0.15043676
1.74199995	-0.34771776	0.10959031
1.74299995	0.09052042	0.09870202
1.74399995	0.48074558	0.12213952
1.74499995	0.76460999	0.17667323
1.74599995	0.86072832	0.24080339
1.74699995	0.75482899	0.30499509
1.74799995	0.46982652	0.35153174
1.74899995	0.04918184	0.37333909
1.74999995	-0.36832553	0.36180487
1.75099995	-0.72244096	0.31880537
1.75199995	-0.87450784	0.25744340
1.75299995	-0.80305731	0.18654650
1.75399995	-0.53964692	0.13398130
1.75499995	-0.12078617	0.10734498
1.75599995	0.29303026	0.11318897
1.75699995	0.64044046	0.15074433
1.75799995	0.82606423	0.20903051
1.75899995	0.82062006	0.27928150
1.75999995	0.62650716	0.33772147
1.76099995	0.27488312	0.37589198
1.76199995	-0.14523868	0.37881398
1.76299995	-0.57261932	0.34608760
1.76399995	-0.82449555	0.29060039
1.76499995	-0.86623400	0.22031865
1.76599995	-0.69306719	0.15911049
1.76699995	-0.32806349	0.11611097
1.76799995	0.08606053	0.10457677
1.76899995	0.48852730	0.12638411
1.76999995	0.75858146	0.17292076
1.77099995	0.85420769	0.23711245
1.77199995	0.75329107	0.30139640
1.77299995	0.47311762	0.35654527
1.77399995	0.07071235	0.37706077
1.77499995	-0.39480808	0.36008242
1.77599995	-0.72539371	0.31616017
1.77699995	-0.87490773	0.25132260
1.77799995	-0.80385703	0.18719243
1.77899995	-0.52057701	0.13327387
1.77999995	-0.13542692	0.10706816
1.78099995	0.29552165	0.11251231
1.78199995	0.63256645	0.14751476
1.78299995	0.82381892	0.20687746
1.78399995	0.82458782	0.27103838
1.78499995	0.63641119	0.33040109
1.78599995	0.28392592	0.36555734
1.78699995	-0.18036418	0.37161663
1.78799995	-0.56628323	0.34233513
1.78899995	-0.81926674	0.28174213
1.78999995	-0.85965180	0.21758120
1.79099995	-0.68048722	0.15944882
1.79199995	-0.34771776	0.11860237
1.79299995	0.09052042	0.10100885
1.79399995	0.48074558	0.12121678
1.79499995	0.76460999	0.17575049
1.79599995	0.86072832	0.24311024
1.79699995	0.75482899	0.31397638
1.79799995	0.46982652	0.36054379
1.79899995	0.04918184	0.37567666
1.79999995	-0.36832553	0.36103591
1.80099995	-0.72244096	0.31862080
1.80199995	-0.87450784	0.25759721
1.80299995	-0.80305731	0.18731545
1.80399995	-0.53964692	0.13167445
1.80499995	-0.12078617	0.09833292
1.80599995	0.29287648	0.10420768
1.80699995	0.63967150	0.14840674
1.80799995	0.82852483	0.20976870
1.80899995	0.83037031	0.27946603
1.80999995	0.63333535	0.33772147
1.81099995	0.26897761	0.37589198
1.81199995	-0.15744956	0.37881398
1.81299995	-0.58483022	0.34608760
1.81399995	-0.83024728	0.29060039
1.81499995	-0.85866755	0.22031865
1.81599995	-0.68565452	0.15911049
1.81699995	-0.33458415	0.11611097
1.81799995	0.07627953	0.10442298
1.81899995	0.48603591	0.12561515
1.81999995	0.75950420	0.17525837
1.82099995	0.85513043	0.24612451
1.82199995	0.75098425	0.31040847
1.82299995	0.46410555	0.35885212
1.82399995	0.06173105	0.37629184
1.82499995	-0.39711490	0.35992864
1.82599995	-0.72462475	0.31616017
1.82699995	-0.87475395	0.25132260
1.82799995	-0.80385703	0.18719243
1.82899995	-0.52057701	0.13327387
1.82999995	-0.13558070	0.10706816
1.83099995	0.29475272	0.11251231
1.83199995	0.63505781	0.14751476
1.83299995	0.83356917	0.20687746
1.83399995	0.83126229	0.27103838
1.83499995	0.62973672	0.33040109
1.83599995	0.27417567	0.36555734
1.83699995	-0.18282481	0.37161663
1.83799995	-0.56551427	0.34233513
1.83899995	-0.81911296	0.28174213
1.83999995	-0.85965180	0.21758120
1.84099995	-0.68048722	0.15944882
1.84199995	-0.34771776	0.11860237
1.84299995	0.09052042	0.10100885
1.84399995	0.48074558	0.12137057
1.84499995	0.76460999	0.17651944
1.84599995	0.86072832	0.24080339
1.84699995	0.75482899	0.30499509
1.84799995	0.46982652	0.35153174
1.84899995	0.04918184	0.37333909
1.84999995	-0.36832553	0.36180487
1.85099995	-0.72244096	0.31880537
1.85199995	-0.87450784	0.25759721
1.85299995	-0.80305731	0.18731545
1.85399995	-0.53964692	0.13167445
1.85499995	-0.12078617	0.09833292
1.85599995	0.29303026	0.10420768
1.85699995	0.64044046	0.14840674
1.85799995	0.82621801	0.20976870
1.85899995	0.82138902	0.27946603
1.85999995	0.62420028	0.33772147
1.86099995	0.26590183	0.37589198
1.86199995	-0.15421999	0.37881398
1.86299995	-0.57492620	0.34608760
1.86399995	-0.82372659	0.29060039
1.86499995	-0.86608022	0.22031865
1.86599995	-0.69306719	0.15911049
1.86699995	-0.32806349	0.11611097
1.86799995	0.08606053	0.10457677
1.86899995	0.48852730	0.12638411
1.86999995	0.75858146	0.17292076
1.87099995	0.85420769	0.23711245
1.87199995	0.75329107	0.30139640
1.87299995	0.47311762	0.35654527
1.87399995	0.07071235	0.37706077
1.87499995	-0.39480808	0.36008242
1.87599995	-0.72539371	0.31616017
1.87699995	-0.87490773	0.25132260
1.87799995	-0.80385703	0.18734621
1.87899995	-0.52057701	0.13404281
1.87999995	-0.13558070	0.10473056
1.88099995	0.29475272	0.10353100
1.88199995	0.63505781	0.13837968
1.88299995	0.83356917	0.20380168
1.88399995	0.83126229	0.27411416
1.88499995	0.62973672	0.33953616
1.88599995	0.27417567	0.37438485
1.88699995	-0.18282481	0.37318528
1.88799995	-0.56551427	0.34402683
1.88899995	-0.81911296	0.29133859
1.88999995	-0.85980558	0.22428642
1.89099995	-0.68125618	0.15277436
1.89199995	-0.34525713	0.10882135
1.89299995	0.10027067	0.09854823
1.89399995	0.48742002	0.12213952
1.89499995	0.75793552	0.17667323
1.89599995	0.85097808	0.24080339
1.89699995	0.75233757	0.30499509
1.89799995	0.47059548	0.35153174
1.89899995	0.04933563	0.37333909
1.89999995	-0.36832553	0.36180487
1.90099995	-0.72244096	0.31880537
1.90199995	-0.87450784	0.25744340
1.90299995	-0.80305731	0.18654650
1.90399995	-0.53980070	0.13398130
1.90499995	-0.12152436	0.10734498
1.90599995	0.29533711	0.11318897
1.90699995	0.64942175	0.15074433
1.90799995	0.83523005	0.20903051
1.90899995	0.82372659	0.27928150
1.90999995	0.62343132	0.33772147
1.91099995	0.26574802	0.37589198
1.91199995	-0.15421999	0.37881398
1.91299995	-0.57492620	0.34608760
1.91399995	-0.82372659	0.29060039
1.91499995	-0.86608022	0.22031865
1.91599995	-0.69306719	0.15911049
1.91699995	-0.32806349	0.11611097
1.91799995	0.08606053	0.10457677
1.91899995	0.48852730	0.12638411
1.91999995	0.75858146	0.17292076
1.92099995	0.85420769	0.23711245
1.92199995	0.75329107	0.30139640
1.92299995	0.47311762	0.35654527
1.92399995	0.07055856	0.37706077
1.92499995	-0.39554626	0.36008242
1.92599995	-0.72308683	0.31631398
1.92699995	-0.86592644	0.25209153
1.92799995	-0.79490650	0.18485482
1.92899995	-0.51823944	0.12429257
1.92999995	-0.13634965	0.09808686
1.93099995	0.29459891	0.11020546
1.93199995	0.63505781	0.14812993
1.93299995	0.83356917	0.20626231
1.93399995	0.83126229	0.27334523
1.93499995	0.62973672	0.33938238
1.93599995	0.27417567	0.37438485
1.93699995	-0.18282481	0.37318528
1.93799995	-0.56551427	0.34387302
1.93899995	-0.81911296	0.29056963
1.93999995	-0.85965180	0.22643946
1.94099995	-0.68048722	0.16101746
1.94199995	-0.34756398	0.12014025
1.94299995	0.09125862	0.10983637
1.94399995	0.47840798	0.13019808
1.94499995	0.75559795	0.17805733
1.94599995	0.85174704	0.24234129
1.94699995	0.75252217	0.31382260
1.94799995	0.47059548	0.36054379
1.94899995	0.04933563	0.37567666
1.94999995	-0.36832553	0.36103591
1.95099995	-0.72244096	0.31862080
1.95199995	-0.87450784	0.25744340
1.95299994	-0.80305731	0.18654650
1.95399994	-0.53980070	0.13398130
1.95499994	-0.12152436	0.10734498
1.95599994	0.29533711	0.11318897
1.95699994	0.64942175	0.15074433
1.95799994	0.83507627	0.20903051
1.95899994	0.82295769	0.27928150
1.95999994	0.62576896	0.33772147
1.96099994	0.27472934	0.37589198
1.96199994	-0.14539246	0.37881398
1.96299994	-0.57338828	0.34608760
1.96399994	-0.82218874	0.29060039
1.96499994	-0.85728347	0.22031865
1.96599994	-0.68411660	0.15911049
1.96699994	-0.32572588	0.11611097
1.96799994	0.08529159	0.10442298
1.96899994	0.48837352	0.12561515
1.96999994	0.75858146	0.17525837
1.97099994	0.85420769	0.24612451
1.97199994	0.75329107	0.31040847
1.97299994	0.47311762	0.35885212
1.97399994	0.07071235	0.37629184
1.97499994	-0.39480808	0.35992864
1.97599994	-0.72539371	0.31631398
1.97699994	-0.87490773	0.25209153
1.97799994	-0.80385703	0.18503937
1.97899994	-0.52057701	0.12506151
1.97999994	-0.13558070	0.09578002
1.98099994	0.29475272	0.10119341
1.98199994	0.63490403	0.13927165
1.98299994	0.83283097	0.20472440
1.98399994	0.83359993	0.27180734
1.98499994	0.63871801	0.33055487
1.98599994	0.28315699	0.36540353
1.98699994	-0.18051796	0.37084767
1.98799994	-0.56628323	0.34479576
1.98899994	-0.81926674	0.29149237
1.98999994	-0.85965180	0.22413263
1.99099994	-0.68048722	0.15200542
1.99199994	-0.34756398	0.11112820
1.99299994	0.09125862	0.10752953
1.99399994	0.47840798	0.13112082
1.99499994	0.75559795	0.17898007
1.99599994	0.85174704	0.24003445
1.99699994	0.75252217	0.30484128
1.99799994	0.47059548	0.35153174
1.99899994	0.04933563	0.37333909
1.99999994	-0.36832553	0.36180487
2.00099994	-0.72244096	0.31880537
2.00199994	-0.87450784	0.25759721
2.00299994	-0.80305731	0.18731545
