Time	Channel A	Channel B
(us)	(V)	(V)

-0.00400000	0.79475272	0.25132260
-0.00300000	0.85285431	0.31616017
-0.00200000	0.71389025	0.35992864
-0.00100000	0.40040600	0.37629184
0.00000000	-0.01387180	0.35885212
0.00100000	-0.46847317	0.31040847
0.00200000	-0.76962352	0.24612451
0.00300000	-0.87493849	0.17525837
0.00400000	-0.76617867	0.12561515
0.00500000	-0.45749262	0.10442298
0.00600000	-0.05785556	0.11626476
0.00700000	0.37432334	0.15987943
0.00800000	0.69137549	0.21801181
0.00900000	0.84507257	0.28161910
0.01000000	0.80179626	0.33710629
0.01100000	0.56880534	0.37650713
0.01200000	0.19583538	0.37666091
0.01300000	-0.26181102	0.33787525
0.01400000	-0.62413877	0.27928150
0.01500000	-0.83962846	0.20903051
0.01600000	-0.83916706	0.15074433
0.01700000	-0.62186271	0.11318897
0.01800000	-0.26876229	0.10734498
0.01900000	0.16886073	0.13398130
0.02000000	0.54152310	0.18654650
0.02100000	0.79330707	0.25744340
0.02200000	0.85168552	0.31880537
0.02300000	0.70826155	0.36180487
0.02400000	0.39693037	0.37333909
0.02500000	-0.03521777	0.35153174
0.02600000	-0.44100639	0.30499509
0.02700000	-0.76184177	0.24080339
0.02800000	-0.87601501	0.17651944
0.02900000	-0.76765501	0.12137057
0.03000000	-0.47508612	0.10100885
0.03100000	-0.03927780	0.11860237
0.03200000	0.36866388	0.15944882
0.03300000	0.68820745	0.21758120
0.03400000	0.83904403	0.28158835
0.03500000	0.79730558	0.34156618
0.03600000	0.56822097	0.37395424
0.03700000	0.18811515	0.37453863
0.03800000	-0.23508243	0.33938238
0.03900000	-0.64004058	0.27334523
0.04000000	-0.85663754	0.20610851
0.04100000	-0.85482281	0.14736098
0.04200000	-0.64683807	0.11251231
0.04300000	-0.26125738	0.10706816
0.04400000	0.15871063	0.13312007
0.04500000	0.55151945	0.18642348
0.04600000	0.79244584	0.25362942
0.04700000	0.84387302	0.32514149
0.04800000	0.70493972	0.36894071
0.04900000	0.39806840	0.37859866
0.05000000	-0.01310285	0.35808316
0.05100000	-0.46831939	0.31025466
0.05200000	-0.76980805	0.24612451
0.05300000	-0.87570745	0.17525837
0.05400000	-0.76371801	0.12561515
0.05500000	-0.44771162	0.10442298
0.05600000	-0.05118110	0.11626476
0.05700000	0.36764887	0.15987943
0.05800000	0.68144071	0.21801181
0.05900000	0.84184301	0.28161910
0.06000000	0.80502582	0.33710629
0.06100000	0.57870942	0.37650713
0.06200000	0.20266363	0.37666091
0.06300000	-0.26768577	0.33787525
0.06400000	-0.63619584	0.27928150
0.06500000	-0.85107034	0.20903051
0.06600000	-0.84737945	0.15074433
0.06700000	-0.62401575	0.11318897
0.06800000	-0.26799336	0.10734498
0.06900000	0.16901451	0.13398130
0.07000000	0.54136932	0.18654650
0.07100000	0.79253817	0.25744340
0.07200000	0.85402310	0.31880537
0.07300000	0.71724284	0.36180487
0.07400000	0.40591165	0.37333909
0.07500000	-0.03291092	0.35153174
0.07600000	-0.44192913	0.30499509
0.07700000	-0.76276451	0.24080339
0.07800000	-0.87355435	0.17651944
0.07900000	-0.75790477	0.12137057
0.08000000	-0.46859622	0.10085507
0.08100000	-0.04672121	0.11783341
0.08200000	0.36106667	0.16175567
0.08300000	0.69398993	0.22659326
0.08400000	0.85110110	0.29056963
0.08500000	0.80874753	0.34387302
0.08600000	0.57643330	0.37318528
0.08700000	0.19026820	0.37438485
0.08800000	-0.23597440	0.33938238
0.08900000	-0.64096332	0.27334523
0.09000000	-0.85433072	0.20610851
0.09100000	-0.84584153	0.14736098
0.09200000	-0.63785678	0.11235851
0.09300000	-0.25891978	0.10629921
0.09400000	0.15778789	0.13558070
0.09500000	0.55059671	0.19617371
0.09600000	0.79475272	0.26033464
0.09700000	0.85285431	0.31846702
0.09800000	0.71389025	0.35915971
0.09900000	0.40040600	0.37613803
0.10000000	-0.01387180	0.35885212
0.10100000	-0.46847317	0.31040847
0.10200000	-0.76962352	0.24612451
0.10300000	-0.87493849	0.17525837
0.10400000	-0.76602483	0.12561515
0.10500000	-0.45672366	0.10442298
0.10600000	-0.06019316	0.11626476
0.10700000	0.36531126	0.15987943
0.10800000	0.68236345	0.21801181
0.10900000	0.84276575	0.28161910
0.11000000	0.80256522	0.33710629
0.11100000	0.56895918	0.37650713
0.11200000	0.19583538	0.37666091
0.11300000	-0.26181102	0.33787525
0.11400000	-0.62398499	0.27928150
0.11500000	-0.83885950	0.20903051
0.11600000	-0.84147394	0.15074433
0.11700000	-0.63081324	0.11318897
0.11800000	-0.27771285	0.10734498
0.11900000	0.16655388	0.13398130
0.12000000	0.54229206	0.18654650
0.12100000	0.79346085	0.25744340
0.12200000	0.85168552	0.31862080
0.12300000	0.70826155	0.36103591
0.12400000	0.39693037	0.37567666
0.12500000	-0.03521777	0.36054379
0.12600000	-0.44100639	0.31397638
0.12700000	-0.76184177	0.24311024
0.12800000	-0.87601501	0.17590427
0.12900000	-0.76765501	0.12198573
0.13000000	-0.47523990	0.09854823
0.13100000	-0.04004675	0.10882135
0.13200000	0.37100148	0.15277436
0.13300000	0.69721949	0.22428642
0.13400000	0.84787154	0.29149237
0.13500000	0.79884350	0.34479576
0.13600000	0.56975883	0.37084767
0.13700000	0.19697343	0.36540353
0.13800000	-0.22622417	0.33040109
0.13900000	-0.63850272	0.27103838
0.14000000	-0.85525346	0.20687746
0.14100000	-0.84676427	0.14751476
0.14200000	-0.63539618	0.11251231
0.14300000	-0.24920030	0.10706816
0.14400000	0.16461614	0.13327387
0.14500000	0.54469121	0.18719243
0.14600000	0.78269559	0.25132260
0.14700000	0.84141243	0.31616017
0.14800000	0.70567793	0.35992864
0.14900000	0.39825296	0.37629184
0.15000000	-0.01310285	0.35885212
0.15100000	-0.46831939	0.31040847
0.15200000	-0.76980805	0.24612451
0.15300000	-0.87570745	0.17525837
0.15400000	-0.76371801	0.12561515
0.15500000	-0.44771162	0.10442298
0.15600000	-0.05118110	0.11611097
0.15700000	0.36764887	0.15911049
0.15800000	0.68144071	0.22031865
0.15900000	0.84184301	0.29060039
0.16000000	0.80487204	0.34608760
0.16100000	0.57794046	0.37881398
0.16200000	0.20497048	0.37589198
0.16300000	-0.25873524	0.33772147
0.16400000	-0.62709153	0.27928150
0.16500000	-0.84799457	0.20903051
0.16600000	-0.85045522	0.15074433
0.16700000	-0.63315082	0.11318897
0.16800000	-0.27694389	0.10734498
0.16900000	0.16670768	0.13398130
0.17000000	0.54213828	0.18654650
0.17100000	0.79269195	0.25744340
0.17200000	0.85417694	0.31880537
0.17300000	0.71801180	0.36180487
0.17400000	0.40357405	0.37333909
0.17500000	-0.04192298	0.35153174
0.17600000	-0.45094118	0.30499509
0.17700000	-0.76510209	0.24080339
0.17800000	-0.87278545	0.17667323
0.17900000	-0.75775099	0.12213952
0.18000000	-0.46859622	0.09854823
0.18100000	-0.04672121	0.10882135
0.18200000	0.36122048	0.15277436
0.18300000	0.69472808	0.22428642
0.18400000	0.84879428	0.29133859
0.18499999	0.79976624	0.34402683
0.18599999	0.56729823	0.37318528
0.18699999	0.18719243	0.37438485
0.18799999	-0.23289862	0.33953616
0.18899999	-0.63182825	0.27411416
0.18999999	-0.84553397	0.20380168
0.19099999	-0.84430367	0.13837968
0.19199999	-0.63631892	0.10353100
0.19299999	-0.25012302	0.10473056
0.19399999	0.16692299	0.13404281
0.19499999	0.55367249	0.18734621
0.19599999	0.79167694	0.25132260
0.19699999	0.84371924	0.31616017
0.19799999	0.70493972	0.35992864
0.19899999	0.39806840	0.37629184
0.19999999	-0.01310285	0.35885212
0.20099999	-0.46831939	0.31040847
0.20199999	-0.76962352	0.24612451
0.20299999	-0.87493849	0.17525837
0.20399999	-0.76617867	0.12561515
0.20499999	-0.45749262	0.10442298
0.20599999	-0.05785556	0.11611097
0.20699999	0.37432334	0.15911049
0.20799999	0.69137549	0.22047244
0.20899999	0.84507257	0.29136935
0.20999999	0.80179626	0.34378076
0.21099999	0.56880534	0.36980191
0.21199999	0.19598918	0.36687991
0.21299999	-0.26104209	0.33541462
0.21399999	-0.62632257	0.28005046
0.21499999	-0.84784079	0.20918430
0.21599999	-0.85045522	0.15074433
0.21699999	-0.63315082	0.11318897
0.21799999	-0.27694389	0.10734498
0.21899999	0.16670768	0.13398130
0.21999999	0.54229206	0.18639271
0.22099999	0.79346085	0.25667447
0.22199999	0.85168552	0.32111222
0.22299999	0.70826155	0.37078616
0.22399999	0.39693037	0.38235113
0.22499999	-0.03521777	0.35386935
0.22599999	-0.44100639	0.30422613
0.22699999	-0.76184177	0.24064961
0.22799999	-0.87586123	0.17651944
0.22899999	-0.76688606	0.12137057
0.22999999	-0.47742373	0.10085507
0.23099999	-0.04825911	0.11783341
0.23199999	0.35968259	0.16175567
0.23299999	0.68590057	0.22659326
0.23399999	0.83981299	0.29056963
0.23499999	0.79745942	0.34387302
0.23599999	0.56822097	0.37318528
0.23699999	0.18811515	0.37438485
0.23799999	-0.23523621	0.33938238
0.23899999	-0.64080954	0.27334523
0.23999999	-0.85448450	0.20610851
0.24099999	-0.84661049	0.14736098
0.24199999	-0.63554996	0.11251231
0.24299999	-0.24996924	0.10706816
0.24399999	0.16692299	0.13327387
0.24499999	0.55367249	0.18719243
0.24599999	0.79167694	0.25132260
0.24699999	0.84371924	0.31616017
0.24799999	0.70493972	0.35992864
0.24899999	0.39806840	0.37629184
0.24999999	-0.01310285	0.35885212
0.25099999	-0.46831939	0.31040847
0.25199999	-0.76962352	0.24612451
0.25299999	-0.87493849	0.17525837
0.25399999	-0.76602483	0.12561515
0.25499999	-0.45672366	0.10442298
0.25599999	-0.06019316	0.11611097
0.25699999	0.36531126	0.15911049
0.25799999	0.68220967	0.22031865
0.25899999	0.84199679	0.29060039
0.25999999	0.80502582	0.34608760
0.26099999	0.57870942	0.37881398
0.26199999	0.20266363	0.37589198
0.26299999	-0.26768577	0.33772147
0.26399999	-0.63619584	0.27928150
0.26499999	-0.85107034	0.20903051
0.26599999	-0.84737945	0.15074433
0.26699999	-0.62401575	0.11318897
0.26799999	-0.26799336	0.10734498
0.26899999	0.16901451	0.13398130
0.26999999	0.54152310	0.18639271
0.27099999	0.79330707	0.25667447
0.27199999	0.85183930	0.32111222
0.27299999	0.70903051	0.37078616
0.27399999	0.39462352	0.38235113
0.27499999	-0.04422982	0.35386935
0.27599999	-0.45001847	0.30422613
0.27699999	-0.76417935	0.24064961
0.27799999	-0.87509227	0.17651944
0.27899999	-0.76673228	0.12137057
0.27999999	-0.47742373	0.10100885
0.28099999	-0.04825911	0.11860237
0.28199999	0.35952878	0.15929502
0.28299999	0.68513167	0.21684301
0.28399999	0.84211981	0.28404897
0.28499999	0.80640996	0.35128567
0.28599999	0.57720226	0.38059792
0.28699999	0.19042200	0.36786416
0.28799999	-0.23597440	0.32963213
0.28899999	-0.64096332	0.27088460
0.28999999	-0.85433072	0.20687746
0.29099999	-0.84584153	0.14751476
0.29199999	-0.63785678	0.11251231
0.29299999	-0.25891978	0.10706816
0.29399999	0.15778789	0.13312007
0.29499999	0.55059671	0.18642348
0.29599999	0.79475272	0.25362942
0.29699999	0.85285431	0.32514149
0.29799999	0.71389025	0.36894071
0.29899999	0.40040600	0.37859866
0.29999999	-0.01387180	0.35808316
0.30099999	-0.46847317	0.31025466
0.30199999	-0.76962352	0.24612451
0.30299999	-0.87493849	0.17525837
0.30399999	-0.76602483	0.12561515
0.30499999	-0.45672366	0.10442298
0.30599999	-0.06019316	0.11611097
0.30699999	0.36531126	0.15911049
0.30799999	0.68220967	0.22047244
0.30899999	0.84199679	0.29136935
0.30999999	0.80487204	0.34378076
0.31099999	0.57794046	0.36980191
0.31199999	0.20497048	0.36687991
0.31299999	-0.25873524	0.33541462
0.31399999	-0.62724531	0.28005046
0.31499999	-0.84876353	0.20918430
0.31599999	-0.84814835	0.15074433
0.31699999	-0.62416953	0.11318897
0.31799999	-0.26799336	0.10734498
0.31899999	0.16901451	0.13398130
0.31999999	0.54152310	0.18654650
0.32099999	0.79330707	0.25744340
0.32199999	0.85168552	0.31880537
0.32299999	0.70826155	0.36180487
0.32399999	0.39693037	0.37333909
0.32499999	-0.03521777	0.35153174
0.32599999	-0.44100639	0.30499509
0.32699999	-0.76184177	0.24080339
0.32799999	-0.87601501	0.17651944
0.32899999	-0.76765501	0.12137057
0.32999999	-0.47523990	0.10085507
0.33099999	-0.04004675	0.11783341
0.33199999	0.37100148	0.16175567
0.33299999	0.69721949	0.22659326
0.33399999	0.84802532	0.29056963
0.33499999	0.79961246	0.34387302
0.33599999	0.56729823	0.37318528
0.33699999	0.18719243	0.37438485
0.33799999	-0.23274483	0.33938238
0.33899999	-0.63105929	0.27334523
0.33999999	-0.84784079	0.20610851
0.34099999	-0.85328496	0.14736098
0.34199999	-0.64514643	0.11251231
0.34299999	-0.25166091	0.10706816
0.34399999	0.16535433	0.13312007
0.34499999	0.54484499	0.18642348
0.34599999	0.78269559	0.25362942
0.34699999	0.84141243	0.32514149
0.34799999	0.70567793	0.36909449
0.34899999	0.39825296	0.37936762
0.34999999	-0.01310285	0.35577634
0.35099999	-0.46831939	0.30124262
0.35199999	-0.76980805	0.23711245
0.35299999	-0.87570745	0.17292076
0.35399999	-0.76371801	0.12638411
0.35499999	-0.44771162	0.10457677
0.35599999	-0.05118110	0.11611097
0.35699999	0.36764887	0.15911049
0.35799999	0.68144071	0.22047244
0.35899999	0.84184301	0.29136935
0.35999999	0.80487204	0.34393454
0.36099999	0.57794046	0.37057087
0.36199999	0.20497048	0.36457309
0.36299999	-0.25873524	0.32640254
0.36399999	-0.62724531	0.27106914
0.36499999	-0.84876353	0.20684670
0.36599999	-0.84814835	0.15151329
0.36699999	-0.62416953	0.11334276
0.36799999	-0.26799336	0.10734498
0.36899999	0.16901451	0.13398130
0.36999999	0.54152310	0.18654650
0.37099999	0.79330707	0.25744340
0.37199999	0.85168552	0.31880537
0.37299999	0.70826155	0.36180487
0.37399999	0.39693037	0.37333909
0.37499999	-0.03521777	0.35153174
0.37599999	-0.44116017	0.30499509
0.37699999	-0.76261073	0.24080339
0.37799999	-0.87355435	0.17651944
0.37899999	-0.75790477	0.12137057
0.37999999	-0.46844241	0.10085507
0.38099999	-0.04595226	0.11783341
0.38199999	0.35875985	0.16175567
0.38299999	0.68497783	0.22659326
0.38399999	0.84211981	0.29056963
0.38499999	0.80640996	0.34387302
0.38599999	0.57704848	0.37318528
0.38699999	0.18968381	0.37438485
0.38799999	-0.23366757	0.33938238
0.38899999	-0.63198203	0.27334523
0.38999999	-0.84538019	0.20610851
0.39099999	-0.84353471	0.14736098
0.39199999	-0.63847196	0.11235851
0.39299999	-0.25833538	0.10629921
0.39399999	0.15548106	0.13558070
0.39499999	0.54161543	0.19617371
0.39599999	0.78577143	0.26033464
0.39699999	0.85054749	0.31846702
0.39799999	0.71465921	0.35915971
0.39899999	0.40055978	0.37613803
0.39999999	-0.01387180	0.35885212
0.40099999	-0.46847317	0.31040847
0.40199999	-0.76962352	0.24612451
0.40299999	-0.87493849	0.17525837
0.40399999	-0.76602483	0.12561515
0.40499999	-0.45672366	0.10442298
0.40599999	-0.06019316	0.11611097
0.40699999	0.36531126	0.15911049
0.40799999	0.68220967	0.22047244
0.40899999	0.84199679	0.29136935
0.40999999	0.80487204	0.34378076
0.41099999	0.57794046	0.36980191
0.41199999	0.20481668	0.36687991
0.41299999	-0.25950417	0.33541462
0.41399999	-0.62475395	0.28005046
0.41499999	-0.83901328	0.20918430
0.41599999	-0.84147394	0.15074433
0.41699999	-0.63081324	0.11318897
0.41799999	-0.27771285	0.10734498
0.41899999	0.16655388	0.13398130
0.41999999	0.54229206	0.18654650
0.42099999	0.79346085	0.25744340
0.42199999	0.85168552	0.31880537
0.42299999	0.70826155	0.36180487
0.42399999	0.39693037	0.37333909
0.42499999	-0.03521777	0.35153174
0.42599999	-0.44100639	0.30499509
0.42699999	-0.76184177	0.24080339
0.42799999	-0.87586123	0.17651944
0.42899999	-0.76688606	0.12137057
0.42999999	-0.47742373	0.10100885
0.43099999	-0.04825911	0.11860237
0.43199999	0.35968259	0.15944882
0.43299999	0.68590057	0.21758120
0.43399999	0.83981299	0.28158835
0.43499999	0.79745942	0.34156618
0.43599999	0.56822097	0.37395424
0.43699999	0.18811515	0.37453863
0.43799999	-0.23523621	0.33938238
0.43899999	-0.64080954	0.27334523
0.43999999	-0.85448450	0.20610851
0.44099999	-0.84661049	0.14736098
0.44199999	-0.63554996	0.11251231
0.44299999	-0.24996924	0.10706816
0.44399999	0.16676919	0.13327387
0.44499999	0.55290353	0.18719243
0.44599999	0.79398376	0.25132260
0.44699999	0.85270053	0.31616017
0.44799999	0.71389025	0.35992864
0.44899999	0.40040600	0.37629184
0.44999999	-0.01387180	0.35885212
0.45099999	-0.46847317	0.31040847
0.45199999	-0.76962352	0.24612451
0.45299999	-0.87493849	0.17525837
0.45399999	-0.76602483	0.12561515
0.45499999	-0.45672366	0.10442298
0.45599999	-0.06019316	0.11611097
0.45699999	0.36531126	0.15911049
0.45799999	0.68220967	0.22047244
0.45899999	0.84199679	0.29136935
0.45999999	0.80487204	0.34378076
0.46099999	0.57794046	0.36980191
0.46199999	0.20497048	0.36687991
0.46299999	-0.25873524	0.33541462
0.46399999	-0.62724531	0.28005046
0.46499999	-0.84876353	0.20918430
0.46599999	-0.84814835	0.15074433
0.46699999	-0.62416953	0.11318897
0.46799999	-0.26799336	0.10734498
0.46899999	0.16901451	0.13398130
0.46999999	0.54152310	0.18654650
0.47099999	0.79330707	0.25744340
0.47199999	0.85168552	0.31880537
0.47299999	0.70826155	0.36180487
0.47399999	0.39693037	0.37333909
0.47499999	-0.03521777	0.35153174
0.47599999	-0.44116017	0.30499509
0.47699999	-0.76261073	0.24080339
0.47799999	-0.87370819	0.17667323
0.47899999	-0.75867373	0.12213952
0.47999999	-0.46613559	0.09854823
0.48099999	-0.03697097	0.10882135
0.48199999	0.36774114	0.15277436
0.48299999	0.68728471	0.22428642
0.48399999	0.84135085	0.29133859
0.48499999	0.80625618	0.34402683
0.48599999	0.57720226	0.37318528
0.48699999	0.19042200	0.37438485
0.48799999	-0.23597440	0.33938238
0.48899999	-0.64096332	0.27334523
0.48999999	-0.85433072	0.20610851
0.49099999	-0.84584153	0.14736098
0.49199999	-0.63785678	0.11251231
0.49299999	-0.25891978	0.10706816
0.49399999	0.15778789	0.13327387
0.49499999	0.55059671	0.18719243
0.49599999	0.79475272	0.25132260
0.49699999	0.85285431	0.31616017
0.49799999	0.71389025	0.36008242
0.49899999	0.40040600	0.37706077
0.49999999	-0.01387180	0.35654527
0.50099999	-0.46847317	0.30139640
0.50199999	-0.76962352	0.23711245
0.50299999	-0.87493849	0.17292076
0.50399999	-0.76602483	0.12638411
0.50499999	-0.45672366	0.10457677
0.50599999	-0.06019316	0.11611097
0.50699999	0.36531126	0.15911049
0.50799999	0.68220967	0.22031865
0.50899999	0.84199679	0.29060039
0.50999999	0.80487204	0.34608760
0.51099999	0.57794046	0.37881398
0.51199999	0.20497048	0.37589198
0.51299999	-0.25873524	0.33772147
0.51399999	-0.62709153	0.27928150
0.51499999	-0.84799457	0.20903051
0.51599999	-0.85045522	0.15074433
0.51699999	-0.63315082	0.11318897
0.51799999	-0.27694389	0.10734498
0.51899999	0.16670768	0.13398130
0.51999999	0.54229206	0.18654650
0.52099999	0.79346085	0.25744340
0.52199999	0.85168552	0.31880537
0.52299999	0.70826155	0.36180487
0.52399999	0.39708415	0.37333909
0.52499999	-0.03444882	0.35153174
0.52599999	-0.44349778	0.30499509
0.52699999	-0.77162278	0.24080339
0.52799999	-0.88268948	0.17667323
0.52899999	-0.76101130	0.12213952
0.52999999	-0.46552041	0.09854823
0.53099999	-0.03755536	0.10882135
0.53199999	0.37023252	0.15277436
0.53299999	0.69706571	0.22428642
0.53399999	0.84802532	0.29133859
0.53499999	0.79961246	0.34402683
0.53599999	0.56745201	0.37318528
0.53699999	0.18796137	0.37438485
0.53799999	-0.23523621	0.33938238
0.53899998	-0.64080954	0.27334523
0.53999998	-0.85448450	0.20610851
0.54099998	-0.84661049	0.14736098
0.54199998	-0.63554996	0.11251231
0.54299998	-0.24996924	0.10706816
0.54399998	0.16692299	0.13327387
0.54499998	0.55367249	0.18719243
0.54599998	0.79167694	0.25132260
0.54699998	0.84371924	0.31616017
0.54799998	0.70493972	0.36008242
0.54899998	0.39806840	0.37706077
0.54999998	-0.01310285	0.35654527
0.55099998	-0.46831939	0.30139640
0.55199998	-0.76962352	0.23711245
0.55299998	-0.87493849	0.17292076
0.55399998	-0.76602483	0.12638411
0.55499998	-0.45672366	0.10457677
0.55599998	-0.06019316	0.11611097
0.55699998	0.36531126	0.15911049
0.55799998	0.68220967	0.22031865
0.55899998	0.84199679	0.29060039
0.55999998	0.80487204	0.34608760
0.56099998	0.57794046	0.37881398
0.56199998	0.20497048	0.37589198
0.56299998	-0.25873524	0.33772147
0.56399998	-0.62709153	0.27928150
0.56499998	-0.84799457	0.20903051
0.56599998	-0.85045522	0.15074433
0.56699998	-0.63315082	0.11318897
0.56799998	-0.27694389	0.10734498
0.56899998	0.16670768	0.13398130
0.56999998	0.54213828	0.18654650
0.57099998	0.79269195	0.25744340
0.57199998	0.85402310	0.31862080
0.57299998	0.71724284	0.36103591
0.57399998	0.40591165	0.37567666
0.57499998	-0.03291092	0.36054379
0.57599998	-0.44192913	0.31397638
0.57699998	-0.76276451	0.24311024
0.57799998	-0.87355435	0.17575049
0.57899998	-0.75790477	0.12121678
0.57999998	-0.46844241	0.10085507
0.58099998	-0.04595226	0.11783341
0.58199998	0.35891363	0.16175567
0.58299998	0.68574679	0.22659326
0.58399998	0.83981299	0.29072341
0.58499998	0.79745942	0.34464198
0.58599998	0.56822097	0.37084767
0.58699998	0.18811515	0.36540353
0.58799998	-0.23523621	0.33055487
0.58899998	-0.64080954	0.27180734
0.58999998	-0.85433072	0.20457062
0.59099998	-0.84584153	0.13853346
0.59199998	-0.63770300	0.10353100
0.59299998	-0.25818160	0.10473056
0.59399998	0.15548106	0.13388902
0.59499998	0.54161543	0.18657726
0.59599998	0.78577143	0.25362942
0.59699998	0.85054749	0.32514149
0.59799998	0.71465921	0.36894071
0.59899998	0.40055978	0.37859866
0.59999998	-0.01387180	0.35808316
0.60099998	-0.46847317	0.31025466
0.60199998	-0.76962352	0.24612451
0.60299998	-0.87493849	0.17525837
0.60399998	-0.76602483	0.12561515
0.60499998	-0.45672366	0.10442298
0.60599998	-0.06019316	0.11611097
0.60699998	0.36531126	0.15911049
0.60799998	0.68236345	0.22031865
0.60899998	0.84276575	0.29060039
0.60999998	0.80256522	0.34608760
0.61099998	0.56895918	0.37881398
0.61199998	0.19598918	0.37589198
0.61299998	-0.26104209	0.33772147
0.61399998	-0.62647635	0.27928150
0.61499998	-0.84860975	0.20903051
0.61599998	-0.84814835	0.15074433
0.61699998	-0.62416953	0.11318897
0.61799998	-0.26799336	0.10734498
0.61899998	0.16901451	0.13398130
0.61999998	0.54152310	0.18654650
0.62099998	0.79330707	0.25744340
0.62199998	0.85183930	0.31880537
0.62299998	0.70903051	0.36180487
0.62399998	0.39462352	0.37333909
0.62499998	-0.04422982	0.35153174
0.62599998	-0.45001847	0.30499509
0.62699998	-0.76417935	0.24080339
0.62799998	-0.87509227	0.17651944
0.62899998	-0.76673228	0.12137057
0.62999998	-0.47757751	0.10100885
0.63099998	-0.04902805	0.11860237
0.63199998	0.36198941	0.15944882
0.63299998	0.69488192	0.21758120
0.63399998	0.84879428	0.28158835
0.63499998	0.79976624	0.34156618
0.63599998	0.56745201	0.37395424
0.63699998	0.18796137	0.37453863
0.63799998	-0.23523621	0.33938238
0.63899998	-0.64080954	0.27334523
0.63999998	-0.85448450	0.20610851
0.64099998	-0.84661049	0.14736098
0.64199998	-0.63554996	0.11251231
0.64299998	-0.24996924	0.10706816
0.64399998	0.16692299	0.13312007
0.64499998	0.55367249	0.18642348
0.64599998	0.79167694	0.25362942
0.64699998	0.84371924	0.32514149
0.64799998	0.70493972	0.36909449
0.64899998	0.39806840	0.37936762
0.64999998	-0.01310285	0.35577634
0.65099998	-0.46831939	0.30124262
0.65199998	-0.76962352	0.23711245
0.65299998	-0.87493849	0.17292076
0.65399998	-0.76617867	0.12638411
0.65499998	-0.45749262	0.10457677
0.65599998	-0.05785556	0.11611097
0.65699998	0.37432334	0.15911049
0.65799998	0.69122171	0.22047244
0.65899998	0.84430367	0.29136935
0.65999998	0.80425692	0.34378076
0.66099998	0.57855558	0.36980191
0.66199998	0.20250984	0.36687991
0.66299998	-0.26845473	0.33541462
0.66399998	-0.63388902	0.28020424
0.66499998	-0.84208906	0.20992249
0.66599998	-0.83839810	0.14840674
0.66699998	-0.62170893	0.10420768
0.66799998	-0.26876229	0.09833292
0.66899998	0.16886073	0.13167445
0.66999998	0.54136932	0.18716167
0.67099998	0.79253817	0.25682825
0.67199998	0.85402310	0.32111222
0.67299998	0.71724284	0.37078616
0.67399998	0.40591165	0.38235113
0.67499998	-0.03291092	0.35386935
0.67599998	-0.44192913	0.30422613
0.67699998	-0.76276451	0.24064961
0.67799998	-0.87370819	0.17651944
0.67899998	-0.75867373	0.12137057
0.67999998	-0.46613559	0.10085507
0.68099998	-0.03697097	0.11783341
0.68199998	0.36789492	0.16175567
0.68299998	0.68805367	0.22659326
0.68399998	0.83904403	0.29072341
0.68499998	0.79730558	0.34464198
0.68599998	0.56822097	0.37084767
0.68699998	0.18811515	0.36540353
0.68799998	-0.23523621	0.33040109
0.68899998	-0.64080954	0.27103838
0.68999998	-0.85448450	0.20687746
0.69099998	-0.84661049	0.14751476
0.69199998	-0.63554996	0.11251231
0.69299998	-0.24996924	0.10706816
0.69399998	0.16692299	0.13327387
0.69499998	0.55367249	0.18719243
0.69599998	0.79167694	0.25132260
0.69699998	0.84371924	0.31616017
0.69799998	0.70493972	0.35992864
0.69899998	0.39806840	0.37629184
0.69999998	-0.01310285	0.35885212
0.70099998	-0.46831939	0.31040847
0.70199998	-0.76962352	0.24612451
0.70299998	-0.87493849	0.17525837
0.70399998	-0.76617867	0.12561515
0.70499998	-0.45749262	0.10442298
0.70599998	-0.05785556	0.11611097
0.70699998	0.37432334	0.15911049
0.70799998	0.69137549	0.22031865
0.70899998	0.84507257	0.29060039
0.70999998	0.80195004	0.34608760
0.71099998	0.56957430	0.37881398
0.71199998	0.19352855	0.37589198
0.71299998	-0.27076155	0.33772147
0.71399998	-0.63296628	0.27928150
0.71499998	-0.84116632	0.20903051
0.71599998	-0.84070498	0.15074433
0.71699998	-0.63065946	0.11318897
0.71799998	-0.27771285	0.10734498
0.71899998	0.16655388	0.13398130
0.71999998	0.54229206	0.18654650
0.72099998	0.79346085	0.25744340
0.72199998	0.85168552	0.31862080
0.72299998	0.70826155	0.36103591
0.72399998	0.39693037	0.37567666
0.72499998	-0.03521777	0.36054379
0.72599998	-0.44100639	0.31397638
0.72699998	-0.76184177	0.24311024
0.72799998	-0.87601501	0.17575049
0.72899998	-0.76765501	0.12121678
0.72999998	-0.47523990	0.10085507
0.73099998	-0.04004675	0.11783341
0.73199998	0.37100148	0.16175567
0.73299998	0.69721949	0.22659326
0.73399998	0.84802532	0.29072341
0.73499998	0.79961246	0.34464198
0.73599998	0.56745201	0.37084767
0.73699998	0.18796137	0.36540353
0.73799998	-0.23523621	0.33040109
0.73899998	-0.64080954	0.27103838
0.73999998	-0.85433072	0.20687746
0.74099998	-0.84584153	0.14751476
0.74199998	-0.63770300	0.11251231
0.74299998	-0.25818160	0.10706816
0.74399998	0.15548106	0.13312007
0.74499998	0.54161543	0.18642348
0.74599998	0.78577143	0.25362942
0.74699998	0.85054749	0.32514149
0.74799998	0.71465921	0.36909449
0.74899998	0.40055978	0.37936762
0.74999998	-0.01387180	0.35577634
0.75099998	-0.46847317	0.30124262
0.75199998	-0.76980805	0.23711245
0.75299998	-0.87570745	0.17292076
0.75399998	-0.76371801	0.12638411
0.75499998	-0.44771162	0.10457677
0.75599998	-0.05118110	0.11611097
0.75699998	0.36764887	0.15911049
0.75799998	0.68144071	0.22031865
0.75899998	0.84184301	0.29060039
0.75999998	0.80502582	0.34624138
0.76099998	0.57870942	0.37958291
0.76199998	0.20250984	0.37355438
0.76299998	-0.26845473	0.32874015
0.76399998	-0.63388902	0.27030021
0.76499998	-0.84208906	0.20669292
0.76599998	-0.83839810	0.15151329
0.76699998	-0.62170893	0.11334276
0.76799998	-0.26876229	0.10734498
0.76899998	0.16886073	0.13398130
0.76999998	0.54136932	0.18654650
0.77099998	0.79253817	0.25744340
0.77199998	0.85402310	0.31880537
0.77299998	0.71724284	0.36180487
0.77399998	0.40591165	0.37333909
0.77499998	-0.03291092	0.35153174
0.77599998	-0.44192913	0.30499509
0.77699998	-0.76276451	0.24080339
0.77799998	-0.87355435	0.17667323
0.77899998	-0.75790477	0.12213952
0.77999998	-0.46859622	0.09854823
0.78099998	-0.04672121	0.10882135
0.78199998	0.36106667	0.15262057
0.78299998	0.69398993	0.22351746
0.78399998	0.85110110	0.29364541
0.78499998	0.80874753	0.35300812
0.78599998	0.57643330	0.38213584
0.78699998	0.19026820	0.37672243
0.78799998	-0.23597440	0.33864421
0.78899998	-0.64096332	0.27319142
0.78999998	-0.85448450	0.20610851
0.79099998	-0.84661049	0.14736098
0.79199998	-0.63554996	0.11251231
0.79299998	-0.24996924	0.10706816
0.79399998	0.16676919	0.13327387
0.79499998	0.55290353	0.18719243
0.79599998	0.79398376	0.25132260
0.79699998	0.85270053	0.31616017
0.79799998	0.71389025	0.36008242
0.79899998	0.40040600	0.37706077
0.79999998	-0.01387180	0.35654527
0.80099998	-0.46847317	0.30139640
0.80199998	-0.76962352	0.23711245
0.80299998	-0.87493849	0.17292076
0.80399998	-0.76602483	0.12638411
0.80499998	-0.45672366	0.10457677
0.80599998	-0.06019316	0.11611097
0.80699998	0.36531126	0.15911049
0.80799998	0.68236345	0.22031865
0.80899998	0.84276575	0.29060039
0.80999998	0.80256522	0.34608760
0.81099998	0.56895918	0.37881398
0.81199998	0.19598918	0.37589198
0.81299998	-0.26104209	0.33772147
0.81399998	-0.62647635	0.27928150
0.81499998	-0.84860975	0.20903051
0.81599998	-0.84814835	0.15074433
0.81699998	-0.62416953	0.11318897
0.81799998	-0.26799336	0.10734498
0.81899998	0.16901451	0.13398130
0.81999998	0.54152310	0.18639271
0.82099998	0.79330707	0.25667447
0.82199998	0.85183930	0.32111222
0.82299998	0.70903051	0.37078616
0.82399998	0.39462352	0.38235113
0.82499998	-0.04422982	0.35386935
0.82599998	-0.45001847	0.30422613
0.82699998	-0.76417935	0.24064961
0.82799998	-0.87524605	0.17651944
0.82899998	-0.76750124	0.12137057
0.82999998	-0.47508612	0.10085507
0.83099998	-0.03927780	0.11783341
0.83199998	0.36866388	0.16160187
0.83299998	0.68820745	0.22582431
0.83399998	0.83904403	0.29306102
0.83499998	0.79730558	0.35362327
0.83599998	0.56822097	0.37982899
0.83699998	0.18811515	0.36771038
0.83799998	-0.23523621	0.32963213
0.83899998	-0.64080954	0.27088460
0.83999998	-0.85448450	0.20687746
0.84099998	-0.84661049	0.14751476
0.84199998	-0.63554996	0.11251231
0.84299998	-0.24996924	0.10706816
0.84399998	0.16692299	0.13327387
0.84499998	0.55367249	0.18719243
0.84599998	0.79167694	0.25132260
0.84699998	0.84371924	0.31616017
0.84799998	0.70493972	0.35992864
0.84899998	0.39806840	0.37629184
0.84999998	-0.01310285	0.35885212
0.85099998	-0.46831939	0.31040847
0.85199998	-0.76980805	0.24612451
0.85299998	-0.87570745	0.17525837
0.85399998	-0.76371801	0.12561515
0.85499998	-0.44771162	0.10442298
0.85599998	-0.05118110	0.11611097
0.85699998	0.36764887	0.15911049
0.85799998	0.68144071	0.22047244
0.85899998	0.84184301	0.29136935
0.85999998	0.80502582	0.34378076
0.86099998	0.57870942	0.36980191
0.86199998	0.20266363	0.36687991
0.86299998	-0.26768577	0.33541462
0.86399998	-0.63619584	0.28005046
0.86499998	-0.85107034	0.20918430
0.86599998	-0.84737945	0.15074433
0.86699998	-0.62401575	0.11318897
0.86799998	-0.26799336	0.10734498
0.86899998	0.16901451	0.13398130
0.86999998	0.54152310	0.18639271
0.87099998	0.79330707	0.25667447
0.87199998	0.85168552	0.32111222
0.87299998	0.70826155	0.37078616
0.87399998	0.39693037	0.38235113
0.87499998	-0.03521777	0.35386935
0.87599998	-0.44100639	0.30407235
0.87699998	-0.76184177	0.23988065
0.87799998	-0.87586123	0.17898007
0.87899998	-0.76688606	0.13112082
0.87999998	-0.47742373	0.10768332
0.88099998	-0.04825911	0.11189715
0.88199998	0.35968259	0.14954478
0.88299998	0.68590057	0.21435162
0.88399998	0.83981299	0.28466412
0.88499998	0.79745942	0.35067052
0.88599998	0.56822097	0.38290477
0.88699998	0.18811515	0.37687624
0.88799998	-0.23523621	0.33864421
0.88899998	-0.64080954	0.27319142
0.88999998	-0.85433072	0.20610851
0.89099998	-0.84584153	0.14736098
0.89199997	-0.63785678	0.11251231
0.89299997	-0.25891978	0.10706816
0.89399997	0.15778789	0.13327387
0.89499997	0.55059671	0.18719243
0.89599997	0.79475272	0.25132260
0.89699997	0.85285431	0.31616017
0.89799997	0.71389025	0.35992864
0.89899997	0.40040600	0.37629184
0.89999997	-0.01387180	0.35885212
0.90099997	-0.46847317	0.31040847
0.90199997	-0.76980805	0.24612451
0.90299997	-0.87570745	0.17525837
0.90399997	-0.76371801	0.12561515
0.90499997	-0.44771162	0.10442298
0.90599997	-0.05118110	0.11611097
0.90699997	0.36764887	0.15911049
0.90799997	0.68144071	0.22031865
0.90899997	0.84184301	0.29060039
0.90999997	0.80487204	0.34608760
0.91099997	0.57794046	0.37881398
0.91199997	0.20497048	0.37589198
0.91299997	-0.25873524	0.33772147
0.91399997	-0.62709153	0.27946603
0.91499997	-0.84799457	0.20976870
0.91599997	-0.85045522	0.14840674
0.91699997	-0.63315082	0.10420768
0.91799997	-0.27694389	0.09833292
0.91899997	0.16670768	0.13167445
0.91999997	0.54229206	0.18716167
0.92099997	0.79346085	0.25682825
0.92199997	0.85168552	0.32095841
0.92299997	0.70826155	0.37001723
0.92399997	0.39693037	0.38465798
0.92499997	-0.03521777	0.36285064
0.92599997	-0.44116017	0.31323817
0.92699997	-0.76261073	0.24295644
0.92799997	-0.87370819	0.17575049
0.92899997	-0.75867373	0.12121678
0.92999997	-0.46628937	0.10085507
0.93099997	-0.03770915	0.11783341
0.93199997	0.37023252	0.16175567
0.93299997	0.69706571	0.22659326
0.93399997	0.84802532	0.29072341
0.93499997	0.79961246	0.34464198
0.93599997	0.56745201	0.37084767
0.93699997	0.18796137	0.36540353
0.93799997	-0.23523621	0.33040109
0.93899997	-0.64080954	0.27103838
0.93999997	-0.85448450	0.20687746
0.94099997	-0.84661049	0.14751476
0.94199997	-0.63539618	0.11251231
0.94299997	-0.24920030	0.10706816
0.94399997	0.16461614	0.13327387
0.94499997	0.54469121	0.18719243
0.94599997	0.78269559	0.25132260
0.94699997	0.84141243	0.31616017
0.94799997	0.70567793	0.35992864
0.94899997	0.39825296	0.37629184
0.94999997	-0.01310285	0.35885212
0.95099997	-0.46831939	0.31040847
0.95199997	-0.76962352	0.24612451
0.95299997	-0.87493849	0.17525837
0.95399997	-0.76602483	0.12561515
0.95499997	-0.45672366	0.10442298
0.95599997	-0.06019316	0.11611097
0.95699997	0.36531126	0.15911049
0.95799997	0.68220967	0.22031865
0.95899997	0.84199679	0.29060039
0.95999997	0.80502582	0.34608760
0.96099997	0.57870942	0.37881398
0.96199997	0.20266363	0.37589198
0.96299997	-0.26768577	0.33772147
0.96399997	-0.63619584	0.27928150
0.96499997	-0.85107034	0.20903051
0.96599997	-0.84737945	0.15074433
0.96699997	-0.62401575	0.11318897
0.96799997	-0.26799336	0.10734498
0.96899997	0.16901451	0.13398130
0.96999997	0.54136932	0.18654650
0.97099997	0.79253817	0.25744340
0.97199997	0.85417694	0.31880537
0.97299997	0.71801180	0.36180487
0.97399997	0.40372786	0.37333909
0.97499997	-0.04115403	0.35153174
0.97599997	-0.45324802	0.30499509
0.97699997	-0.77408344	0.24080339
0.97799997	-0.88192052	0.17667323
0.97899997	-0.76085752	0.12213952
0.97999997	-0.46552041	0.09870202
0.98099997	-0.03755536	0.10959031
0.98199997	0.37023252	0.15043676
0.98299997	0.69706571	0.21527436
0.98399997	0.84802532	0.28235728
0.98499997	0.79961246	0.34171999
0.98599997	0.56745201	0.37395424
0.98699997	0.18796137	0.37453863
0.98799997	-0.23523621	0.33938238
0.98899997	-0.64080954	0.27334523
0.98999997	-0.85448450	0.20610851
0.99099997	-0.84661049	0.14736098
0.99199997	-0.63539618	0.11251231
0.99299997	-0.24920030	0.10706816
0.99399997	0.16446236	0.13327387
0.99499997	0.54392225	0.18719243
0.99599997	0.78518701	0.25132260
0.99699997	0.85116267	0.31616017
0.99799997	0.71235234	0.36008242
0.99899997	0.39157850	0.37706077
0.99999997	-0.02282234	0.35654527
1.00099997	-0.47078001	0.30139640
1.00199997	-0.76888531	0.23711245
1.00299997	-0.87478471	0.17292076
1.00399997	-0.76602483	0.12638411
1.00499997	-0.45672366	0.10457677
1.00599997	-0.06019316	0.11611097
1.00699997	0.36531126	0.15911049
1.00799997	0.68220967	0.22031865
1.00899997	0.84199679	0.29060039
1.00999997	0.80502582	0.34608760
1.01099997	0.57870942	0.37881398
1.01199997	0.20266363	0.37589198
1.01299997	-0.26768577	0.33772147
1.01399997	-0.63604206	0.27928150
1.01499997	-0.85033220	0.20903051
1.01599997	-0.84968626	0.15074433
1.01699997	-0.63299704	0.11318897
1.01799997	-0.27694389	0.10734498
1.01899997	0.16670768	0.13398130
1.01999997	0.54229206	0.18654650
1.02099997	0.79346085	0.25744340
1.02199997	0.85168552	0.31880537
1.02299997	0.70826155	0.36180487
1.02399997	0.39693037	0.37333909
1.02499997	-0.03521777	0.35153174
1.02599997	-0.44100639	0.30499509
1.02699997	-0.76184177	0.24080339
1.02799997	-0.87601501	0.17667323
1.02899997	-0.76765501	0.12213952
1.02999997	-0.47523990	0.09854823
1.03099997	-0.04004675	0.10882135
1.03199997	0.37100148	0.15277436
1.03299997	0.69721949	0.22428642
1.03399997	0.84787154	0.29133859
1.03499997	0.79884350	0.34402683
1.03599997	0.56975883	0.37318528
1.03699997	0.19697343	0.37438485
1.03799997	-0.22622417	0.33938238
1.03899997	-0.63850272	0.27334523
1.03999997	-0.85525346	0.20610851
1.04099997	-0.84676427	0.14736098
1.04199997	-0.63554996	0.11251231
1.04299997	-0.24996924	0.10706816
1.04399997	0.16692299	0.13327387
1.04499997	0.55367249	0.18719243
1.04599997	0.79167694	0.25132260
1.04699997	0.84371924	0.31616017
1.04799997	0.70509350	0.36008242
1.04899997	0.39883736	0.37706077
1.04999997	-0.01540969	0.35654527
1.05099997	-0.47730067	0.30139640
1.05199997	-0.77878934	0.23711245
1.05299997	-0.87801427	0.17292076
1.05399997	-0.76310283	0.12638411
1.05499997	-0.44832677	0.10457677
1.05599997	-0.04887426	0.11611097
1.05699997	0.37663016	0.15911049
1.05799997	0.69045275	0.22047244
1.05899997	0.84414983	0.29136935
1.05999997	0.80425692	0.34378076
1.06099997	0.57855558	0.36980191
1.06199997	0.20266363	0.36687991
1.06299997	-0.26768577	0.33541462
1.06399997	-0.63619584	0.28005046
1.06499997	-0.85107034	0.20918430
1.06599997	-0.84737945	0.15074433
1.06699997	-0.62401575	0.11318897
1.06799997	-0.26799336	0.10734498
1.06899997	0.16901451	0.13398130
1.06999997	0.54152310	0.18654650
1.07099997	0.79330707	0.25744340
1.07199997	0.85183930	0.31880537
1.07299997	0.70903051	0.36180487
1.07399997	0.39462352	0.37333909
1.07499997	-0.04422982	0.35153174
1.07599997	-0.45017225	0.30499509
1.07699997	-0.76494831	0.24080339
1.07799997	-0.87293923	0.17667323
1.07899997	-0.75851995	0.12213952
1.07999997	-0.46628937	0.09854823
1.08099997	-0.03770915	0.10882135
1.08199997	0.37007874	0.15277436
1.08299997	0.69629675	0.22428642
1.08399997	0.85036296	0.29133859
1.08499997	0.80859375	0.34402683
1.08599997	0.57643330	0.37318528
1.08699997	0.19026820	0.37438485
1.08799997	-0.23597440	0.33938238
1.08899997	-0.64096332	0.27334523
1.08999997	-0.85433072	0.20626231
1.09099997	-0.84584153	0.14812993
1.09199997	-0.63785678	0.11020546
1.09299997	-0.25891978	0.09808686
1.09399997	0.15778789	0.12429257
1.09499997	0.55059671	0.18485482
1.09599997	0.79490650	0.25209153
1.09699997	0.85362327	0.31631398
1.09799997	0.71158344	0.35992864
1.09899997	0.39142472	0.37629184
1.09999997	-0.02282234	0.35885212
1.10099997	-0.47078001	0.31040847
1.10199997	-0.76888531	0.24612451
1.10299997	-0.87478471	0.17525837
1.10399997	-0.76602483	0.12561515
1.10499997	-0.45672366	0.10442298
1.10599997	-0.06019316	0.11611097
1.10699997	0.36531126	0.15911049
1.10799997	0.68236345	0.22047244
1.10899997	0.84276575	0.29136935
1.10999997	0.80256522	0.34378076
1.11099997	0.56895918	0.36980191
1.11199997	0.19598918	0.36687991
1.11299997	-0.26104209	0.33541462
1.11399997	-0.62632257	0.28005046
1.11499997	-0.84784079	0.20918430
1.11599997	-0.85060900	0.15074433
1.11699997	-0.63391978	0.11318897
1.11799997	-0.27463704	0.10734498
1.11899997	0.17568898	0.13398130
1.11999997	0.55111957	0.18654650
1.12099997	0.79499876	0.25744340
1.12199997	0.85325420	0.31862080
1.12299997	0.71708906	0.36103591
1.12399997	0.40591165	0.37567666
1.12499997	-0.03291092	0.36054379
1.12599997	-0.44192913	0.31382260
1.12699997	-0.76276451	0.24234129
1.12799997	-0.87370819	0.17805733
1.12899997	-0.75867373	0.13019808
1.12999997	-0.46628937	0.10983637
1.13099997	-0.03770915	0.12014025
1.13199997	0.37023252	0.16101746
1.13299997	0.69706571	0.22643946
1.13399997	0.84802532	0.29056963
1.13499997	0.79961246	0.34387302
1.13599997	0.56745201	0.37318528
1.13699997	0.18796137	0.37438485
1.13799997	-0.23523621	0.33938238
1.13899997	-0.64080954	0.27334523
1.13999997	-0.85433072	0.20610851
1.14099997	-0.84584153	0.14736098
1.14199997	-0.63785678	0.11235851
1.14299997	-0.25891978	0.10629921
1.14399997	0.15778789	0.13558070
1.14499997	0.55059671	0.19617371
1.14599997	0.79475272	0.26033464
1.14699997	0.85285431	0.31846702
1.14799997	0.71389025	0.35931349
1.14899997	0.40040600	0.37690699
1.14999997	-0.01387180	0.35654527
1.15099997	-0.46847317	0.30139640
1.15199997	-0.76962352	0.23711245
1.15299997	-0.87493849	0.17292076
1.15399997	-0.76617867	0.12638411
1.15499997	-0.45749262	0.10457677
1.15599997	-0.05785556	0.11611097
1.15699997	0.37432334	0.15911049
1.15799997	0.69122171	0.22047244
1.15899997	0.84430367	0.29136935
1.15999997	0.80425692	0.34378076
1.16099997	0.57855558	0.36980191
1.16199997	0.20250984	0.36687991
1.16299997	-0.26845473	0.33541462
1.16399997	-0.63388902	0.28005046
1.16499997	-0.84208906	0.20918430
1.16599997	-0.83839810	0.15074433
1.16699997	-0.62170893	0.11318897
1.16799997	-0.26876229	0.10734498
1.16899997	0.16886073	0.13398130
1.16999997	0.54136932	0.18654650
1.17099997	0.79253817	0.25744340
1.17199997	0.85417694	0.31880537
1.17299997	0.71801180	0.36180487
1.17399997	0.40357405	0.37333909
1.17499997	-0.04192298	0.35153174
1.17599997	-0.45094118	0.30499509
1.17699997	-0.76510209	0.24080339
1.17799997	-0.87278545	0.17651944
1.17899997	-0.75775099	0.12137057
1.17999997	-0.46844241	0.10085507
1.18099997	-0.04595226	0.11783341
1.18199997	0.35891363	0.16175567
1.18299997	0.68574679	0.22659326
1.18399997	0.83981299	0.29072341
1.18499997	0.79745942	0.34464198
1.18599997	0.56822097	0.37084767
1.18699997	0.18811515	0.36540353
1.18799997	-0.23523621	0.33040109
1.18899997	-0.64080954	0.27103838
1.18999997	-0.85448450	0.20687746
1.19099997	-0.84661049	0.14751476
1.19199997	-0.63539618	0.11251231
1.19299997	-0.24920030	0.10706816
1.19399997	0.16461614	0.13327387
1.19499997	0.54469121	0.18719243
1.19599997	0.78269559	0.25132260
1.19699997	0.84141243	0.31616017
1.19799997	0.70567793	0.35992864
1.19899997	0.39825296	0.37629184
1.19999997	-0.01310285	0.35885212
1.20099997	-0.46831939	0.31040847
1.20199997	-0.76980805	0.24612451
1.20299997	-0.87570745	0.17525837
1.20399997	-0.76371801	0.12561515
1.20499997	-0.44771162	0.10442298
1.20599997	-0.05118110	0.11611097
1.20699997	0.36764887	0.15911049
1.20799997	0.68159449	0.22031865
1.20899997	0.84261197	0.29060039
1.20999997	0.80256522	0.34608760
1.21099997	0.56895918	0.37881398
1.21199997	0.19598918	0.37589198
1.21299997	-0.26104209	0.33772147
1.21399997	-0.62632257	0.27928150
1.21499997	-0.84784079	0.20903051
1.21599997	-0.85045522	0.15074433
1.21699997	-0.63315082	0.11318897
1.21799997	-0.27694389	0.10734498
1.21899997	0.16670768	0.13398130
1.21999997	0.54229206	0.18654650
1.22099997	0.79346085	0.25744340
1.22199997	0.85183930	0.31862080
1.22299997	0.70903051	0.36103591
1.22399997	0.39462352	0.37567666
1.22499997	-0.04422982	0.36054379
1.22599997	-0.45001847	0.31397638
1.22699997	-0.76417935	0.24311024
1.22799997	-0.87524605	0.17575049
1.22899997	-0.76750124	0.12121678
1.22999997	-0.47508612	0.10100885
1.23099997	-0.03927780	0.11860237
1.23199997	0.36866388	0.15929502
1.23299997	0.68820745	0.21684301
1.23399997	0.83904403	0.28404897
1.23499997	0.79730558	0.35128567
1.23599997	0.56822097	0.38059792
1.23699997	0.18811515	0.36786416
1.23799997	-0.23523621	0.32963213
1.23899997	-0.64080954	0.27088460
1.23999997	-0.85448450	0.20687746
1.24099997	-0.84661049	0.14751476
1.24199997	-0.63554996	0.11251231
1.24299997	-0.24996924	0.10706816
1.24399997	0.16676919	0.13327387
1.24499997	0.55290353	0.18719243
1.24599996	0.79398376	0.25132260
1.24699996	0.85270053	0.31616017
1.24799996	0.71389025	0.35992864
1.24899996	0.40040600	0.37629184
1.24999996	-0.01387180	0.35885212
1.25099996	-0.46847317	0.31040847
1.25199996	-0.76962352	0.24612451
1.25299996	-0.87493849	0.17525837
1.25399996	-0.76602483	0.12561515
1.25499996	-0.45672366	0.10442298
1.25599996	-0.06019316	0.11611097
1.25699996	0.36531126	0.15911049
1.25799996	0.68220967	0.22031865
1.25899996	0.84199679	0.29060039
1.25999996	0.80502582	0.34624138
1.26099996	0.57870942	0.37958291
1.26199996	0.20266363	0.37355438
1.26299996	-0.26768577	0.32874015
1.26399996	-0.63619584	0.27045399
1.26499996	-0.85107034	0.20746186
1.26599996	-0.84737945	0.14917569
1.26699996	-0.62401575	0.10436147
1.26799996	-0.26799336	0.09833292
1.26899996	0.16901451	0.13167445
1.26999996	0.54152310	0.18731545
1.27099996	0.79330707	0.25759721
1.27199996	0.85183930	0.31880537
1.27299996	0.70903051	0.36180487
1.27399996	0.39477730	0.37333909
1.27499996	-0.04346088	0.35153174
1.27599996	-0.45247909	0.30499509
1.27699996	-0.77392960	0.24080339
1.27799996	-0.88192052	0.17651944
1.27899996	-0.76085752	0.12137057
1.27999996	-0.46552041	0.10085507
1.28099996	-0.03755536	0.11783341
1.28199996	0.37023252	0.16175567
1.28299996	0.69706571	0.22659326
1.28399996	0.84802532	0.29056963
1.28499996	0.79961246	0.34387302
1.28599996	0.56745201	0.37318528
1.28699996	0.18796137	0.37438485
1.28799996	-0.23523621	0.33938238
1.28899996	-0.64080954	0.27334523
1.28999996	-0.85448450	0.20610851
1.29099996	-0.84661049	0.14736098
1.29199996	-0.63554996	0.11251231
1.29299996	-0.24996924	0.10706816
1.29399996	0.16676919	0.13327387
1.29499996	0.55290353	0.18719243
1.29599996	0.79398376	0.25132260
1.29699996	0.85270053	0.31616017
1.29799996	0.71389025	0.35992864
1.29899996	0.40040600	0.37629184
1.29999996	-0.01387180	0.35885212
1.30099996	-0.46847317	0.31040847
1.30199996	-0.76962352	0.24612451
1.30299996	-0.87493849	0.17525837
1.30399996	-0.76602483	0.12561515
1.30499996	-0.45672366	0.10442298
1.30599996	-0.06019316	0.11611097
1.30699996	0.36531126	0.15911049
1.30799996	0.68220967	0.22031865
1.30899996	0.84199679	0.29060039
1.30999996	0.80502582	0.34608760
1.31099996	0.57870942	0.37881398
1.31199996	0.20250984	0.37589198
1.31299996	-0.26845473	0.33772147
1.31399996	-0.63388902	0.27946603
1.31499996	-0.84208906	0.20976870
1.31599996	-0.83855194	0.14840674
1.31699996	-0.62244707	0.10420768
1.31799996	-0.26645547	0.09833292
1.31899996	0.17784202	0.13167445
1.31999996	0.55050445	0.18716167
1.32099996	0.79561394	0.25682825
1.32199996	0.85091656	0.32111222
1.32299996	0.70810777	0.37078616
1.32399996	0.39693037	0.38235113
1.32499996	-0.03521777	0.35386935
1.32599996	-0.44116017	0.30422613
1.32699996	-0.76261073	0.24064961
1.32799996	-0.87370819	0.17651944
1.32899996	-0.75867373	0.12137057
1.32999996	-0.46628937	0.10085507
1.33099996	-0.03770915	0.11783341
1.33199996	0.37023252	0.16175567
1.33299996	0.69706571	0.22659326
1.33399996	0.84802532	0.29056963
1.33499996	0.79961246	0.34387302
1.33599996	0.56745201	0.37318528
1.33699996	0.18796137	0.37438485
1.33799996	-0.23508243	0.33953616
1.33899996	-0.64004058	0.27411416
1.33999996	-0.85679132	0.20380168
1.34099996	-0.85559177	0.13837968
1.34199996	-0.64453125	0.10353100
1.34299996	-0.25227609	0.10473056
1.34399996	0.16769193	0.13404281
1.34499996	0.55382627	0.18734621
1.34599996	0.79167694	0.25132260
1.34699996	0.84371924	0.31616017
1.34799996	0.70493972	0.35992864
1.34899996	0.39806840	0.37629184
1.34999996	-0.01310285	0.35885212
1.35099996	-0.46831939	0.31040847
1.35199996	-0.76962352	0.24612451
1.35299996	-0.87493849	0.17525837
1.35399996	-0.76602483	0.12561515
1.35499996	-0.45672366	0.10442298
1.35599996	-0.06019316	0.11611097
1.35699996	0.36531126	0.15911049
1.35799996	0.68220967	0.22047244
1.35899996	0.84199679	0.29136935
1.35999996	0.80487204	0.34378076
1.36099996	0.57794046	0.36980191
1.36199996	0.20497048	0.36687991
1.36299996	-0.25873524	0.33541462
1.36399996	-0.62724531	0.28005046
1.36499996	-0.84876353	0.20918430
1.36599996	-0.84814835	0.15074433
1.36699996	-0.62416953	0.11318897
1.36799996	-0.26799336	0.10734498
1.36899996	0.16901451	0.13398130
1.36999996	0.54152310	0.18654650
1.37099996	0.79330707	0.25744340
1.37199996	0.85183930	0.31880537
1.37299996	0.70903051	0.36180487
1.37399996	0.39477730	0.37333909
1.37499996	-0.04346088	0.35153174
1.37599996	-0.45247909	0.30499509
1.37699996	-0.77392960	0.24080339
1.37799996	-0.88176674	0.17667323
1.37899996	-0.76008856	0.12213952
1.37999996	-0.46767348	0.09854823
1.38099996	-0.04579847	0.10882135
1.38199996	0.35891363	0.15277436
1.38299996	0.68574679	0.22428642
1.38399996	0.83981299	0.29133859
1.38499996	0.79745942	0.34402683
1.38599996	0.56822097	0.37318528
1.38699996	0.18811515	0.37438485
1.38799996	-0.23523621	0.33938238
1.38899996	-0.64080954	0.27334523
1.38999996	-0.85448450	0.20610851
1.39099996	-0.84661049	0.14736098
1.39199996	-0.63554996	0.11251231
1.39299996	-0.24996924	0.10706816
1.39399996	0.16676919	0.13327387
1.39499996	0.55290353	0.18719243
1.39599996	0.79413754	0.25132260
1.39699996	0.85346949	0.31616017
1.39799996	0.71158344	0.35992864
1.39899996	0.39142472	0.37629184
1.39999996	-0.02282234	0.35885212
1.40099996	-0.47078001	0.31040847
1.40199996	-0.76888531	0.24612451
1.40299996	-0.87478471	0.17525837
1.40399996	-0.76602483	0.12561515
1.40499996	-0.45672366	0.10442298
1.40599996	-0.06019316	0.11611097
1.40699996	0.36531126	0.15911049
1.40799996	0.68236345	0.22031865
1.40899996	0.84276575	0.29060039
1.40999996	0.80271900	0.34608760
1.41099996	0.56972808	0.37881398
1.41199996	0.19368233	0.37589198
1.41299996	-0.26999262	0.33772147
1.41399996	-0.63527310	0.27928150
1.41499996	-0.85017842	0.20903051
1.41599996	-0.84984004	0.15074433
1.41699996	-0.63373524	0.11318897
1.41799996	-0.27463704	0.10734498
1.41899996	0.17568898	0.13398130
1.41999996	0.55127335	0.18639271
1.42099996	0.79576772	0.25667447
1.42199996	0.85091656	0.32111222
1.42299996	0.70810777	0.37078616
1.42399996	0.39693037	0.38235113
1.42499996	-0.03521777	0.35386935
1.42599996	-0.44116017	0.30422613
1.42699996	-0.76261073	0.24064961
1.42799996	-0.87370819	0.17651944
1.42899996	-0.75867373	0.12137057
1.42999996	-0.46628937	0.10085507
1.43099996	-0.03770915	0.11783341
1.43199996	0.37023252	0.16175567
1.43299996	0.69706571	0.22659326
1.43399996	0.84802532	0.29056963
1.43499996	0.79961246	0.34387302
1.43599996	0.56745201	0.37318528
1.43699996	0.18796137	0.37438485
1.43799996	-0.23523621	0.33938238
1.43899996	-0.64080954	0.27334523
1.43999996	-0.85448450	0.20610851
1.44099996	-0.84661049	0.14736098
1.44199996	-0.63554996	0.11251231
1.44299996	-0.24996924	0.10706816
1.44399996	0.16692299	0.13327387
1.44499996	0.55367249	0.18719243
1.44599996	0.79167694	0.25132260
1.44699996	0.84371924	0.31616017
1.44799996	0.70493972	0.36008242
1.44899996	0.39806840	0.37706077
1.44999996	-0.01310285	0.35654527
1.45099996	-0.46831939	0.30139640
1.45199996	-0.76980805	0.23711245
1.45299996	-0.87570745	0.17292076
1.45399996	-0.76371801	0.12638411
1.45499996	-0.44771162	0.10457677
1.45599996	-0.05118110	0.11611097
1.45699996	0.36764887	0.15911049
1.45799996	0.68144071	0.22031865
1.45899996	0.84184301	0.29060039
1.45999996	0.80502582	0.34608760
1.46099996	0.57870942	0.37881398
1.46199996	0.20266363	0.37589198
1.46299996	-0.26768577	0.33772147
1.46399996	-0.63619584	0.27928150
1.46499996	-0.85107034	0.20903051
1.46599996	-0.84737945	0.15074433
1.46699996	-0.62401575	0.11318897
1.46799996	-0.26799336	0.10734498
1.46899996	0.16901451	0.13398130
1.46999996	0.54152310	0.18639271
1.47099996	0.79330707	0.25667447
1.47199996	0.85183930	0.32111222
1.47299996	0.70903051	0.37078616
1.47399996	0.39462352	0.38235113
1.47499996	-0.04422982	0.35386935
1.47599996	-0.45001847	0.30422613
1.47699996	-0.76417935	0.24064961
1.47799996	-0.87524605	0.17651944
1.47899996	-0.76750124	0.12137057
1.47999996	-0.47508612	0.10100885
1.48099996	-0.03927780	0.11860237
1.48199996	0.36851010	0.15944882
1.48299996	0.68743849	0.21758120
1.48399996	0.84135085	0.28174213
1.48499996	0.80625618	0.34233513
1.48599996	0.57720226	0.37161663
1.48699996	0.19042200	0.36555734
1.48799996	-0.23597440	0.33040109
1.48899996	-0.64096332	0.27103838
1.48999996	-0.85433072	0.20687746
1.49099996	-0.84584153	0.14751476
1.49199996	-0.63785678	0.11251231
1.49299996	-0.25891978	0.10706816
1.49399996	0.15778789	0.13327387
1.49499996	0.55059671	0.18719243
1.49599996	0.79475272	0.25132260
1.49699996	0.85285431	0.31616017
1.49799996	0.71389025	0.35992864
1.49899996	0.40040600	0.37629184
1.49999996	-0.01387180	0.35885212
1.50099996	-0.46847317	0.31040847
1.50199996	-0.76980805	0.24612451
1.50299996	-0.87570745	0.17525837
1.50399996	-0.76371801	0.12561515
1.50499996	-0.44771162	0.10442298
1.50599996	-0.05118110	0.11611097
1.50699996	0.36764887	0.15911049
1.50799996	0.68159449	0.22031865
1.50899996	0.84261197	0.29060039
1.50999996	0.80271900	0.34624138
1.51099996	0.56972808	0.37958291
1.51199996	0.19368233	0.37355438
1.51299996	-0.26999262	0.32874015
1.51399996	-0.63542694	0.27045399
1.51499996	-0.85091656	0.20746186
1.51599996	-0.84753323	0.14917569
1.51699996	-0.62478471	0.10436147
1.51799996	-0.26568651	0.09833292
1.51899996	0.17799582	0.13167445
1.51999996	0.55050445	0.18716167
1.52099996	0.79561394	0.25682825
1.52199996	0.85091656	0.32111222
1.52299996	0.70810777	0.37078616
1.52399996	0.39693037	0.38235113
1.52499996	-0.03521777	0.35386935
1.52599996	-0.44116017	0.30422613
1.52699996	-0.76261073	0.24064961
1.52799996	-0.87370819	0.17651944
1.52899996	-0.75867373	0.12137057
1.52999996	-0.46628937	0.10085507
1.53099996	-0.03770915	0.11783341
1.53199996	0.37023252	0.16175567
1.53299996	0.69706571	0.22659326
1.53399996	0.84802532	0.29056963
1.53499996	0.79961246	0.34387302
1.53599996	0.56745201	0.37318528
1.53699996	0.18796137	0.37438485
1.53799996	-0.23523621	0.33938238
1.53899996	-0.64080954	0.27334523
1.53999996	-0.85448450	0.20626231
1.54099996	-0.84661049	0.14812993
1.54199996	-0.63554996	0.11020546
1.54299996	-0.24996924	0.09808686
1.54399996	0.16692299	0.12429257
1.54499996	0.55367249	0.18485482
1.54599996	0.79167694	0.25209153
1.54699996	0.84371924	0.31631398
1.54799996	0.70493972	0.35992864
1.54899996	0.39806840	0.37629184
1.54999996	-0.01310285	0.35885212
1.55099996	-0.46831939	0.31040847
1.55199996	-0.76980805	0.24612451
1.55299996	-0.87570745	0.17525837
1.55399996	-0.76371801	0.12561515
1.55499996	-0.44771162	0.10442298
1.55599996	-0.05118110	0.11611097
1.55699996	0.36764887	0.15911049
1.55799996	0.68144071	0.22047244
1.55899996	0.84184301	0.29136935
1.55999996	0.80502582	0.34378076
1.56099996	0.57870942	0.36980191
1.56199996	0.20266363	0.36687991
1.56299996	-0.26768577	0.33541462
1.56399996	-0.63619584	0.28005046
1.56499996	-0.85107034	0.20918430
1.56599996	-0.84737945	0.15074433
1.56699996	-0.62401575	0.11318897
1.56799996	-0.26799336	0.10734498
1.56899996	0.16901451	0.13398130
1.56999996	0.54152310	0.18654650
1.57099996	0.79330707	0.25744340
1.57199996	0.85183930	0.31862080
1.57299996	0.70903051	0.36103591
1.57399996	0.39462352	0.37567666
1.57499996	-0.04422982	0.36054379
1.57599996	-0.45017225	0.31397638
1.57699996	-0.76494831	0.24311024
1.57799996	-0.87293923	0.17575049
1.57899996	-0.75851995	0.12121678
1.57999996	-0.46628937	0.10085507
1.58099996	-0.03770915	0.11783341
1.58199996	0.37007874	0.16175567
1.58299996	0.69629675	0.22659326
1.58399996	0.85036296	0.29056963
1.58499996	0.80859375	0.34387302
1.58599996	0.57643330	0.37318528
1.58699996	0.19026820	0.37438485
1.58799996	-0.23597440	0.33938238
1.58899996	-0.64096332	0.27334523
1.58999996	-0.85448450	0.20610851
1.59099996	-0.84661049	0.14736098
1.59199996	-0.63539618	0.11251231
1.59299996	-0.24920030	0.10706816
1.59399996	0.16446236	0.13312007
1.59499996	0.54392225	0.18642348
1.59599996	0.78503323	0.25362942
1.59699996	0.85039371	0.32514149
1.59799996	0.71465921	0.36894071
1.59899995	0.40055978	0.37859866
1.59999995	-0.01387180	0.35808316
1.60099995	-0.46847317	0.31025466
1.60199995	-0.76962352	0.24612451
1.60299995	-0.87493849	0.17525837
1.60399995	-0.76617867	0.12561515
1.60499995	-0.45749262	0.10442298
1.60599995	-0.05785556	0.11611097
1.60699995	0.37432334	0.15911049
1.60799995	0.69137549	0.22047244
1.60899995	0.84507257	0.29136935
1.60999995	0.80179626	0.34378076
1.61099995	0.56880534	0.36980191
1.61199995	0.19598918	0.36687991
1.61299995	-0.26104209	0.33541462
1.61399995	-0.62647635	0.28005046
1.61499995	-0.84860975	0.20918430
1.61599995	-0.84830219	0.15074433
1.61699995	-0.62493849	0.11318897
1.61799995	-0.26568651	0.10734498
1.61899995	0.17799582	0.13398130
1.61999995	0.55050445	0.18654650
1.62099995	0.79561394	0.25744340
1.62199995	0.85091656	0.31862080
1.62299995	0.70810777	0.36103591
1.62399995	0.39693037	0.37567666
1.62499995	-0.03521777	0.36054379
1.62599995	-0.44116017	0.31397638
1.62699995	-0.76261073	0.24311024
1.62799995	-0.87370819	0.17575049
1.62899995	-0.75867373	0.12121678
1.62999995	-0.46628937	0.10100885
1.63099995	-0.03770915	0.11860237
1.63199995	0.37023252	0.15929502
1.63299995	0.69706571	0.21684301
1.63399995	0.84802532	0.28404897
1.63499995	0.79961246	0.35128567
1.63599995	0.56745201	0.38059792
1.63699995	0.18796137	0.36786416
1.63799995	-0.23523621	0.32963213
1.63899995	-0.64080954	0.27088460
1.63999995	-0.85448450	0.20687746
1.64099995	-0.84661049	0.14751476
1.64199995	-0.63554996	0.11251231
1.64299995	-0.24996924	0.10706816
1.64399995	0.16692299	0.13327387
1.64499995	0.55367249	0.18719243
1.64599995	0.79167694	0.25132260
1.64699995	0.84371924	0.31616017
1.64799995	0.70493972	0.35992864
1.64899995	0.39806840	0.37629184
1.64999995	-0.01310285	0.35885212
1.65099995	-0.46831939	0.31040847
1.65199995	-0.76980805	0.24612451
1.65299995	-0.87570745	0.17525837
1.65399995	-0.76387179	0.12561515
1.65499995	-0.44848055	0.10442298
1.65599995	-0.04887426	0.11611097
1.65699995	0.37663016	0.15911049
1.65799995	0.69045275	0.22031865
1.65899995	0.84414983	0.29060039
1.65999995	0.80425692	0.34624138
1.66099995	0.57855558	0.37958291
1.66199995	0.20266363	0.37355438
1.66299995	-0.26768577	0.32874015
1.66399995	-0.63619584	0.27030021
1.66499995	-0.85107034	0.20669292
1.66599995	-0.84737945	0.15151329
1.66699995	-0.62401575	0.11334276
1.66799995	-0.26799336	0.10734498
1.66899995	0.16901451	0.13398130
1.66999995	0.54136932	0.18654650
1.67099995	0.79253817	0.25744340
1.67199995	0.85417694	0.31862080
1.67299995	0.71801180	0.36103591
1.67399995	0.40357405	0.37567666
1.67499995	-0.04192298	0.36054379
1.67599995	-0.45094118	0.31397638
1.67699995	-0.76510209	0.24311024
1.67799995	-0.87278545	0.17575049
1.67899995	-0.75775099	0.12121678
1.67999995	-0.46859622	0.10085507
1.68099995	-0.04672121	0.11783341
1.68199995	0.36106667	0.16175567
1.68299995	0.69398993	0.22659326
1.68399995	0.85110110	0.29056963
1.68499995	0.80874753	0.34387302
1.68599995	0.57643330	0.37318528
1.68699995	0.19026820	0.37438485
1.68799995	-0.23597440	0.33938238
1.68899995	-0.64096332	0.27334523
1.68999995	-0.85448450	0.20610851
1.69099995	-0.84661049	0.14736098
1.69199995	-0.63554996	0.11251231
1.69299995	-0.24996924	0.10706816
1.69399995	0.16692299	0.13327387
1.69499995	0.55367249	0.18719243
1.69599995	0.79167694	0.25132260
1.69699995	0.84371924	0.31616017
1.69799995	0.70493972	0.35992864
1.69899995	0.39806840	0.37629184
1.69999995	-0.01310285	0.35885212
1.70099995	-0.46831939	0.31040847
1.70199995	-0.76962352	0.24612451
1.70299995	-0.87493849	0.17525837
1.70399995	-0.76602483	0.12561515
1.70499995	-0.45672366	0.10442298
1.70599995	-0.06019316	0.11611097
1.70699995	0.36531126	0.15911049
1.70799995	0.68236345	0.22031865
1.70899995	0.84276575	0.29060039
1.70999995	0.80256522	0.34608760
1.71099995	0.56895918	0.37881398
1.71199995	0.19598918	0.37589198
1.71299995	-0.26104209	0.33772147
1.71399995	-0.62632257	0.27928150
1.71499995	-0.84784079	0.20903051
1.71599995	-0.85045522	0.15074433
1.71699995	-0.63315082	0.11318897
1.71799995	-0.27694389	0.10734498
1.71899995	0.16670768	0.13398130
1.71999995	0.54229206	0.18654650
1.72099995	0.79346085	0.25744340
1.72199995	0.85168552	0.31880537
1.72299995	0.70826155	0.36180487
1.72399995	0.39693037	0.37333909
1.72499995	-0.03521777	0.35153174
1.72599995	-0.44116017	0.30499509
1.72699995	-0.76261073	0.24080339
1.72799995	-0.87370819	0.17667323
1.72899995	-0.75867373	0.12213952
1.72999995	-0.46628937	0.09854823
1.73099995	-0.03770915	0.10882135
1.73199995	0.37023252	0.15277436
1.73299995	0.69706571	0.22428642
1.73399995	0.84802532	0.29133859
1.73499995	0.79961246	0.34402683
1.73599995	0.56745201	0.37318528
1.73699995	0.18796137	0.37438485
1.73799995	-0.23523621	0.33938238
1.73899995	-0.64080954	0.27334523
1.73999995	-0.85448450	0.20610851
1.74099995	-0.84661049	0.14736098
1.74199995	-0.63554996	0.11251231
1.74299995	-0.24996924	0.10706816
1.74399995	0.16692299	0.13312007
1.74499995	0.55367249	0.18642348
1.74599995	0.79167694	0.25362942
1.74699995	0.84371924	0.32514149
1.74799995	0.70493972	0.36909449
1.74899995	0.39806840	0.37936762
1.74999995	-0.01310285	0.35577634
1.75099995	-0.46831939	0.30124262
1.75199995	-0.76980805	0.23711245
1.75299995	-0.87570745	0.17292076
1.75399995	-0.76387179	0.12638411
1.75499995	-0.44848055	0.10457677
1.75599995	-0.04872047	0.11611097
1.75699995	0.37739912	0.15911049
1.75799995	0.68814594	0.22031865
1.75899995	0.83519930	0.29060039
1.75999995	0.79527557	0.34608760
1.76099995	0.57621801	0.37881398
1.76199995	0.20340182	0.37589198
1.76299995	-0.26753199	0.33772147
1.76399995	-0.63619584	0.27928150
1.76499995	-0.85107034	0.20903051
1.76599995	-0.84737945	0.15074433
1.76699995	-0.62401575	0.11318897
1.76799995	-0.26783958	0.10734498
1.76899995	0.16978346	0.13398130
1.76999995	0.53906250	0.18654650
1.77099995	0.78355682	0.25744340
1.77199995	0.84519559	0.31862080
1.77299995	0.71570498	0.36103591
1.77399995	0.40449679	0.37567666
1.77499995	-0.04100025	0.36054379
1.77599995	-0.45324802	0.31397638
1.77699995	-0.77408344	0.24311024
1.77799995	-0.88192052	0.17575049
1.77899995	-0.76085752	0.12121678
1.77999995	-0.46552041	0.10100885
1.78099995	-0.03755536	0.11860237
1.78199995	0.37007874	0.15944882
1.78299995	0.69629675	0.21758120
1.78399995	0.85036296	0.28174213
1.78499995	0.80859375	0.34233513
1.78599995	0.57627952	0.37161663
1.78699995	0.18953001	0.36555734
1.78799995	-0.23366757	0.33040109
1.78899995	-0.63198203	0.27103838
1.78999995	-0.84553397	0.20687746
1.79099995	-0.84430367	0.14751476
1.79199995	-0.63631892	0.11251231
1.79299995	-0.25012302	0.10706816
1.79399995	0.16692299	0.13327387
1.79499995	0.55367249	0.18719243
1.79599995	0.79167694	0.25132260
1.79699995	0.84371924	0.31616017
1.79799995	0.70493972	0.35992864
1.79899995	0.39806840	0.37629184
1.79999995	-0.01310285	0.35885212
1.80099995	-0.46831939	0.31040847
1.80199995	-0.76962352	0.24612451
1.80299995	-0.87493849	0.17525837
1.80399995	-0.76617867	0.12561515
1.80499995	-0.45749262	0.10442298
1.80599995	-0.05785556	0.11611097
1.80699995	0.37432334	0.15911049
1.80799995	0.69122171	0.22031865
1.80899995	0.84430367	0.29060039
1.80999995	0.80425692	0.34608760
1.81099995	0.57855558	0.37881398
1.81199995	0.20266363	0.37589198
1.81299995	-0.26768577	0.33772147
1.81399995	-0.63619584	0.27928150
1.81499995	-0.85107034	0.20903051
1.81599995	-0.84737945	0.15074433
1.81699995	-0.62401575	0.11318897
1.81799995	-0.26799336	0.10749877
1.81899995	0.16901451	0.13475025
1.81999995	0.54152310	0.18423967
1.82099995	0.79330707	0.24843135
1.82199995	0.85168552	0.30979329
1.82299995	0.70826155	0.35946727
1.82399995	0.39693037	0.37410802
1.82499995	-0.03521777	0.35171628
1.82599995	-0.44100639	0.30499509
1.82699995	-0.76184177	0.24080339
1.82799995	-0.87601501	0.17651944
1.82899995	-0.76765501	0.12137057
1.82999995	-0.47523990	0.10085507
1.83099995	-0.04004675	0.11783341
1.83199995	0.37100148	0.16175567
1.83299995	0.69721949	0.22659326
1.83399995	0.84802532	0.29056963
1.83499995	0.79961246	0.34387302
1.83599995	0.56745201	0.37318528
1.83699995	0.18796137	0.37438485
1.83799995	-0.23523621	0.33938238
1.83899995	-0.64080954	0.27334523
1.83999995	-0.85448450	0.20610851
1.84099995	-0.84661049	0.14736098
1.84199995	-0.63554996	0.11251231
1.84299995	-0.24996924	0.10706816
1.84399995	0.16692299	0.13327387
1.84499995	0.55367249	0.18719243
1.84599995	0.79167694	0.25132260
1.84699995	0.84371924	0.31616017
1.84799995	0.70493972	0.35992864
1.84899995	0.39806840	0.37629184
1.84999995	-0.01310285	0.35885212
1.85099995	-0.46831939	0.31040847
1.85199995	-0.76980805	0.24612451
1.85299995	-0.87570745	0.17525837
1.85399995	-0.76371801	0.12561515
1.85499995	-0.44771162	0.10442298
1.85599995	-0.05118110	0.11611097
1.85699995	0.36764887	0.15911049
1.85799995	0.68144071	0.22031865
1.85899995	0.84184301	0.29060039
1.85999995	0.80502582	0.34608760
1.86099995	0.57870942	0.37881398
1.86199995	0.20250984	0.37589198
1.86299995	-0.26845473	0.33772147
1.86399995	-0.63388902	0.27928150
1.86499995	-0.84208906	0.20903051
1.86599995	-0.83839810	0.15074433
1.86699995	-0.62170893	0.11318897
1.86799995	-0.26876229	0.10734498
1.86899995	0.16886073	0.13398130
1.86999995	0.54152310	0.18639271
1.87099995	0.79330707	0.25667447
1.87199995	0.85183930	0.32111222
1.87299995	0.70903051	0.37078616
1.87399995	0.39462352	0.38235113
1.87499995	-0.04422982	0.35386935
1.87599995	-0.45017225	0.30422613
1.87699995	-0.76494831	0.24064961
1.87799995	-0.87293923	0.17651944
1.87899995	-0.75851995	0.12137057
1.87999995	-0.46628937	0.10085507
1.88099995	-0.03770915	0.11783341
1.88199995	0.37023252	0.16175567
1.88299995	0.69706571	0.22659326
1.88399995	0.84817910	0.29056963
1.88499995	0.80038142	0.34387302
1.88599995	0.56514519	0.37318528
1.88699995	0.17901082	0.37438485
1.88799995	-0.24418676	0.33938238
1.88899995	-0.64311641	0.27334523
1.88999995	-0.85371554	0.20610851
1.89099995	-0.84645671	0.14736098
1.89199995	-0.63539618	0.11251231
1.89299995	-0.24920030	0.10706816
1.89399995	0.16446236	0.13327387
1.89499995	0.54392225	0.18719243
1.89599995	0.78503323	0.25116879
1.89699995	0.85039371	0.31539124
1.89799995	0.71465921	0.36242002
1.89899995	0.40055978	0.38604209
1.89999995	-0.01387180	0.36552659
1.90099995	-0.46847317	0.30373400
1.90199995	-0.76962352	0.23634350
1.90299995	-0.87493849	0.17276698
1.90399995	-0.76617867	0.12638411
1.90499995	-0.45749262	0.10457677
1.90599995	-0.05785556	0.11611097
1.90699995	0.37432334	0.15911049
1.90799995	0.69137549	0.22047244
1.90899995	0.84507257	0.29136935
1.90999995	0.80179626	0.34378076
1.91099995	0.56880534	0.36980191
1.91199995	0.19598918	0.36687991
1.91299995	-0.26104209	0.33541462
1.91399995	-0.62647635	0.28005046
1.91499995	-0.84860975	0.20918430
1.91599995	-0.84814835	0.15074433
1.91699995	-0.62416953	0.11318897
1.91799995	-0.26799336	0.10734498
1.91899995	0.16901451	0.13398130
1.91999995	0.54152310	0.18654650
1.92099995	0.79330707	0.25744340
1.92199995	0.85168552	0.31862080
1.92299995	0.70826155	0.36103591
1.92399995	0.39693037	0.37567666
1.92499995	-0.03521777	0.36054379
1.92599995	-0.44116017	0.31397638
1.92699995	-0.76261073	0.24311024
1.92799995	-0.87370819	0.17575049
1.92899995	-0.75867373	0.12121678
1.92999995	-0.46628937	0.10085507
1.93099995	-0.03770915	0.11783341
1.93199995	0.37023252	0.16175567
1.93299995	0.69706571	0.22659326
1.93399995	0.84802532	0.29056963
1.93499995	0.79961246	0.34387302
1.93599995	0.56745201	0.37318528
1.93699995	0.18796137	0.37438485
1.93799995	-0.23508243	0.33938238
1.93899995	-0.64004058	0.27334523
1.93999995	-0.85679132	0.20610851
1.94099995	-0.85559177	0.14736098
1.94199995	-0.64453125	0.11251231
1.94299995	-0.25227609	0.10706816
1.94399995	0.16769193	0.13327387
1.94499995	0.55382627	0.18719243
1.94599995	0.79167694	0.25132260
1.94699995	0.84371924	0.31616017
1.94799995	0.70493972	0.36008242
1.94899995	0.39806840	0.37706077
1.94999995	-0.01310285	0.35654527
1.95099995	-0.46831939	0.30139640
1.95199995	-0.76980805	0.23711245
1.95299994	-0.87570745	0.17292076
1.95399994	-0.76371801	0.12638411
1.95499994	-0.44771162	0.10457677
1.95599994	-0.05118110	0.11611097
1.95699994	0.36764887	0.15911049
1.95799994	0.68144071	0.22031865
1.95899994	0.84184301	0.29060039
1.95999994	0.80502582	0.34608760
1.96099994	0.57870942	0.37881398
1.96199994	0.20266363	0.37589198
1.96299994	-0.26768577	0.33772147
1.96399994	-0.63619584	0.27928150
1.96499994	-0.85107034	0.20903051
1.96599994	-0.84737945	0.15074433
1.96699994	-0.62401575	0.11318897
1.96799994	-0.26783958	0.10734498
1.96899994	0.16978346	0.13398130
1.96999994	0.53906250	0.18654650
1.97099994	0.78355682	0.25744340
1.97199994	0.84519559	0.31862080
1.97299994	0.71570498	0.36103591
1.97399994	0.40434301	0.37567666
1.97499994	-0.04176919	0.36054379
1.97599994	-0.45094118	0.31397638
1.97699994	-0.76510209	0.24311024
1.97799994	-0.87293923	0.17590427
1.97899994	-0.75851995	0.12198573
1.97999994	-0.46613559	0.09854823
1.98099994	-0.03697097	0.10882135
1.98199994	0.36789492	0.15277436
1.98299994	0.68805367	0.22428642
1.98399994	0.83904403	0.29133859
1.98499994	0.79730558	0.34402683
1.98599994	0.56822097	0.37318528
1.98699994	0.18811515	0.37438485
1.98799994	-0.23523621	0.33938238
1.98899994	-0.64080954	0.27334523
1.98999994	-0.85448450	0.20610851
1.99099994	-0.84661049	0.14736098
1.99199994	-0.63539618	0.11251231
1.99299994	-0.24920030	0.10706816
1.99399994	0.16446236	0.13327387
1.99499994	0.54392225	0.18719243
1.99599994	0.78518701	0.25132260
1.99699994	0.85116267	0.31616017
1.99799994	0.71235234	0.35992864
1.99899994	0.39157850	0.37629184
1.99999994	-0.02282234	0.35885212
2.00099994	-0.47078001	0.31040847
2.00199994	-0.76888531	0.24627830
2.00299994	-0.87478471	0.17599656
