Time	Channel A	Channel B
(us)	(V)	(V)

-0.00400000	0.67353594	0.17882627
-0.00300000	0.35036293	0.13035187
-0.00200000	-0.06373031	0.10999016
-0.00100000	-0.50805855	0.12090920
0.00000000	-0.78906250	0.15867987
0.00100000	-0.86774117	0.21742742
0.00200000	-0.73246801	0.28174213
0.00300000	-0.40074435	0.34233513
0.00400000	0.00166093	0.37161663
0.00500000	0.41563115	0.36555734
0.00600000	0.71201402	0.33040109
0.00700000	0.84519559	0.27103838
0.00800000	0.78201896	0.20687746
0.00900000	0.53389519	0.14751476
0.01000000	0.14905265	0.11251231
0.01100000	-0.31582186	0.10706816
0.01200000	-0.66676921	0.13327387
0.01300000	-0.85439223	0.18719243
0.01400000	-0.82452631	0.25132260
0.01500000	-0.57997048	0.31616017
0.01600000	-0.21238312	0.35992864
0.01700000	0.22462475	0.37629184
0.01800000	0.58541459	0.35885212
0.01900000	0.81542200	0.31040847
0.02000000	0.85085505	0.24612451
0.02100000	0.68743849	0.17525837
0.02200000	0.35543799	0.12561515
0.02300000	-0.09550320	0.10442298
0.02400000	-0.49575540	0.11611097
0.02500000	-0.78810900	0.15911049
0.02600000	-0.86961734	0.22047244
0.02700000	-0.72794658	0.29136935
0.02800000	-0.41815329	0.34393454
0.02900000	0.01584031	0.37057087
0.03000000	0.41470841	0.36457309
0.03100000	0.71853471	0.32640254
0.03200000	0.84947097	0.27106914
0.03300000	0.78777069	0.20684670
0.03400000	0.53512549	0.15151329
0.03500000	0.13081324	0.11334276
0.03600000	-0.29272267	0.10734498
0.03700000	-0.67470473	0.13398130
0.03800000	-0.86171257	0.18654650
0.03900000	-0.82717150	0.25744340
0.04000000	-0.59578001	0.31880537
0.04100000	-0.19931102	0.36180487
0.04200000	0.21432087	0.37333909
0.04300000	0.58350760	0.35153174
0.04400000	0.80428767	0.30499509
0.04500000	0.84242743	0.24080339
0.04600000	0.68328619	0.17651944
0.04700000	0.35285434	0.12137057
0.04800000	-0.06449926	0.10085507
0.04900000	-0.50824308	0.11783341
0.05000000	-0.78906250	0.16175567
0.05100000	-0.86774117	0.22659326
0.05200000	-0.73262179	0.29072341
0.05300000	-0.40151328	0.34464198
0.05400000	0.00381398	0.37084767
0.05500000	0.42384350	0.36540353
0.05600000	0.72333294	0.33040109
0.05700000	0.85648376	0.27103838
0.05800000	0.79023129	0.20687746
0.05900000	0.53604823	0.14751476
0.06000000	0.14828371	0.11251231
0.06100000	-0.31597564	0.10706816
0.06200000	-0.66661543	0.13327387
0.06300000	-0.85362327	0.18719243
0.06400000	-0.82683319	0.25132260
0.06500000	-0.58895177	0.31616017
0.06600000	-0.22139518	0.36008242
0.06700000	0.22231792	0.37706077
0.06800000	0.58633733	0.35654527
0.06900000	0.81634474	0.30139640
0.07000000	0.84836370	0.23711245
0.07100000	0.67771900	0.17292076
0.07200000	0.34879428	0.12638411
0.07300000	-0.08882874	0.10457677
0.07400000	-0.48597440	0.11611097
0.07500000	-0.78564835	0.15911049
0.07600000	-0.87038630	0.22047244
0.07700000	-0.72810042	0.29136935
0.07800000	-0.41830710	0.34378076
0.07900000	0.01507136	0.36980191
0.08000000	0.41701525	0.36687991
0.08100000	0.72751600	0.33541462
0.08200000	0.85832924	0.28005046
0.08300000	0.78933930	0.20918430
0.08400000	0.53669417	0.15074433
0.08500000	0.13964075	0.11318897
0.08600000	-0.28371063	0.10749877
0.08700000	-0.67236710	0.13475025
0.08800000	-0.86248153	0.18423967
0.08900000	-0.82732528	0.24843135
0.09000000	-0.59578001	0.30979329
0.09100000	-0.19931102	0.35946727
0.09200000	0.21447465	0.37410802
0.09300000	0.58427656	0.35171628
0.09400000	0.80195004	0.30484128
0.09500000	0.83341533	0.24003445
0.09600000	0.67427409	0.17882627
0.09700000	0.35051674	0.13035187
0.09800000	-0.06373031	0.10983637
0.09900000	-0.50805855	0.12014025
0.10000000	-0.78906250	0.16101746
0.10100000	-0.86774117	0.22643946
0.10200000	-0.73262179	0.29072341
0.10300000	-0.40151328	0.34464198
0.10400000	0.00396777	0.37084767
0.10500000	0.42461246	0.36540353
0.10600000	0.72102606	0.33040109
0.10700000	0.84750247	0.27103838
0.10800000	0.78125000	0.20687746
0.10900000	0.53374141	0.14751476
0.11000000	0.14905265	0.11251231
0.11100000	-0.31582186	0.10706816
0.11200000	-0.66676921	0.13327387
0.11300000	-0.85439223	0.18719243
0.11400000	-0.82452631	0.25132260
0.11500000	-0.57997048	0.31616017
0.11600000	-0.21238312	0.36008242
0.11700000	0.22462475	0.37706077
0.11800000	0.58541459	0.35654527
0.11900000	0.81542200	0.30139640
0.12000000	0.85085505	0.23711245
0.12100000	0.68743849	0.17292076
0.12200000	0.35543799	0.12638411
0.12300000	-0.09550320	0.10457677
0.12400000	-0.49575540	0.11611097
0.12500000	-0.78810900	0.15911049
0.12600000	-0.86946356	0.22031865
0.12700000	-0.72720844	0.29060039
0.12800000	-0.42046013	0.34624138
0.12900000	0.00685901	0.37958291
0.13000000	0.40572712	0.37355438
0.13100000	0.71619707	0.32874015
0.13200000	0.85023993	0.27030021
0.13300000	0.78792447	0.20669292
0.13400000	0.53512549	0.15151329
0.13500000	0.13081324	0.11334276
0.13600000	-0.29272267	0.10749877
0.13700000	-0.67470473	0.13475025
0.13800000	-0.86171257	0.18423967
0.13900000	-0.82717150	0.24843135
0.14000000	-0.59593379	0.30963951
0.14100000	-0.20007996	0.35869834
0.14200000	0.21662770	0.37644562
0.14300000	0.59251970	0.36069760
0.14400000	0.81326896	0.31397638
0.14500000	0.84473425	0.24311024
0.14600000	0.68251723	0.17575049
0.14700000	0.35270053	0.12121678
0.14800000	-0.06449926	0.10085507
0.14900000	-0.50824308	0.11783341
0.15000000	-0.78906250	0.16175567
0.15100000	-0.86774117	0.22659326
0.15200000	-0.73262179	0.29072341
0.15300000	-0.40151328	0.34464198
0.15400000	0.00396777	0.37084767
0.15500000	0.42461246	0.36540353
0.15600000	0.72102606	0.33040109
0.15700000	0.84750247	0.27103838
0.15800000	0.78125000	0.20687746
0.15900000	0.53374141	0.14751476
0.16000000	0.14905265	0.11251231
0.16100000	-0.31582186	0.10706816
0.16200000	-0.66676921	0.13327387
0.16300000	-0.85439223	0.18719243
0.16400000	-0.82452631	0.25132260
0.16500000	-0.57997048	0.31616017
0.16600000	-0.21238312	0.35992864
0.16700000	0.22462475	0.37629184
0.16800000	0.58556843	0.35885212
0.16900000	0.81616020	0.31040847
0.17000000	0.84851748	0.24612451
0.17100000	0.67845720	0.17525837
0.17200000	0.34648746	0.12561515
0.17300000	-0.09781004	0.10442298
0.17400000	-0.49498647	0.11626476
0.17500000	-0.78795522	0.15987943
0.17600000	-0.86961734	0.21816561
0.17700000	-0.72794658	0.28238803
0.17800000	-0.41815329	0.33479947
0.17900000	0.01584031	0.36749509
0.18000000	0.41470841	0.36764887
0.18100000	0.71853471	0.33556840
0.18200000	0.84931719	0.28005046
0.18300000	0.78700173	0.20918430
0.18400000	0.53746307	0.15074433
0.18499999	0.13979454	0.11318897
0.18599999	-0.28371063	0.10734498
0.18699999	-0.67236710	0.13398130
0.18799999	-0.86248153	0.18654650
0.18899999	-0.82732528	0.25744340
0.18999999	-0.59578001	0.31880537
0.19099999	-0.19931102	0.36180487
0.19199999	0.21432087	0.37333909
0.19299999	0.58350760	0.35153174
0.19399999	0.80428767	0.30484128
0.19499999	0.84242743	0.24003445
0.19599999	0.68328619	0.17882627
0.19699999	0.35285434	0.13035187
0.19799999	-0.06449926	0.10983637
0.19899999	-0.50824308	0.12014025
0.19999999	-0.78906250	0.16101746
0.20099999	-0.86774117	0.22643946
0.20199999	-0.73246801	0.29072341
0.20299999	-0.40074435	0.34464198
0.20399999	0.00166093	0.37069389
0.20499999	0.41563115	0.36463460
0.20599999	0.71201402	0.33270791
0.20699999	0.84519559	0.28001967
0.20799999	0.78201896	0.21588951
0.20899999	0.53389519	0.14985237
0.20999999	0.14905265	0.11174335
0.21099999	-0.31582186	0.10691437
0.21199999	-0.66676921	0.13327387
0.21299999	-0.85439223	0.18719243
0.21399999	-0.82452631	0.25132260
0.21499999	-0.57997048	0.31616017
0.21599999	-0.21238312	0.36008242
0.21699999	0.22462475	0.37706077
0.21799999	0.58541459	0.35654527
0.21899999	0.81542200	0.30139640
0.21999999	0.85085505	0.23711245
0.22099999	0.68743849	0.17292076
0.22199999	0.35543799	0.12638411
0.22299999	-0.09550320	0.10457677
0.22399999	-0.49575540	0.11626476
0.22499999	-0.78810900	0.15987943
0.22599999	-0.86961734	0.21816561
0.22699999	-0.72794658	0.28238803
0.22799999	-0.41815329	0.33479947
0.22899999	0.01584031	0.36749509
0.22999999	0.41470841	0.36764887
0.23099999	0.71853471	0.33556840
0.23199999	0.84931719	0.28005046
0.23299999	0.78700173	0.20918430
0.23399999	0.53746307	0.15074433
0.23499999	0.13979454	0.11318897
0.23599999	-0.28371063	0.10749877
0.23699999	-0.67236710	0.13475025
0.23799999	-0.86248153	0.18423967
0.23899999	-0.82732528	0.24843135
0.23999999	-0.59593379	0.30979329
0.24099999	-0.20007996	0.35946727
0.24199999	0.21662770	0.37410802
0.24299999	0.59251970	0.35171628
0.24399999	0.81326896	0.30499509
0.24499999	0.84473425	0.24080339
0.24599999	0.68251723	0.17651944
0.24699999	0.35270053	0.12137057
0.24799999	-0.06449926	0.10100885
0.24899999	-0.50824308	0.11860237
0.24999999	-0.78906250	0.15944882
0.25099999	-0.86774117	0.21758120
0.25199999	-0.73246801	0.28174213
0.25299999	-0.40074435	0.34233513
0.25399999	0.00150714	0.37146285
0.25499999	0.41486222	0.36478838
0.25599999	0.71432084	0.33270791
0.25699999	0.85414618	0.28001967
0.25799999	0.79100025	0.21588951
0.25899999	0.53620201	0.14985237
0.25999999	0.14828371	0.11158957
0.26099999	-0.31597564	0.10614542
0.26199999	-0.66676921	0.13558070
0.26299999	-0.85439223	0.19617371
0.26399999	-0.82452631	0.26048842
0.26499999	-0.57997048	0.31923598
0.26599999	-0.21238312	0.35685286
0.26699999	0.22462475	0.36715674
0.26799999	0.58556843	0.34990159
0.26899999	0.81616020	0.30810162
0.26999999	0.84836370	0.24689345
0.27099999	0.67771900	0.17541215
0.27199999	0.34879428	0.12561515
0.27299999	-0.08882874	0.10442298
0.27399999	-0.48597440	0.11611097
0.27499999	-0.78564835	0.15911049
0.27599999	-0.87038630	0.22047244
0.27699999	-0.72810042	0.29136935
0.27799999	-0.41830710	0.34378076
0.27899999	0.01507136	0.36980191
0.27999999	0.41716903	0.36687991
0.28099999	0.72828496	0.33541462
0.28199999	0.85599160	0.28005046
0.28299999	0.78032726	0.20918430
0.28399999	0.52768207	0.15074433
0.28499999	0.13733390	0.11318897
0.28599999	-0.28278789	0.10749877
0.28699999	-0.67144442	0.13475025
0.28799999	-0.86497295	0.18423967
0.28899999	-0.83710629	0.24843135
0.28999999	-0.60245448	0.30979329
0.29099999	-0.19263656	0.35946727
0.29199999	0.22422490	0.37410802
0.29299999	0.58676797	0.35171628
0.29399999	0.80118108	0.30484128
0.29499999	0.83326155	0.24003445
0.29599999	0.67427409	0.17882627
0.29699999	0.35051674	0.13035187
0.29799999	-0.06373031	0.10999016
0.29899999	-0.50805855	0.12090920
0.29999999	-0.78906250	0.15867987
0.30099999	-0.86774117	0.21742742
0.30199999	-0.73246801	0.28174213
0.30299999	-0.40074435	0.34233513
0.30399999	0.00150714	0.37146285
0.30499999	0.41486222	0.36478838
0.30599999	0.71432084	0.33270791
0.30699999	0.85414618	0.28001967
0.30799999	0.79100025	0.21588951
0.30899999	0.53620201	0.14985237
0.30999999	0.14828371	0.11174335
0.31099999	-0.31597564	0.10691437
0.31199999	-0.66676921	0.13327387
0.31299999	-0.85439223	0.18719243
0.31399999	-0.82452631	0.25132260
0.31499999	-0.57997048	0.31616017
0.31599999	-0.21222933	0.35992864
0.31699999	0.22539370	0.37629184
0.31799999	0.58310777	0.35885212
0.31899999	0.80640996	0.31040847
0.31999999	0.84184301	0.24612451
0.32099999	0.68513167	0.17525837
0.32199999	0.35620692	0.12561515
0.32299999	-0.09534941	0.10442298
0.32399999	-0.49575540	0.11611097
0.32499999	-0.78810900	0.15911049
0.32599999	-0.86961734	0.22047244
0.32699999	-0.72794658	0.29136935
0.32799999	-0.41830710	0.34393454
0.32899999	0.01507136	0.37057087
0.32999999	0.41701525	0.36457309
0.33099999	0.72751600	0.32640254
0.33199999	0.85832924	0.27106914
0.33299999	0.78933930	0.20684670
0.33399999	0.53669417	0.15151329
0.33499999	0.13964075	0.11334276
0.33599999	-0.28371063	0.10749877
0.33699999	-0.67236710	0.13475025
0.33799999	-0.86248153	0.18423967
0.33899999	-0.82732528	0.24843135
0.33999999	-0.59593379	0.30979329
0.34099999	-0.20007996	0.35946727
0.34199999	0.21662770	0.37410802
0.34299999	0.59251970	0.35171628
0.34399999	0.81326896	0.30499509
0.34499999	0.84473425	0.24080339
0.34599999	0.68251723	0.17667323
0.34699999	0.35270053	0.12213952
0.34799999	-0.06449926	0.09854823
0.34899999	-0.50824308	0.10882135
0.34999999	-0.78906250	0.15277436
0.35099999	-0.86774117	0.22428642
0.35199999	-0.73262179	0.29149237
0.35299999	-0.40151328	0.34479576
0.35399999	0.00396777	0.37069389
0.35499999	0.42461246	0.36463460
0.35599999	0.72102606	0.33270791
0.35699999	0.84750247	0.28001967
0.35799999	0.78125000	0.21588951
0.35899999	0.53374141	0.14985237
0.35999999	0.14905265	0.11174335
0.36099999	-0.31582186	0.10691437
0.36199999	-0.66676921	0.13327387
0.36299999	-0.85439223	0.18719243
0.36399999	-0.82452631	0.25132260
0.36499999	-0.57997048	0.31616017
0.36599999	-0.21238312	0.36008242
0.36699999	0.22462475	0.37706077
0.36799999	0.58541459	0.35654527
0.36899999	0.81542200	0.30139640
0.36999999	0.85085505	0.23711245
0.37099999	0.68743849	0.17292076
0.37199999	0.35543799	0.12653789
0.37299999	-0.09550320	0.10531496
0.37399999	-0.49560162	0.11380413
0.37499999	-0.78734004	0.15012918
0.37599999	-0.87192422	0.21149114
0.37699999	-0.73692793	0.28903174
0.37799999	-0.42713460	0.34454972
0.37899999	0.01353346	0.36995572
0.37999999	0.41544661	0.36687991
0.38099999	0.71868849	0.33541462
0.38199999	0.84931719	0.28005046
0.38299999	0.78700173	0.20918430
0.38399999	0.53746307	0.15074433
0.38499999	0.13979454	0.11318897
0.38599999	-0.28371063	0.10734498
0.38699999	-0.67236710	0.13398130
0.38799999	-0.86248153	0.18654650
0.38899999	-0.82732528	0.25744340
0.38999999	-0.59593379	0.31880537
0.39099999	-0.20007996	0.36180487
0.39199999	0.21678150	0.37333909
0.39299999	0.59328860	0.35153174
0.39399999	0.81096208	0.30499509
0.39499999	0.83575296	0.24080339
0.39599999	0.67353594	0.17667323
0.39699999	0.35036293	0.12213952
0.39799999	-0.06373031	0.09870202
0.39899999	-0.50805855	0.10959031
0.39999999	-0.78906250	0.15043676
0.40099999	-0.86774117	0.21527436
0.40199999	-0.73262179	0.28251109
0.40299999	-0.40151328	0.34248891
0.40399999	0.00396777	0.37161663
0.40499999	0.42461246	0.36555734
0.40599999	0.72087228	0.33040109
0.40699999	0.84673351	0.27103838
0.40799999	0.78358757	0.20687746
0.40899999	0.54272270	0.14751476
0.40999999	0.15806471	0.11251231
0.41099999	-0.31351501	0.10706816
0.41199999	-0.66753817	0.13327387
0.41299999	-0.85454601	0.18719243
0.41399999	-0.82452631	0.25147638
0.41499999	-0.57997048	0.31689838
0.41599999	-0.21238312	0.35762179
0.41699999	0.22462475	0.36731052
0.41799999	0.58541459	0.34990159
0.41899999	0.81542200	0.30810162
0.41999999	0.85085505	0.24689345
0.42099999	0.68743849	0.17541215
0.42199999	0.35543799	0.12561515
0.42299999	-0.09550320	0.10442298
0.42399999	-0.49575540	0.11611097
0.42499999	-0.78810900	0.15911049
0.42599999	-0.86961734	0.22047244
0.42699999	-0.72794658	0.29136935
0.42799999	-0.41815329	0.34378076
0.42899999	0.01584031	0.36980191
0.42999999	0.41470841	0.36687991
0.43099999	0.71853471	0.33541462
0.43199999	0.84947097	0.28005046
0.43299999	0.78777069	0.20918430
0.43399999	0.53512549	0.15074433
0.43499999	0.13081324	0.11318897
0.43599999	-0.29287648	0.10749877
0.43699999	-0.67544293	0.13475025
0.43799999	-0.85940576	0.18423967
0.43899999	-0.81822097	0.24843135
0.43999999	-0.58695251	0.30979329
0.44099999	-0.19777313	0.35946727
0.44199999	0.21585876	0.37410802
0.44299999	0.59236592	0.35171628
0.44399999	0.81326896	0.30484128
0.44499999	0.84473425	0.24003445
0.44599999	0.68267101	0.17898007
0.44699999	0.35343874	0.13112082
0.44799999	-0.06680610	0.10768332
0.44899999	-0.51722443	0.11189715
0.44999999	-0.79807454	0.14969857
0.45099999	-0.87007874	0.21512057
0.45199999	-0.73169905	0.28235728
0.45299999	-0.40059054	0.34171999
0.45399999	0.00150714	0.37395424
0.45499999	0.41486222	0.37453863
0.45599999	0.71432084	0.33938238
0.45699999	0.85414618	0.27334523
0.45799999	0.79100025	0.20610851
0.45899999	0.53620201	0.14736098
0.45999999	0.14828371	0.11251231
0.46099999	-0.31597564	0.10706816
0.46199999	-0.66661543	0.13327387
0.46299999	-0.85362327	0.18719243
0.46399999	-0.82683319	0.25132260
0.46499999	-0.58895177	0.31616017
0.46599999	-0.22124138	0.36008242
0.46699999	0.22305611	0.37706077
0.46799999	0.58387673	0.35654527
0.46899999	0.80656374	0.30139640
0.46999999	0.84184301	0.23711245
0.47099999	0.68513167	0.17292076
0.47199999	0.35620692	0.12638411
0.47299999	-0.09534941	0.10457677
0.47399999	-0.49575540	0.11626476
0.47499999	-0.78810900	0.15987943
0.47599999	-0.86961734	0.21816561
0.47699999	-0.72794658	0.28238803
0.47799999	-0.41830710	0.33479947
0.47899999	0.01507136	0.36749509
0.47999999	0.41716903	0.36764887
0.48099999	0.72828496	0.33556840
0.48199999	0.85599160	0.28005046
0.48299999	0.78032726	0.20918430
0.48399999	0.52768207	0.15074433
0.48499999	0.13733390	0.11318897
0.48599999	-0.28294167	0.10749877
0.48699999	-0.67221332	0.13475025
0.48799999	-0.86248153	0.18423967
0.48899999	-0.82732528	0.24843135
0.48999999	-0.59593379	0.30979329
0.49099999	-0.20007996	0.35946727
0.49199999	0.21662770	0.37410802
0.49299999	0.59251970	0.35171628
0.49399999	0.81326896	0.30484128
0.49499999	0.84473425	0.24003445
0.49599999	0.68251723	0.17882627
0.49699999	0.35270053	0.13035187
0.49799999	-0.06449926	0.10999016
0.49899999	-0.50824308	0.12090920
0.49999999	-0.78906250	0.15867987
0.50099999	-0.86774117	0.21742742
0.50199999	-0.73246801	0.28174213
0.50299999	-0.40074435	0.34233513
0.50399999	0.00166093	0.37146285
0.50499999	0.41563115	0.36478838
0.50599999	0.71201402	0.33270791
0.50699999	0.84519559	0.28001967
0.50799999	0.78201896	0.21588951
0.50899999	0.53389519	0.14985237
0.50999999	0.14905265	0.11174335
0.51099999	-0.31582186	0.10691437
0.51199999	-0.66676921	0.13327387
0.51299999	-0.85439223	0.18719243
0.51399999	-0.82452631	0.25132260
0.51499999	-0.57997048	0.31616017
0.51599999	-0.21238312	0.35992864
0.51699999	0.22462475	0.37629184
0.51799999	0.58541459	0.35885212
0.51899999	0.81542200	0.31040847
0.51999999	0.85085505	0.24612451
0.52099999	0.68743849	0.17525837
0.52199999	0.35543799	0.12561515
0.52299999	-0.09550320	0.10442298
0.52399999	-0.49575540	0.11611097
0.52499999	-0.78810900	0.15911049
0.52599999	-0.86961734	0.22047244
0.52699999	-0.72794658	0.29136935
0.52799999	-0.41830710	0.34378076
0.52899999	0.01507136	0.36980191
0.52999999	0.41701525	0.36687991
0.53099999	0.72751600	0.33541462
0.53199999	0.85848302	0.28005046
0.53299999	0.79010826	0.20918430
0.53399999	0.53435653	0.15074433
0.53499999	0.13065945	0.11318897
0.53599999	-0.29272267	0.10734498
0.53699999	-0.67470473	0.13398130
0.53799999	-0.86171257	0.18654650
0.53899998	-0.82717150	0.25744340
0.53999998	-0.59593379	0.31880537
0.54099998	-0.20007996	0.36180487
0.54199998	0.21662770	0.37333909
0.54299998	0.59251970	0.35153174
0.54399998	0.81326896	0.30484128
0.54499998	0.84473425	0.24003445
0.54599998	0.68267101	0.17882627
0.54699998	0.35343874	0.13035187
0.54799998	-0.06680610	0.10983637
0.54899998	-0.51722443	0.12014025
0.54999998	-0.79807454	0.16101746
0.55099998	-0.87007874	0.22643946
0.55199998	-0.73169905	0.29072341
0.55299998	-0.40059054	0.34464198
0.55399998	0.00150714	0.37084767
0.55499998	0.41486222	0.36540353
0.55599998	0.71432084	0.33040109
0.55699998	0.85414618	0.27103838
0.55799998	0.79100025	0.20687746
0.55899998	0.53620201	0.14751476
0.55999998	0.14828371	0.11251231
0.56099998	-0.31597564	0.10706816
0.56199998	-0.66676921	0.13327387
0.56299998	-0.85439223	0.18719243
0.56399998	-0.82452631	0.25147638
0.56499998	-0.57997048	0.31689838
0.56599998	-0.21238312	0.35762179
0.56699998	0.22462475	0.36731052
0.56799998	0.58556843	0.34990159
0.56899998	0.81616020	0.30810162
0.56999998	0.84851748	0.24689345
0.57099998	0.67845720	0.17541215
0.57199998	0.34648746	0.12561515
0.57299998	-0.09781004	0.10442298
0.57399998	-0.49483266	0.11611097
0.57499998	-0.78718626	0.15911049
0.57599998	-0.87192422	0.22047244
0.57699998	-0.73692793	0.29136935
0.57799998	-0.42728838	0.34378076
0.57899998	0.01276452	0.36980191
0.57999998	0.41778421	0.36687991
0.58099998	0.72766978	0.33541462
0.58199998	0.85832924	0.28005046
0.58299998	0.78933930	0.20918430
0.58399998	0.53669417	0.15074433
0.58499998	0.13964075	0.11318897
0.58599998	-0.28371063	0.10734498
0.58699998	-0.67236710	0.13398130
0.58799998	-0.86248153	0.18654650
0.58899998	-0.82732528	0.25744340
0.58999998	-0.59593379	0.31862080
0.59099998	-0.20007996	0.36103591
0.59199998	0.21662770	0.37567666
0.59299998	0.59251970	0.36054379
0.59399998	0.81326896	0.31382260
0.59499998	0.84473425	0.24234129
0.59599998	0.68251723	0.17805733
0.59699998	0.35270053	0.13019808
0.59799998	-0.06449926	0.10999016
0.59899998	-0.50824308	0.12090920
0.59999998	-0.78906250	0.15867987
0.60099998	-0.86774117	0.21742742
0.60199998	-0.73262179	0.28174213
0.60299998	-0.40151328	0.34233513
0.60399998	0.00381398	0.37161663
0.60499998	0.42384350	0.36555734
0.60599998	0.72333294	0.33040109
0.60699998	0.85648376	0.27103838
0.60799998	0.79023129	0.20687746
0.60899998	0.53604823	0.14751476
0.60999998	0.14828371	0.11251231
0.61099998	-0.31597564	0.10706816
0.61199998	-0.66676921	0.13327387
0.61299998	-0.85439223	0.18719243
0.61399998	-0.82452631	0.25132260
0.61499998	-0.57997048	0.31616017
0.61599998	-0.21222933	0.35992864
0.61699998	0.22539370	0.37629184
0.61799998	0.58310777	0.35885212
0.61899998	0.80640996	0.31040847
0.61999998	0.84184301	0.24612451
0.62099998	0.68513167	0.17525837
0.62199998	0.35620692	0.12561515
0.62299998	-0.09534941	0.10442298
0.62399998	-0.49575540	0.11611097
0.62499998	-0.78810900	0.15911049
0.62599998	-0.86961734	0.22047244
0.62699998	-0.72794658	0.29136935
0.62799998	-0.41830710	0.34378076
0.62899998	0.01507136	0.36980191
0.62999998	0.41701525	0.36687991
0.63099998	0.72751600	0.33541462
0.63199998	0.85832924	0.28005046
0.63299998	0.78933930	0.20918430
0.63399998	0.53669417	0.15074433
0.63499998	0.13964075	0.11318897
0.63599998	-0.28371063	0.10734498
0.63699998	-0.67236710	0.13398130
0.63799998	-0.86248153	0.18654650
0.63899998	-0.82732528	0.25744340
0.63999998	-0.59578001	0.31880537
0.64099998	-0.19931102	0.36180487
0.64199998	0.21432087	0.37333909
0.64299998	0.58350760	0.35153174
0.64399998	0.80444145	0.30484128
0.64499998	0.84319633	0.24003445
0.64599998	0.68097931	0.17898007
0.64699998	0.34384227	0.13112082
0.64799998	-0.07351132	0.10752953
0.64899998	-0.51054996	0.11112820
0.64999998	-0.78832430	0.15200542
0.65099998	-0.86758733	0.22413263
0.65199998	-0.73262179	0.29149237
0.65299998	-0.40151328	0.34479576
0.65399998	0.00381398	0.37084767
0.65499998	0.42384350	0.36540353
0.65599998	0.72333294	0.33040109
0.65699998	0.85648376	0.27103838
0.65799998	0.79023129	0.20687746
0.65899998	0.53604823	0.14751476
0.65999998	0.14828371	0.11251231
0.66099998	-0.31597564	0.10706816
0.66199998	-0.66661543	0.13327387
0.66299998	-0.85362327	0.18719243
0.66399998	-0.82683319	0.25132260
0.66499998	-0.58895177	0.31616017
0.66599998	-0.22124138	0.35992864
0.66699998	0.22305611	0.37629184
0.66799998	0.58403051	0.35885212
0.66899998	0.80733269	0.31040847
0.66999998	0.83953619	0.24612451
0.67099998	0.67615032	0.17525837
0.67199998	0.34725639	0.12561515
0.67299998	-0.09765625	0.10442298
0.67399998	-0.49498647	0.11611097
0.67499998	-0.78795522	0.15911049
0.67599998	-0.86961734	0.22047244
0.67699998	-0.72794658	0.29136935
0.67799998	-0.41830710	0.34378076
0.67899998	0.01507136	0.36980191
0.67999998	0.41716903	0.36687991
0.68099998	0.72828496	0.33541462
0.68199998	0.85614544	0.28005046
0.68299998	0.78109622	0.20918430
0.68399998	0.52537525	0.15074433
0.68499998	0.12832186	0.11318897
0.68599998	-0.29195374	0.10734498
0.68699998	-0.67455095	0.13398130
0.68799998	-0.86171257	0.18654650
0.68899998	-0.82717150	0.25744340
0.68999998	-0.59578001	0.31880537
0.69099998	-0.19931102	0.36180487
0.69199998	0.21432087	0.37333909
0.69299998	0.58350760	0.35153174
0.69399998	0.80428767	0.30499509
0.69499998	0.84242743	0.24080339
0.69599998	0.68343997	0.17651944
0.69699998	0.35359251	0.12137057
0.69799998	-0.06680610	0.10100885
0.69899998	-0.51722443	0.11860237
0.69999998	-0.79807454	0.15944882
0.70099998	-0.87007874	0.21758120
0.70199998	-0.73169905	0.28174213
0.70299998	-0.40059054	0.34233513
0.70399998	0.00166093	0.37161663
0.70499998	0.41563115	0.36555734
0.70599998	0.71201402	0.33040109
0.70699998	0.84519559	0.27103838
0.70799998	0.78201896	0.20687746
0.70899998	0.53389519	0.14751476
0.70999998	0.14905265	0.11251231
0.71099998	-0.31582186	0.10706816
0.71199998	-0.66676921	0.13327387
0.71299998	-0.85439223	0.18719243
0.71399998	-0.82452631	0.25147638
0.71499998	-0.57997048	0.31689838
0.71599998	-0.21238312	0.35762179
0.71699998	0.22462475	0.36731052
0.71799998	0.58541459	0.34990159
0.71899998	0.81542200	0.30810162
0.71999998	0.85085505	0.24689345
0.72099998	0.68743849	0.17541215
0.72199998	0.35543799	0.12561515
0.72299998	-0.09550320	0.10442298
0.72399998	-0.49575540	0.11611097
0.72499998	-0.78810900	0.15911049
0.72599998	-0.86961734	0.22047244
0.72699998	-0.72794658	0.29136935
0.72799998	-0.41830710	0.34378076
0.72899998	0.01507136	0.36980191
0.72999998	0.41701525	0.36687991
0.73099998	0.72751600	0.33541462
0.73199998	0.85848302	0.28020424
0.73299998	0.79010826	0.20992249
0.73399998	0.53435653	0.14840674
0.73499998	0.13065945	0.10420768
0.73599998	-0.29272267	0.09833292
0.73699998	-0.67470473	0.13167445
0.73799998	-0.86171257	0.18731545
0.73899998	-0.82717150	0.25759721
0.73999998	-0.59593379	0.31880537
0.74099998	-0.20007996	0.36180487
0.74199998	0.21662770	0.37333909
0.74299998	0.59251970	0.35153174
0.74399998	0.81326896	0.30499509
0.74499998	0.84473425	0.24080339
0.74599998	0.68251723	0.17651944
0.74699998	0.35270053	0.12137057
0.74799998	-0.06449926	0.10100885
0.74899998	-0.50824308	0.11860237
0.74999998	-0.78906250	0.15944882
0.75099998	-0.86774117	0.21758120
0.75199998	-0.73262179	0.28174213
0.75299998	-0.40151328	0.34233513
0.75399998	0.00381398	0.37161663
0.75499998	0.42384350	0.36555734
0.75599998	0.72333294	0.33040109
0.75699998	0.85648376	0.27103838
0.75799998	0.79023129	0.20687746
0.75899998	0.53604823	0.14751476
0.75999998	0.14828371	0.11251231
0.76099998	-0.31597564	0.10706816
0.76199998	-0.66661543	0.13327387
0.76299998	-0.85362327	0.18719243
0.76399998	-0.82683319	0.25132260
0.76499998	-0.58895177	0.31616017
0.76599998	-0.22124138	0.36008242
0.76699998	0.22305611	0.37706077
0.76799998	0.58403051	0.35654527
0.76899998	0.80733269	0.30139640
0.76999998	0.83953619	0.23711245
0.77099998	0.67615032	0.17292076
0.77199998	0.34725639	0.12638411
0.77299998	-0.09765625	0.10457677
0.77399998	-0.49498647	0.11611097
0.77499998	-0.78795522	0.15911049
0.77599998	-0.86961734	0.22047244
0.77699998	-0.72794658	0.29136935
0.77799998	-0.41830710	0.34378076
0.77899998	0.01507136	0.36980191
0.77999998	0.41716903	0.36687991
0.78099998	0.72828496	0.33541462
0.78199998	0.85599160	0.28005046
0.78299998	0.78032726	0.20918430
0.78399998	0.52768207	0.15074433
0.78499998	0.13733390	0.11318897
0.78599998	-0.28294167	0.10749877
0.78699998	-0.67221332	0.13475025
0.78799998	-0.86263531	0.18423967
0.78899998	-0.82809424	0.24843135
0.78999998	-0.59362698	0.30979329
0.79099998	-0.19109868	0.35946727
0.79199998	0.22563976	0.37410802
0.79299998	0.59482652	0.35171628
0.79399998	0.81250000	0.30484128
0.79499998	0.84458047	0.24003445
0.79599998	0.68251723	0.17898007
0.79699998	0.35270053	0.13112082
0.79799998	-0.06449926	0.10768332
0.79899998	-0.50824308	0.11189715
0.79999998	-0.78906250	0.14969857
0.80099998	-0.86774117	0.21512057
0.80199998	-0.73246801	0.28251109
0.80299998	-0.40074435	0.34248891
0.80399998	0.00166093	0.37161663
0.80499998	0.41563115	0.36555734
0.80599998	0.71201402	0.33040109
0.80699998	0.84519559	0.27103838
0.80799998	0.78217274	0.20687746
0.80899998	0.53466409	0.14751476
0.80999998	0.14674582	0.11251231
0.81099998	-0.32483390	0.10706816
0.81199998	-0.67578125	0.13327387
0.81299998	-0.85672981	0.18719243
0.81399998	-0.82375735	0.25132260
0.81499998	-0.57981670	0.31616017
0.81599998	-0.21222933	0.35992864
0.81699998	0.22539370	0.37629184
0.81799998	0.58326155	0.35885212
0.81899998	0.80717891	0.31040847
0.81999998	0.83953619	0.24612451
0.82099998	0.67615032	0.17525837
0.82199998	0.34725639	0.12561515
0.82299998	-0.09765625	0.10442298
0.82399998	-0.49498647	0.11611097
0.82499998	-0.78795522	0.15911049
0.82599998	-0.86961734	0.22047244
0.82699998	-0.72794658	0.29136935
0.82799998	-0.41830710	0.34393454
0.82899998	0.01507136	0.37057087
0.82999998	0.41701525	0.36457309
0.83099998	0.72751600	0.32640254
0.83199998	0.85848302	0.27122292
0.83299998	0.79010826	0.20761564
0.83399998	0.53435653	0.14917569
0.83499998	0.13065945	0.10436147
0.83599998	-0.29272267	0.09848671
0.83699998	-0.67470473	0.13244340
0.83799998	-0.86171257	0.18500862
0.83899998	-0.82717150	0.24858513
0.83999998	-0.59593379	0.30979329
0.84099998	-0.20007996	0.35946727
0.84199998	0.21662770	0.37410802
0.84299998	0.59251970	0.35171628
0.84399998	0.81342274	0.30484128
0.84499998	0.84550321	0.24003445
0.84599998	0.68021035	0.17882627
0.84699998	0.34368849	0.13035187
0.84799998	-0.07351132	0.10983637
0.84899998	-0.51054996	0.12014025
0.84999998	-0.78832430	0.16101746
0.85099998	-0.86758733	0.22643946
0.85199998	-0.73262179	0.29072341
0.85299998	-0.40151328	0.34464198
0.85399998	0.00381398	0.37084767
0.85499998	0.42384350	0.36540353
0.85599998	0.72333294	0.33040109
0.85699998	0.85648376	0.27103838
0.85799998	0.79023129	0.20687746
0.85899998	0.53604823	0.14751476
0.85999998	0.14828371	0.11251231
0.86099998	-0.31597564	0.10706816
0.86199998	-0.66661543	0.13327387
0.86299998	-0.85362327	0.18719243
0.86399998	-0.82683319	0.25132260
0.86499998	-0.58895177	0.31616017
0.86599998	-0.22139518	0.35992864
0.86699998	0.22231792	0.37629184
0.86799998	0.58618355	0.35885212
0.86899998	0.81557578	0.31040847
0.86999998	0.85070127	0.24612451
0.87099998	0.68666953	0.17525837
0.87199998	0.35777560	0.12561515
0.87299998	-0.08652190	0.10442298
0.87399998	-0.48674336	0.11611097
0.87499998	-0.78580219	0.15911049
0.87599998	-0.87038630	0.22047244
0.87699998	-0.72810042	0.29136935
0.87799998	-0.41830710	0.34378076
0.87899998	0.01507136	0.36980191
0.87999998	0.41716903	0.36687991
0.88099998	0.72828496	0.33541462
0.88199998	0.85599160	0.28005046
0.88299998	0.78032726	0.20918430
0.88399998	0.52768207	0.15074433
0.88499998	0.13733390	0.11318897
0.88599998	-0.28294167	0.10749877
0.88699998	-0.67221332	0.13475025
0.88799998	-0.86248153	0.18423967
0.88899998	-0.82732528	0.24843135
0.88999998	-0.59593379	0.30979329
0.89099998	-0.20007996	0.35946727
0.89199997	0.21678150	0.37410802
0.89299997	0.59328860	0.35171628
0.89399997	0.81096208	0.30499509
0.89499997	0.83575296	0.24080339
0.89599997	0.67353594	0.17651944
0.89699997	0.35036293	0.12137057
0.89799997	-0.06373031	0.10100885
0.89899997	-0.50805855	0.11860237
0.89999997	-0.78906250	0.15944882
0.90099997	-0.86774117	0.21758120
0.90199997	-0.73262179	0.28174213
0.90299997	-0.40151328	0.34233513
0.90399997	0.00396777	0.37161663
0.90499997	0.42461246	0.36555734
0.90599997	0.72102606	0.33040109
0.90699997	0.84750247	0.27103838
0.90799997	0.78125000	0.20687746
0.90899997	0.53374141	0.14751476
0.90999997	0.14905265	0.11251231
0.91099997	-0.31582186	0.10706816
0.91199997	-0.66676921	0.13327387
0.91299997	-0.85439223	0.18719243
0.91399997	-0.82452631	0.25132260
0.91499997	-0.57997048	0.31616017
0.91599997	-0.21238312	0.35992864
0.91699997	0.22462475	0.37629184
0.91799997	0.58541459	0.35885212
0.91899997	0.81542200	0.31040847
0.91999997	0.85085505	0.24612451
0.92099997	0.68743849	0.17525837
0.92199997	0.35543799	0.12576894
0.92299997	-0.09550320	0.10516117
0.92399997	-0.49575540	0.11395792
0.92499997	-0.78810900	0.15089813
0.92599997	-0.86961734	0.20918430
0.92699997	-0.72794658	0.28005046
0.92799997	-0.41815329	0.33556840
0.92899997	0.01584031	0.36764887
0.92999997	0.41470841	0.36764887
0.93099997	0.71853471	0.33556840
0.93199997	0.84931719	0.28005046
0.93299997	0.78700173	0.20918430
0.93399997	0.53746307	0.15074433
0.93499997	0.13979454	0.11318897
0.93599997	-0.28371063	0.10734498
0.93699997	-0.67236710	0.13398130
0.93799997	-0.86248153	0.18654650
0.93899997	-0.82732528	0.25744340
0.93999997	-0.59578001	0.31880537
0.94099997	-0.19931102	0.36180487
0.94199997	0.21432087	0.37333909
0.94299997	0.58350760	0.35153174
0.94399997	0.80428767	0.30499509
0.94499997	0.84242743	0.24080339
0.94599997	0.68328619	0.17667323
0.94699997	0.35285434	0.12213952
0.94799997	-0.06449926	0.09870202
0.94899997	-0.50824308	0.10959031
0.94999997	-0.78906250	0.15043676
0.95099997	-0.86774117	0.21527436
0.95199997	-0.73246801	0.28251109
0.95299997	-0.40074435	0.34248891
0.95399997	0.00150714	0.37161663
0.95499997	0.41486222	0.36555734
0.95599997	0.71432084	0.33040109
0.95699997	0.85414618	0.27103838
0.95799997	0.79100025	0.20687746
0.95899997	0.53620201	0.14751476
0.95999997	0.14828371	0.11251231
0.96099997	-0.31597564	0.10706816
0.96199997	-0.66676921	0.13327387
0.96299997	-0.85439223	0.18719243
0.96399997	-0.82452631	0.25132260
0.96499997	-0.57997048	0.31616017
0.96599997	-0.21238312	0.35992864
0.96699997	0.22462475	0.37629184
0.96799997	0.58556843	0.35885212
0.96899997	0.81616020	0.31040847
0.96999997	0.84836370	0.24612451
0.97099997	0.67771900	0.17525837
0.97199997	0.34879428	0.12561515
0.97299997	-0.08882874	0.10442298
0.97399997	-0.48597440	0.11611097
0.97499997	-0.78564835	0.15911049
0.97599997	-0.87038630	0.22031865
0.97699997	-0.72810042	0.29060039
0.97799997	-0.41830710	0.34608760
0.97899997	0.01507136	0.37881398
0.97999997	0.41716903	0.37589198
0.98099997	0.72828496	0.33772147
0.98199997	0.85599160	0.27928150
0.98299997	0.78032726	0.20903051
0.98399997	0.52768207	0.15074433
0.98499997	0.13733390	0.11318897
0.98599997	-0.28294167	0.10734498
0.98699997	-0.67221332	0.13398130
0.98799997	-0.86248153	0.18654650
0.98899997	-0.82732528	0.25744340
0.98999997	-0.59593379	0.31880537
0.99099997	-0.20007996	0.36180487
0.99199997	0.21662770	0.37333909
0.99299997	0.59251970	0.35153174
0.99399997	0.81326896	0.30484128
0.99499997	0.84473425	0.24003445
0.99599997	0.68251723	0.17882627
0.99699997	0.35270053	0.13035187
0.99799997	-0.06449926	0.10999016
0.99899997	-0.50824308	0.12090920
0.99999997	-0.78906250	0.15867987
1.00099997	-0.86774117	0.21742742
1.00199997	-0.73262179	0.28174213
1.00299997	-0.40151328	0.34233513
1.00399997	0.00396777	0.37161663
1.00499997	0.42461246	0.36555734
1.00599997	0.72102606	0.33040109
1.00699997	0.84750247	0.27103838
1.00799997	0.78125000	0.20687746
1.00899997	0.53374141	0.14751476
1.00999997	0.14905265	0.11251231
1.01099997	-0.31582186	0.10706816
1.01199997	-0.66676921	0.13327387
1.01299997	-0.85439223	0.18719243
1.01399997	-0.82452631	0.25147638
1.01499997	-0.57997048	0.31689838
1.01599997	-0.21238312	0.35762179
1.01699997	0.22462475	0.36731052
1.01799997	0.58541459	0.34990159
1.01899997	0.81542200	0.30810162
1.01999997	0.85085505	0.24689345
1.02099997	0.68743849	0.17541215
1.02199997	0.35543799	0.12561515
1.02299997	-0.09550320	0.10442298
1.02399997	-0.49575540	0.11611097
1.02499997	-0.78810900	0.15911049
1.02599997	-0.86961734	0.22047244
1.02699997	-0.72794658	0.29136935
1.02799997	-0.41830710	0.34378076
1.02899997	0.01507136	0.36980191
1.02999997	0.41701525	0.36687991
1.03099997	0.72751600	0.33541462
1.03199997	0.85832924	0.28005046
1.03299997	0.78933930	0.20918430
1.03399997	0.53669417	0.15074433
1.03499997	0.13964075	0.11318897
1.03599997	-0.28371063	0.10734498
1.03699997	-0.67236710	0.13398130
1.03799997	-0.86248153	0.18654650
1.03899997	-0.82732528	0.25744340
1.03999997	-0.59593379	0.31880537
1.04099997	-0.20007996	0.36180487
1.04199997	0.21678150	0.37333909
1.04299997	0.59328860	0.35153174
1.04399997	0.81096208	0.30484128
1.04499997	0.83575296	0.24003445
1.04599997	0.67353594	0.17898007
1.04699997	0.35036293	0.13112082
1.04799997	-0.06373031	0.10752953
1.04899997	-0.50805855	0.11112820
1.04999997	-0.78906250	0.15215920
1.05099997	-0.86774117	0.22487082
1.05199997	-0.73262179	0.28918552
1.05299997	-0.40151328	0.33581448
1.05399997	0.00396777	0.36186638
1.05499997	0.42461246	0.36306596
1.05599997	0.72102606	0.33117002
1.05699997	0.84750247	0.27119216
1.05799997	0.78125000	0.20687746
1.05899997	0.53374141	0.14751476
1.05999997	0.14905265	0.11251231
1.06099997	-0.31582186	0.10706816
1.06199997	-0.66676921	0.13327387
1.06299997	-0.85439223	0.18719243
1.06399997	-0.82452631	0.25147638
1.06499997	-0.57997048	0.31689838
1.06599997	-0.21238312	0.35762179
1.06699997	0.22462475	0.36731052
1.06799997	0.58541459	0.34990159
1.06899997	0.81542200	0.30810162
1.06999997	0.85070127	0.24689345
1.07099997	0.68666953	0.17541215
1.07199997	0.35777560	0.12561515
1.07299997	-0.08652190	0.10442298
1.07399997	-0.48674336	0.11626476
1.07499997	-0.78580219	0.15987943
1.07599997	-0.87038630	0.21801181
1.07699997	-0.72810042	0.28161910
1.07799997	-0.41830710	0.33710629
1.07899997	0.01507136	0.37650713
1.07999997	0.41716903	0.37666091
1.08099997	0.72828496	0.33787525
1.08199997	0.85614544	0.27928150
1.08299997	0.78109622	0.20903051
1.08399997	0.52537525	0.15074433
1.08499997	0.12832186	0.11318897
1.08599997	-0.29195374	0.10749877
1.08699997	-0.67455095	0.13475025
1.08799997	-0.86171257	0.18423967
1.08899997	-0.82717150	0.24843135
1.08999997	-0.59593379	0.30979329
1.09099997	-0.20007996	0.35946727
1.09199997	0.21662770	0.37410802
1.09299997	0.59251970	0.35171628
1.09399997	0.81326896	0.30499509
1.09499997	0.84473425	0.24080339
1.09599997	0.68267101	0.17651944
1.09699997	0.35343874	0.12137057
1.09799997	-0.06680610	0.10085507
1.09899997	-0.51722443	0.11783341
1.09999997	-0.79807454	0.16175567
1.10099997	-0.87007874	0.22659326
1.10199997	-0.73185283	0.29072341
1.10299997	-0.40135950	0.34464198
1.10399997	0.00396777	0.37084767
1.10499997	0.42461246	0.36540353
1.10599997	0.72102606	0.33040109
1.10699997	0.84750247	0.27103838
1.10799997	0.78125000	0.20687746
1.10899997	0.53374141	0.14751476
1.10999997	0.14905265	0.11251231
1.11099997	-0.31582186	0.10706816
1.11199997	-0.66676921	0.13327387
1.11299997	-0.85439223	0.18719243
1.11399997	-0.82452631	0.25132260
1.11499997	-0.57997048	0.31616017
1.11599997	-0.21222933	0.36008242
1.11699997	0.22539370	0.37706077
1.11799997	0.58310777	0.35654527
1.11899997	0.80640996	0.30139640
1.11999997	0.84184301	0.23711245
1.12099997	0.68513167	0.17292076
1.12199997	0.35620692	0.12638411
1.12299997	-0.09534941	0.10457677
1.12399997	-0.49575540	0.11611097
1.12499997	-0.78810900	0.15911049
1.12599997	-0.86961734	0.22047244
1.12699997	-0.72794658	0.29136935
1.12799997	-0.41830710	0.34378076
1.12899997	0.01507136	0.36980191
1.12999997	0.41701525	0.36687991
1.13099997	0.72751600	0.33541462
1.13199997	0.85848302	0.28005046
1.13299997	0.79010826	0.20918430
1.13399997	0.53435653	0.15074433
1.13499997	0.13065945	0.11318897
1.13599997	-0.29272267	0.10734498
1.13699997	-0.67470473	0.13398130
1.13799997	-0.86171257	0.18654650
1.13899997	-0.82717150	0.25744340
1.13999997	-0.59593379	0.31862080
1.14099997	-0.20007996	0.36103591
1.14199997	0.21662770	0.37567666
1.14299997	0.59251970	0.36054379
1.14399997	0.81342274	0.31382260
1.14499997	0.84550321	0.24234129
1.14599997	0.68036419	0.17821112
1.14699997	0.34445742	0.13096702
1.14799997	-0.07581816	0.10768332
1.14899997	-0.51953125	0.11189715
1.14999997	-0.79730558	0.14969857
1.15099997	-0.86989421	0.21512057
1.15199997	-0.73185283	0.28251109
1.15299997	-0.40135950	0.34248891
1.15399997	0.00381398	0.37161663
1.15499997	0.42384350	0.36555734
1.15599997	0.72333294	0.33040109
1.15699997	0.85648376	0.27103838
1.15799997	0.79023129	0.20687746
1.15899997	0.53604823	0.14751476
1.15999997	0.14828371	0.11251231
1.16099997	-0.31597564	0.10706816
1.16199997	-0.66676921	0.13327387
1.16299997	-0.85439223	0.18719243
1.16399997	-0.82452631	0.25132260
1.16499997	-0.57997048	0.31616017
1.16599997	-0.21222933	0.35992864
1.16699997	0.22539370	0.37629184
1.16799997	0.58310777	0.35885212
1.16899997	0.80640996	0.31040847
1.16999997	0.84184301	0.24612451
1.17099997	0.68513167	0.17525837
1.17199997	0.35620692	0.12561515
1.17299997	-0.09534941	0.10442298
1.17399997	-0.49575540	0.11611097
1.17499997	-0.78810900	0.15911049
1.17599997	-0.86961734	0.22047244
1.17699997	-0.72794658	0.29136935
1.17799997	-0.41830710	0.34378076
1.17899997	0.01507136	0.36980191
1.17999997	0.41716903	0.36687991
1.18099997	0.72828496	0.33541462
1.18199997	0.85599160	0.28005046
1.18299997	0.78032726	0.20918430
1.18399997	0.52768207	0.15074433
1.18499997	0.13733390	0.11318897
1.18599997	-0.28294167	0.10734498
1.18699997	-0.67221332	0.13398130
1.18799997	-0.86248153	0.18654650
1.18899997	-0.82732528	0.25744340
1.18999997	-0.59593379	0.31880537
1.19099997	-0.20007996	0.36180487
1.19199997	0.21662770	0.37333909
1.19299997	0.59251970	0.35153174
1.19399997	0.81342274	0.30499509
1.19499997	0.84550321	0.24080339
1.19599997	0.68036419	0.17651944
1.19699997	0.34445742	0.12137057
1.19799997	-0.07581816	0.10085507
1.19899997	-0.51953125	0.11783341
1.19999997	-0.79730558	0.16175567
1.20099997	-0.86989421	0.22659326
1.20199997	-0.73169905	0.29072341
1.20299997	-0.40059054	0.34464198
1.20399997	0.00166093	0.37084767
1.20499997	0.41563115	0.36540353
1.20599997	0.71201402	0.33040109
1.20699997	0.84519559	0.27103838
1.20799997	0.78201896	0.20687746
1.20899997	0.53389519	0.14751476
1.20999997	0.14905265	0.11251231
1.21099997	-0.31582186	0.10706816
1.21199997	-0.66676921	0.13327387
1.21299997	-0.85439223	0.18719243
1.21399997	-0.82452631	0.25147638
1.21499997	-0.57997048	0.31689838
1.21599997	-0.21222933	0.35777560
1.21699997	0.22539370	0.36807948
1.21799997	0.58326155	0.34756398
1.21899997	0.80717891	0.29908955
1.21999997	0.83953619	0.23788139
1.22099997	0.67615032	0.17307456
1.22199997	0.34725639	0.12638411
1.22299997	-0.09765625	0.10457677
1.22399997	-0.49498647	0.11611097
1.22499997	-0.78795522	0.15911049
1.22599997	-0.86961734	0.22047244
1.22699997	-0.72794658	0.29136935
1.22799997	-0.41830710	0.34393454
1.22899997	0.01507136	0.37057087
1.22999997	0.41701525	0.36457309
1.23099997	0.72751600	0.32640254
1.23199997	0.85848302	0.27122292
1.23299997	0.79010826	0.20761564
1.23399997	0.53435653	0.14917569
1.23499997	0.13065945	0.10436147
1.23599997	-0.29272267	0.09833292
1.23699997	-0.67470473	0.13167445
1.23799997	-0.86171257	0.18731545
1.23899997	-0.82717150	0.25759721
1.23999997	-0.59593379	0.31880537
1.24099997	-0.20007996	0.36180487
1.24199997	0.21678150	0.37333909
1.24299997	0.59328860	0.35153174
1.24399997	0.81111592	0.30484128
1.24499997	0.83649117	0.24003445
1.24599996	0.67135209	0.17882627
1.24699996	0.34211984	0.13035187
1.24799996	-0.07504921	0.10983637
1.24899996	-0.51937747	0.12014025
1.24999996	-0.79730558	0.16101746
1.25099996	-0.86989421	0.22643946
1.25199996	-0.73185283	0.29072341
1.25299996	-0.40135950	0.34464198
1.25399996	0.00381398	0.37084767
1.25499996	0.42384350	0.36540353
1.25599996	0.72333294	0.33040109
1.25699996	0.85648376	0.27103838
1.25799996	0.79023129	0.20687746
1.25899996	0.53604823	0.14751476
1.25999996	0.14828371	0.11251231
1.26099996	-0.31597564	0.10706816
1.26199996	-0.66676921	0.13327387
1.26299996	-0.85439223	0.18719243
1.26399996	-0.82452631	0.25132260
1.26499996	-0.57997048	0.31616017
1.26599996	-0.21222933	0.36008242
1.26699996	0.22539370	0.37706077
1.26799996	0.58326155	0.35654527
1.26899996	0.80717891	0.30139640
1.26999996	0.83953619	0.23711245
1.27099996	0.67615032	0.17292076
1.27199996	0.34725639	0.12638411
1.27299996	-0.09765625	0.10457677
1.27399996	-0.49498647	0.11611097
1.27499996	-0.78795522	0.15911049
1.27599996	-0.86961734	0.22047244
1.27699996	-0.72794658	0.29136935
1.27799996	-0.41830710	0.34393454
1.27899996	0.01507136	0.37057087
1.27999996	0.41701525	0.36457309
1.28099996	0.72751600	0.32640254
1.28199996	0.85832924	0.27106914
1.28299996	0.78933930	0.20684670
1.28399996	0.53669417	0.15151329
1.28499996	0.13964075	0.11334276
1.28599996	-0.28371063	0.10734498
1.28699996	-0.67236710	0.13398130
1.28799996	-0.86263531	0.18654650
1.28899996	-0.82809424	0.25744340
1.28999996	-0.59362698	0.31862080
1.29099996	-0.19109868	0.36103591
1.29199996	0.22579356	0.37567666
1.29299996	0.59559548	0.36054379
1.29399996	0.81019318	0.31397638
1.29499996	0.83559918	0.24311024
1.29599996	0.67353594	0.17575049
1.29699996	0.35036293	0.12121678
1.29799996	-0.06373031	0.10085507
1.29899996	-0.50805855	0.11783341
1.29999996	-0.78924704	0.16175567
1.30099996	-0.86851007	0.22659326
1.30199996	-0.73031497	0.29072341
1.30299996	-0.39253199	0.34464198
1.30399996	0.01294907	0.37084767
1.30499996	0.42695004	0.36540353
1.30599996	0.72025710	0.33040109
1.30699996	0.84734869	0.27103838
1.30799996	0.78125000	0.20687746
1.30899996	0.53374141	0.14751476
1.30999996	0.14905265	0.11251231
1.31099996	-0.31582186	0.10706816
1.31199996	-0.66676921	0.13327387
1.31299996	-0.85439223	0.18719243
1.31399996	-0.82452631	0.25147638
1.31499996	-0.57997048	0.31689838
1.31599996	-0.21222933	0.35777560
1.31699996	0.22539370	0.36807948
1.31799996	0.58310777	0.34756398
1.31899996	0.80640996	0.29908955
1.31999996	0.84184301	0.23788139
1.32099996	0.68513167	0.17307456
1.32199996	0.35620692	0.12638411
1.32299996	-0.09534941	0.10457677
1.32399996	-0.49575540	0.11611097
1.32499996	-0.78810900	0.15911049
1.32599996	-0.86961734	0.22047244
1.32699996	-0.72794658	0.29136935
1.32799996	-0.41830710	0.34393454
1.32899996	0.01507136	0.37057087
1.32999996	0.41701525	0.36457309
1.33099996	0.72751600	0.32640254
1.33199996	0.85848302	0.27106914
1.33299996	0.79010826	0.20684670
1.33399996	0.53435653	0.15151329
1.33499996	0.13065945	0.11334276
1.33599996	-0.29272267	0.10734498
1.33699996	-0.67470473	0.13398130
1.33799996	-0.86171257	0.18654650
1.33899996	-0.82717150	0.25744340
1.33999996	-0.59593379	0.31880537
1.34099996	-0.20007996	0.36180487
1.34199996	0.21662770	0.37333909
1.34299996	0.59251970	0.35153174
1.34399996	0.81326896	0.30484128
1.34499996	0.84473425	0.24003445
1.34599996	0.68251723	0.17898007
1.34699996	0.35270053	0.13112082
1.34799996	-0.06449926	0.10768332
1.34899996	-0.50824308	0.11189715
1.34999996	-0.78906250	0.14969857
1.35099996	-0.86774117	0.21512057
1.35199996	-0.73262179	0.28251109
1.35299996	-0.40151328	0.34248891
1.35399996	0.00396777	0.37161663
1.35499996	0.42461246	0.36555734
1.35599996	0.72102606	0.33040109
1.35699996	0.84750247	0.27103838
1.35799996	0.78125000	0.20687746
1.35899996	0.53374141	0.14751476
1.35999996	0.14905265	0.11251231
1.36099996	-0.31582186	0.10706816
1.36199996	-0.66661543	0.13327387
1.36299996	-0.85362327	0.18719243
1.36399996	-0.82683319	0.25132260
1.36499996	-0.58895177	0.31616017
1.36599996	-0.22124138	0.36008242
1.36699996	0.22305611	0.37706077
1.36799996	0.58403051	0.35654527
1.36899996	0.80733269	0.30139640
1.36999996	0.83953619	0.23711245
1.37099996	0.67615032	0.17292076
1.37199996	0.34725639	0.12638411
1.37299996	-0.09765625	0.10457677
1.37399996	-0.49498647	0.11611097
1.37499996	-0.78795522	0.15911049
1.37599996	-0.86961734	0.22047244
1.37699996	-0.72794658	0.29136935
1.37799996	-0.41830710	0.34393454
1.37899996	0.01507136	0.37057087
1.37999996	0.41716903	0.36457309
1.38099996	0.72828496	0.32640254
1.38199996	0.85614544	0.27106914
1.38299996	0.78109622	0.20684670
1.38399996	0.52537525	0.15151329
1.38499996	0.12832186	0.11334276
1.38599996	-0.29195374	0.10734498
1.38699996	-0.67455095	0.13398130
1.38799996	-0.86171257	0.18654650
1.38899996	-0.82717150	0.25744340
1.38999996	-0.59593379	0.31880537
1.39099996	-0.20007996	0.36180487
1.39199996	0.21662770	0.37333909
1.39299996	0.59251970	0.35153174
1.39399996	0.81326896	0.30499509
1.39499996	0.84473425	0.24080339
1.39599996	0.68267101	0.17651944
1.39699996	0.35343874	0.12137057
1.39799996	-0.06680610	0.10100885
1.39899996	-0.51722443	0.11860237
1.39999996	-0.79807454	0.15944882
1.40099996	-0.87007874	0.21758120
1.40199996	-0.73185283	0.28174213
1.40299996	-0.40135950	0.34233513
1.40399996	0.00396777	0.37161663
1.40499996	0.42461246	0.36555734
1.40599996	0.72102606	0.33040109
1.40699996	0.84750247	0.27103838
1.40799996	0.78125000	0.20687746
1.40899996	0.53374141	0.14751476
1.40999996	0.14905265	0.11251231
1.41099996	-0.31582186	0.10706816
1.41199996	-0.66676921	0.13327387
1.41299996	-0.85439223	0.18719243
1.41399996	-0.82452631	0.25132260
1.41499996	-0.57997048	0.31616017
1.41599996	-0.21222933	0.36008242
1.41699996	0.22539370	0.37706077
1.41799996	0.58310777	0.35654527
1.41899996	0.80640996	0.30139640
1.41999996	0.84184301	0.23711245
1.42099996	0.68513167	0.17292076
1.42199996	0.35620692	0.12638411
1.42299996	-0.09534941	0.10457677
1.42399996	-0.49575540	0.11611097
1.42499996	-0.78810900	0.15911049
1.42599996	-0.86961734	0.22047244
1.42699996	-0.72794658	0.29136935
1.42799996	-0.41815329	0.34378076
1.42899996	0.01584031	0.36980191
1.42999996	0.41470841	0.36687991
1.43099996	0.71853471	0.33541462
1.43199996	0.84947097	0.28020424
1.43299996	0.78777069	0.20992249
1.43399996	0.53512549	0.14840674
1.43499996	0.13081324	0.10420768
1.43599996	-0.29272267	0.09833292
1.43699996	-0.67470473	0.13167445
1.43799996	-0.86171257	0.18731545
1.43899996	-0.82717150	0.25759721
1.43999996	-0.59593379	0.31880537
1.44099996	-0.20007996	0.36180487
1.44199996	0.21662770	0.37333909
1.44299996	0.59251970	0.35153174
1.44399996	0.81326896	0.30484128
1.44499996	0.84473425	0.24003445
1.44599996	0.68251723	0.17882627
1.44699996	0.35270053	0.13035187
1.44799996	-0.06449926	0.10983637
1.44899996	-0.50824308	0.12014025
1.44999996	-0.78906250	0.16101746
1.45099996	-0.86774117	0.22643946
1.45199996	-0.73246801	0.29072341
1.45299996	-0.40074435	0.34464198
1.45399996	0.00150714	0.37084767
1.45499996	0.41486222	0.36540353
1.45599996	0.71432084	0.33040109
1.45699996	0.85414618	0.27103838
1.45799996	0.79100025	0.20687746
1.45899996	0.53620201	0.14751476
1.45999996	0.14828371	0.11251231
1.46099996	-0.31597564	0.10706816
1.46199996	-0.66676921	0.13327387
1.46299996	-0.85439223	0.18719243
1.46399996	-0.82452631	0.25132260
1.46499996	-0.57997048	0.31616017
1.46599996	-0.21238312	0.36008242
1.46699996	0.22462475	0.37706077
1.46799996	0.58541459	0.35654527
1.46899996	0.81542200	0.30139640
1.46999996	0.85085505	0.23711245
1.47099996	0.68743849	0.17292076
1.47199996	0.35543799	0.12638411
1.47299996	-0.09550320	0.10457677
1.47399996	-0.49575540	0.11626476
1.47499996	-0.78810900	0.15987943
1.47599996	-0.86961734	0.21816561
1.47699996	-0.72794658	0.28238803
1.47799996	-0.41830710	0.33495325
1.47899996	0.01507136	0.36826402
1.47999996	0.41716903	0.36534202
1.48099996	0.72828496	0.32655635
1.48199996	0.85614544	0.27106914
1.48299996	0.78109622	0.20684670
1.48399996	0.52537525	0.15151329
1.48499996	0.12832186	0.11334276
1.48599996	-0.29195374	0.10734498
1.48699996	-0.67455095	0.13398130
1.48799996	-0.86171257	0.18654650
1.48899996	-0.82717150	0.25744340
1.48999996	-0.59593379	0.31880537
1.49099996	-0.20007996	0.36180487
1.49199996	0.21662770	0.37333909
1.49299996	0.59251970	0.35153174
1.49399996	0.81326896	0.30499509
1.49499996	0.84473425	0.24080339
1.49599996	0.68267101	0.17651944
1.49699996	0.35343874	0.12137057
1.49799996	-0.06680610	0.10100885
1.49899996	-0.51722443	0.11860237
1.49999996	-0.79807454	0.15944882
1.50099996	-0.87007874	0.21758120
1.50199996	-0.73185283	0.28174213
1.50299996	-0.40135950	0.34233513
1.50399996	0.00396777	0.37161663
1.50499996	0.42461246	0.36555734
1.50599996	0.72102606	0.33040109
1.50699996	0.84750247	0.27103838
1.50799996	0.78125000	0.20687746
1.50899996	0.53374141	0.14751476
1.50999996	0.14905265	0.11251231
1.51099996	-0.31582186	0.10706816
1.51199996	-0.66676921	0.13327387
1.51299996	-0.85439223	0.18719243
1.51399996	-0.82452631	0.25132260
1.51499996	-0.57997048	0.31616017
1.51599996	-0.21238312	0.36008242
1.51699996	0.22462475	0.37706077
1.51799996	0.58541459	0.35654527
1.51899996	0.81542200	0.30139640
1.51999996	0.85085505	0.23711245
1.52099996	0.68743849	0.17292076
1.52199996	0.35543799	0.12638411
1.52299996	-0.09550320	0.10457677
1.52399996	-0.49575540	0.11611097
1.52499996	-0.78810900	0.15911049
1.52599996	-0.86961734	0.22047244
1.52699996	-0.72794658	0.29136935
1.52799996	-0.41815329	0.34393454
1.52899996	0.01584031	0.37057087
1.52999996	0.41486222	0.36457309
1.53099996	0.71930367	0.32640254
1.53199996	0.84701031	0.27106914
1.53299996	0.77802044	0.20684670
1.53399996	0.52845103	0.15151329
1.53499996	0.13748769	0.11334276
1.53599996	-0.28294167	0.10734498
1.53699996	-0.67221332	0.13398130
1.53799996	-0.86263531	0.18654650
1.53899996	-0.82809424	0.25744340
1.53999996	-0.59347320	0.31880537
1.54099996	-0.19032973	0.36180487
1.54199996	0.22330217	0.37333909
1.54299996	0.58584523	0.35153174
1.54399996	0.80367249	0.30484128
1.54499996	0.84304255	0.24003445
1.54599996	0.68097931	0.17882627
1.54699996	0.34384227	0.13035187
1.54799996	-0.07351132	0.10983637
1.54899996	-0.51054996	0.12014025
1.54999996	-0.78832430	0.16101746
1.55099996	-0.86758733	0.22643946
1.55199996	-0.73246801	0.29072341
1.55299996	-0.40074435	0.34464198
1.55399996	0.00150714	0.37084767
1.55499996	0.41486222	0.36540353
1.55599996	0.71432084	0.33040109
1.55699996	0.85414618	0.27103838
1.55799996	0.79100025	0.20687746
1.55899996	0.53620201	0.14751476
1.55999996	0.14828371	0.11251231
1.56099996	-0.31597564	0.10706816
1.56199996	-0.66676921	0.13327387
1.56299996	-0.85439223	0.18719243
1.56399996	-0.82452631	0.25132260
1.56499996	-0.57997048	0.31616017
1.56599996	-0.21238312	0.36008242
1.56699996	0.22462475	0.37706077
1.56799996	0.58556843	0.35654527
1.56899996	0.81616020	0.30139640
1.56999996	0.84851748	0.23711245
1.57099996	0.67845720	0.17292076
1.57199996	0.34648746	0.12638411
1.57299996	-0.09781004	0.10457677
1.57399996	-0.49498647	0.11626476
1.57499996	-0.78795522	0.15987943
1.57599996	-0.86961734	0.21816561
1.57699996	-0.72794658	0.28238803
1.57799996	-0.41830710	0.33479947
1.57899996	0.01507136	0.36749509
1.57999996	0.41716903	0.36764887
1.58099996	0.72828496	0.33556840
1.58199996	0.85599160	0.28005046
1.58299996	0.78032726	0.20918430
1.58399996	0.52768207	0.15074433
1.58499996	0.13733390	0.11318897
1.58599996	-0.28294167	0.10734498
1.58699996	-0.67221332	0.13398130
1.58799996	-0.86248153	0.18654650
1.58899996	-0.82732528	0.25744340
1.58999996	-0.59593379	0.31880537
1.59099996	-0.20007996	0.36180487
1.59199996	0.21662770	0.37333909
1.59299996	0.59251970	0.35153174
1.59399996	0.81342274	0.30499509
1.59499996	0.84550321	0.24080339
1.59599996	0.68021035	0.17651944
1.59699996	0.34368849	0.12137057
1.59799996	-0.07351132	0.10085507
1.59899995	-0.51054996	0.11783341
1.59999995	-0.78832430	0.16175567
1.60099995	-0.86758733	0.22659326
1.60199995	-0.73246801	0.29072341
1.60299995	-0.40074435	0.34464198
1.60399995	0.00166093	0.37084767
1.60499995	0.41563115	0.36540353
1.60599995	0.71201402	0.33024728
1.60699995	0.84519559	0.27026942
1.60799995	0.78217274	0.20921506
1.60899995	0.53466409	0.15652682
1.60999995	0.14674582	0.12152436
1.61099995	-0.32483390	0.10937500
1.61199995	-0.67578125	0.13250493
1.61299995	-0.85672981	0.18703863
1.61399995	-0.82375735	0.25132260
1.61499995	-0.57981670	0.31616017
1.61599995	-0.21222933	0.36008242
1.61699995	0.22539370	0.37706077
1.61799995	0.58310777	0.35654527
1.61899995	0.80640996	0.30139640
1.61999995	0.84184301	0.23711245
1.62099995	0.68513167	0.17292076
1.62199995	0.35620692	0.12638411
1.62299995	-0.09534941	0.10457677
1.62399995	-0.49575540	0.11611097
1.62499995	-0.78810900	0.15911049
1.62599995	-0.86961734	0.22047244
1.62699995	-0.72794658	0.29136935
1.62799995	-0.41815329	0.34378076
1.62899995	0.01584031	0.36980191
1.62999995	0.41470841	0.36687991
1.63099995	0.71853471	0.33541462
1.63199995	0.84947097	0.28005046
1.63299995	0.78777069	0.20918430
1.63399995	0.53512549	0.15074433
1.63499995	0.13081324	0.11318897
1.63599995	-0.29272267	0.10734498
1.63699995	-0.67470473	0.13398130
1.63799995	-0.86171257	0.18654650
1.63899995	-0.82717150	0.25744340
1.63999995	-0.59593379	0.31880537
1.64099995	-0.20007996	0.36180487
1.64199995	0.21662770	0.37333909
1.64299995	0.59251970	0.35153174
1.64399995	0.81342274	0.30499509
1.64499995	0.84550321	0.24080339
1.64599995	0.68021035	0.17651944
1.64699995	0.34368849	0.12137057
1.64799995	-0.07351132	0.10100885
1.64899995	-0.51054996	0.11860237
1.64999995	-0.78832430	0.15944882
1.65099995	-0.86758733	0.21758120
1.65199995	-0.73262179	0.28158835
1.65299995	-0.40151328	0.34156618
1.65399995	0.00396777	0.37395424
1.65499995	0.42461246	0.37453863
1.65599995	0.72102606	0.33938238
1.65699995	0.84750247	0.27334523
1.65799995	0.78125000	0.20610851
1.65899995	0.53374141	0.14736098
1.65999995	0.14905265	0.11251231
1.66099995	-0.31582186	0.10706816
1.66199995	-0.66676921	0.13327387
1.66299995	-0.85439223	0.18719243
1.66399995	-0.82452631	0.25132260
1.66499995	-0.57997048	0.31616017
1.66599995	-0.21238312	0.36008242
1.66699995	0.22462475	0.37706077
1.66799995	0.58556843	0.35654527
1.66899995	0.81616020	0.30139640
1.66999995	0.84851748	0.23711245
1.67099995	0.67845720	0.17292076
1.67199995	0.34648746	0.12638411
1.67299995	-0.09781004	0.10457677
1.67399995	-0.49498647	0.11611097
1.67499995	-0.78795522	0.15911049
1.67599995	-0.86961734	0.22047244
1.67699995	-0.72794658	0.29136935
1.67799995	-0.41830710	0.34378076
1.67899995	0.01507136	0.36980191
1.67999995	0.41716903	0.36687991
1.68099995	0.72828496	0.33541462
1.68199995	0.85599160	0.28005046
1.68299995	0.78032726	0.20918430
1.68399995	0.52768207	0.15074433
1.68499995	0.13733390	0.11318897
1.68599995	-0.28294167	0.10734498
1.68699995	-0.67221332	0.13398130
1.68799995	-0.86248153	0.18654650
1.68899995	-0.82732528	0.25744340
1.68999995	-0.59593379	0.31880537
1.69099995	-0.20007996	0.36180487
1.69199995	0.21662770	0.37333909
1.69299995	0.59251970	0.35153174
1.69399995	0.81326896	0.30484128
1.69499995	0.84473425	0.24003445
1.69599995	0.68251723	0.17882627
1.69699995	0.35270053	0.13035187
1.69799995	-0.06449926	0.10999016
1.69899995	-0.50824308	0.12090920
1.69999995	-0.78924704	0.15867987
1.70099995	-0.86851007	0.21742742
1.70199995	-0.73031497	0.28174213
1.70299995	-0.39253199	0.34233513
1.70399995	0.01294907	0.37161663
1.70499995	0.42695004	0.36555734
1.70599995	0.72025710	0.33040109
1.70699995	0.84734869	0.27103838
1.70799995	0.78125000	0.20687746
1.70899995	0.53374141	0.14751476
1.70999995	0.14905265	0.11251231
1.71099995	-0.31582186	0.10706816
1.71199995	-0.66676921	0.13327387
1.71299995	-0.85439223	0.18719243
1.71399995	-0.82452631	0.25132260
1.71499995	-0.57997048	0.31616017
1.71599995	-0.21222933	0.36008242
1.71699995	0.22539370	0.37706077
1.71799995	0.58310777	0.35654527
1.71899995	0.80640996	0.30139640
1.71999995	0.84184301	0.23711245
1.72099995	0.68513167	0.17292076
1.72199995	0.35620692	0.12638411
1.72299995	-0.09534941	0.10457677
1.72399995	-0.49575540	0.11611097
1.72499995	-0.78810900	0.15911049
1.72599995	-0.86961734	0.22047244
1.72699995	-0.72794658	0.29136935
1.72799995	-0.41830710	0.34393454
1.72899995	0.01507136	0.37057087
1.72999995	0.41716903	0.36457309
1.73099995	0.72828496	0.32640254
1.73199995	0.85614544	0.27106914
1.73299995	0.78109622	0.20684670
1.73399995	0.52537525	0.15151329
1.73499995	0.12832186	0.11334276
1.73599995	-0.29195374	0.10734498
1.73699995	-0.67455095	0.13398130
1.73799995	-0.86171257	0.18654650
1.73899995	-0.82717150	0.25744340
1.73999995	-0.59593379	0.31862080
1.74099995	-0.20007996	0.36103591
1.74199995	0.21662770	0.37567666
1.74299995	0.59251970	0.36054379
1.74399995	0.81342274	0.31382260
1.74499995	0.84550321	0.24234129
1.74599995	0.68036419	0.17805733
1.74699995	0.34445742	0.13019808
1.74799995	-0.07581816	0.10999016
1.74899995	-0.51953125	0.12090920
1.74999995	-0.79730558	0.15867987
1.75099995	-0.86989421	0.21742742
1.75199995	-0.73185283	0.28174213
1.75299995	-0.40135950	0.34233513
1.75399995	0.00396777	0.37146285
1.75499995	0.42461246	0.36478838
1.75599995	0.72102606	0.33270791
1.75699995	0.84750247	0.28001967
1.75799995	0.78125000	0.21588951
1.75899995	0.53374141	0.14985237
1.75999995	0.14905265	0.11174335
1.76099995	-0.31582186	0.10691437
1.76199995	-0.66676921	0.13327387
1.76299995	-0.85439223	0.18719243
1.76399995	-0.82452631	0.25132260
1.76499995	-0.57997048	0.31616017
1.76599995	-0.21238312	0.35992864
1.76699995	0.22462475	0.37629184
1.76799995	0.58556843	0.35885212
1.76899995	0.81616020	0.31040847
1.76999995	0.84851748	0.24612451
1.77099995	0.67845720	0.17525837
1.77199995	0.34648746	0.12561515
1.77299995	-0.09781004	0.10442298
1.77399995	-0.49498647	0.11626476
1.77499995	-0.78795522	0.15987943
1.77599995	-0.86961734	0.21816561
1.77699995	-0.72794658	0.28238803
1.77799995	-0.41815329	0.33479947
1.77899995	0.01584031	0.36749509
1.77999995	0.41486222	0.36764887
1.78099995	0.71930367	0.33556840
1.78199995	0.84701031	0.28005046
1.78299995	0.77802044	0.20918430
1.78399995	0.52845103	0.15074433
1.78499995	0.13748769	0.11318897
1.78599995	-0.28294167	0.10734498
1.78699995	-0.67221332	0.13398130
1.78799995	-0.86248153	0.18654650
1.78899995	-0.82732528	0.25744340
1.78999995	-0.59593379	0.31880537
1.79099995	-0.20007996	0.36180487
1.79199995	0.21662770	0.37333909
1.79299995	0.59251970	0.35153174
1.79399995	0.81342274	0.30499509
1.79499995	0.84550321	0.24080339
1.79599995	0.68036419	0.17651944
1.79699995	0.34445742	0.12137057
1.79799995	-0.07581816	0.10085507
1.79899995	-0.51953125	0.11783341
1.79999995	-0.79730558	0.16175567
1.80099995	-0.86989421	0.22659326
1.80199995	-0.73185283	0.29072341
1.80299995	-0.40135950	0.34464198
1.80399995	0.00396777	0.37084767
1.80499995	0.42461246	0.36540353
1.80599995	0.72102606	0.33040109
1.80699995	0.84750247	0.27103838
1.80799995	0.78125000	0.20687746
1.80899995	0.53374141	0.14751476
1.80999995	0.14905265	0.11251231
1.81099995	-0.31582186	0.10706816
1.81199995	-0.66676921	0.13327387
1.81299995	-0.85439223	0.18719243
1.81399995	-0.82452631	0.25132260
1.81499995	-0.57997048	0.31616017
1.81599995	-0.21222933	0.36008242
1.81699995	0.22539370	0.37706077
1.81799995	0.58310777	0.35654527
1.81899995	0.80640996	0.30139640
1.81999995	0.84184301	0.23711245
1.82099995	0.68513167	0.17292076
1.82199995	0.35620692	0.12638411
1.82299995	-0.09534941	0.10457677
1.82399995	-0.49575540	0.11611097
1.82499995	-0.78810900	0.15911049
1.82599995	-0.86961734	0.22047244
1.82699995	-0.72794658	0.29136935
1.82799995	-0.41815329	0.34378076
1.82899995	0.01584031	0.36980191
1.82999995	0.41470841	0.36687991
1.83099995	0.71853471	0.33541462
1.83199995	0.84947097	0.28005046
1.83299995	0.78777069	0.20918430
1.83399995	0.53512549	0.15074433
1.83499995	0.13081324	0.11318897
1.83599995	-0.29272267	0.10734498
1.83699995	-0.67470473	0.13398130
1.83799995	-0.86171257	0.18654650
1.83899995	-0.82717150	0.25744340
1.83999995	-0.59593379	0.31880537
1.84099995	-0.20007996	0.36180487
1.84199995	0.21662770	0.37333909
1.84299995	0.59251970	0.35153174
1.84399995	0.81342274	0.30484128
1.84499995	0.84550321	0.24003445
1.84599995	0.68021035	0.17898007
1.84699995	0.34368849	0.13112082
1.84799995	-0.07351132	0.10752953
1.84899995	-0.51054996	0.11112820
1.84999995	-0.78832430	0.15200542
1.85099995	-0.86758733	0.22413263
1.85199995	-0.73262179	0.29133859
1.85299995	-0.40151328	0.34402683
1.85399995	0.00381398	0.37318528
1.85499995	0.42384350	0.37438485
1.85599995	0.72333294	0.33938238
1.85699995	0.85648376	0.27334523
1.85799995	0.79023129	0.20610851
1.85899995	0.53604823	0.14736098
1.85999995	0.14828371	0.11251231
1.86099995	-0.31597564	0.10706816
1.86199995	-0.66676921	0.13327387
1.86299995	-0.85439223	0.18719243
1.86399995	-0.82452631	0.25147638
1.86499995	-0.57997048	0.31689838
1.86599995	-0.21222933	0.35777560
1.86699995	0.22539370	0.36807948
1.86799995	0.58326155	0.34756398
1.86899995	0.80717891	0.29908955
1.86999995	0.83953619	0.23788139
1.87099995	0.67615032	0.17307456
1.87199995	0.34725639	0.12638411
1.87299995	-0.09765625	0.10457677
1.87399995	-0.49498647	0.11611097
1.87499995	-0.78795522	0.15911049
1.87599995	-0.86977118	0.22047244
1.87699995	-0.72871554	0.29136935
1.87799995	-0.41581571	0.34378076
1.87899995	0.02485236	0.36980191
1.87999995	0.42384350	0.36687991
1.88099995	0.72161049	0.33541462
1.88199995	0.84639519	0.28005046
1.88299995	0.77863556	0.20918430
1.88399995	0.52614421	0.15074433
1.88499995	0.12847564	0.11318897
1.88599995	-0.29195374	0.10749877
1.88699995	-0.67455095	0.13475025
1.88799995	-0.86186635	0.18423967
1.88899995	-0.82794046	0.24843135
1.88999995	-0.59362698	0.30979329
1.89099995	-0.19109868	0.35946727
1.89199995	0.22579356	0.37410802
1.89299995	0.59559548	0.35171628
1.89399995	0.81019318	0.30484128
1.89499995	0.83559918	0.24003445
1.89599995	0.67368972	0.17882627
1.89699995	0.35113189	0.13035187
1.89799995	-0.06606791	0.10999016
1.89899995	-0.51707059	0.12090920
1.89999995	-0.79807454	0.15867987
1.90099995	-0.87007874	0.21742742
1.90199995	-0.73185283	0.28174213
1.90299995	-0.40135950	0.34233513
1.90399995	0.00396777	0.37161663
1.90499995	0.42461246	0.36555734
1.90599995	0.72102606	0.33040109
1.90699995	0.84750247	0.27103838
1.90799995	0.78125000	0.20687746
1.90899995	0.53374141	0.14751476
1.90999995	0.14905265	0.11251231
1.91099995	-0.31582186	0.10706816
1.91199995	-0.66676921	0.13327387
1.91299995	-0.85439223	0.18719243
1.91399995	-0.82452631	0.25132260
1.91499995	-0.57997048	0.31616017
1.91599995	-0.21238312	0.36008242
1.91699995	0.22462475	0.37706077
1.91799995	0.58541459	0.35654527
1.91899995	0.81542200	0.30139640
1.91999995	0.85085505	0.23711245
1.92099995	0.68743849	0.17292076
1.92199995	0.35543799	0.12653789
1.92299995	-0.09550320	0.10531496
1.92399995	-0.49575540	0.11380413
1.92499995	-0.78810900	0.15012918
1.92599995	-0.86961734	0.21149114
1.92699995	-0.72794658	0.28903174
1.92799995	-0.41815329	0.34454972
1.92899995	0.01584031	0.36995572
1.92999995	0.41470841	0.36687991
1.93099995	0.71853471	0.33541462
1.93199995	0.84947097	0.28005046
1.93299995	0.78777069	0.20918430
1.93399995	0.53512549	0.15074433
1.93499995	0.13081324	0.11318897
1.93599995	-0.29272267	0.10749877
1.93699995	-0.67470473	0.13475025
1.93799995	-0.86186635	0.18423967
1.93899995	-0.82794046	0.24843135
1.93999995	-0.59362698	0.30979329
1.94099995	-0.19109868	0.35946727
1.94199995	0.22563976	0.37410802
1.94299995	0.59482652	0.35171628
1.94399995	0.81250000	0.30499509
1.94499995	0.84458047	0.24080339
1.94599995	0.68267101	0.17651944
1.94699995	0.35343874	0.12137057
1.94799995	-0.06680610	0.10100885
1.94899995	-0.51722443	0.11860237
1.94999995	-0.79807454	0.15944882
1.95099995	-0.87007874	0.21758120
1.95199995	-0.73185283	0.28174213
1.95299994	-0.40135950	0.34233513
1.95399994	0.00396777	0.37161663
1.95499994	0.42461246	0.36555734
1.95599994	0.72102606	0.33040109
1.95699994	0.84750247	0.27103838
1.95799994	0.78125000	0.20687746
1.95899994	0.53374141	0.14751476
1.95999994	0.14905265	0.11251231
1.96099994	-0.31582186	0.10706816
1.96199994	-0.66676921	0.13327387
1.96299994	-0.85439223	0.18719243
1.96399994	-0.82452631	0.25132260
1.96499994	-0.57997048	0.31616017
1.96599994	-0.21238312	0.36008242
1.96699994	0.22462475	0.37706077
1.96799994	0.58556843	0.35654527
1.96899994	0.81616020	0.30139640
1.96999994	0.84851748	0.23711245
1.97099994	0.67845720	0.17292076
1.97199994	0.34648746	0.12638411
1.97299994	-0.09781004	0.10457677
1.97399994	-0.49498647	0.11611097
1.97499994	-0.78795522	0.15911049
1.97599994	-0.86961734	0.22047244
1.97699994	-0.72794658	0.29136935
1.97799994	-0.41830710	0.34378076
1.97899994	0.01507136	0.36980191
1.97999994	0.41716903	0.36687991
1.98099994	0.72828496	0.33541462
1.98199994	0.85614544	0.28005046
1.98299994	0.78109622	0.20918430
1.98399994	0.52537525	0.15074433
1.98499994	0.12832186	0.11318897
1.98599994	-0.29195374	0.10734498
1.98699994	-0.67455095	0.13398130
1.98799994	-0.86186635	0.18654650
1.98899994	-0.82794046	0.25744340
1.98999994	-0.59347320	0.31880537
1.99099994	-0.19032973	0.36180487
1.99199994	0.22330217	0.37333909
1.99299994	0.58584523	0.35153174
1.99399994	0.80351871	0.30484128
1.99499994	0.84227359	0.24003445
1.99599994	0.68328619	0.17882627
1.99699994	0.35285434	0.13035187
1.99799994	-0.06449926	0.10999016
1.99899994	-0.50824308	0.12090920
1.99999994	-0.78906250	0.15867987
2.00099994	-0.86774117	0.21742742
2.00199994	-0.73246801	0.28174213
2.00299994	-0.40074435	0.34233513
