Time	Channel A	Channel B
(us)	(V)	(V)

-0.00400000	-0.79567546	0.26873153
-0.00300000	-0.51839322	0.19786540
-0.00200000	-0.13619587	0.14234744
-0.00100000	0.29536787	0.11026698
0.00000000	0.63256645	0.11026698
0.00100000	0.82381892	0.14234744
0.00200000	0.82443404	0.19786540
0.00300000	0.63564223	0.26873153
0.00400000	0.28626353	0.32701772
0.00500000	-0.17135212	0.36395791
0.00600000	-0.55727118	0.37275466
0.00700000	-0.81695992	0.35214689
0.00800000	-0.86042076	0.30265749
0.00900000	-0.68064100	0.23179133
0.01000000	-0.34756398	0.16750738
0.01100000	0.09125862	0.11906373
0.01200000	0.47840798	0.10147022
0.01300000	0.75559795	0.11721826
0.01400000	0.85174704	0.16409326
0.01500000	0.75252217	0.23557456
0.01600000	0.47044167	0.29970473
0.01700000	0.04856668	0.34694883
0.01800000	-0.36601871	0.37023252
0.01900000	-0.71349043	0.36601871
0.02000000	-0.86537278	0.32821727
0.02100000	-0.79998153	0.26279527
0.02200000	-0.54272270	0.19555856
0.02300000	-0.12989050	0.13619587
0.02400000	0.28389516	0.10414616
0.02500000	0.63733393	0.10414616
0.02600000	0.82914001	0.13619587
0.02700000	0.82975519	0.19555856
0.02800000	0.63548845	0.26279527
0.02900000	0.27718997	0.32821727
0.03000000	-0.14616142	0.36617249
0.03100000	-0.57354206	0.37100148
0.03200000	-0.82218874	0.34464198
0.03300000	-0.85728347	0.29072341
0.03400000	-0.68393207	0.22659326
0.03500000	-0.32498771	0.16175567
0.03600000	0.08298475	0.11798720
0.03700000	0.47939223	0.10162401
0.03800000	0.74960017	0.11906373
0.03900000	0.85190082	0.16750738
0.04000000	0.75390625	0.23179133
0.04100000	0.47250247	0.30265749
0.04200000	0.07289616	0.35214689
0.04300000	-0.38659573	0.37275466
0.04400000	-0.71410555	0.36395791
0.04500000	-0.86361957	0.32701772
0.04600000	-0.79567546	0.26888534
0.04700000	-0.51839322	0.19863436
0.04800000	-0.13619587	0.14004061
0.04900000	0.29536787	0.10125492
0.05000000	0.63256645	0.10125492
0.05100000	0.82381892	0.14004061
0.05200000	0.82443404	0.19863436
0.05300000	0.63564223	0.26888534
0.05400000	0.28626353	0.32717150
0.05500000	-0.17135212	0.36472687
0.05600000	-0.55711734	0.37041709
0.05700000	-0.81619096	0.34316561
0.05800000	-0.86257380	0.29367617
0.05900000	-0.68885332	0.22948450
0.06000000	-0.35885212	0.16827632
0.06100000	0.08000123	0.11921752
0.06200000	0.47019562	0.10147022
0.06300000	0.75344485	0.11721826
0.06400000	0.85236222	0.16409326
0.06500000	0.75190699	0.23557456
0.06600000	0.47290230	0.29985851
0.06700000	0.05828617	0.34771776
0.06800000	-0.35949802	0.36792567
0.06900000	-0.72090304	0.35700664
0.07000000	-0.87296999	0.31923598
0.07100000	-0.79426056	0.26048842
0.07200000	-0.53066558	0.19632751
0.07300000	-0.11844857	0.13634965
0.07400000	0.29226133	0.10414616
0.07500000	0.64028668	0.10414616
0.07600000	0.82606423	0.13619587
0.07700000	0.82062006	0.19555856
0.07800000	0.62650716	0.26279527
0.07900000	0.27488312	0.32821727
0.08000000	-0.14539246	0.36601871
0.08100000	-0.57338828	0.37023252
0.08200000	-0.82203496	0.34694883
0.08300000	-0.85651451	0.29970473
0.08400000	-0.68626970	0.23557456
0.08500000	-0.33396900	0.16409326
0.08600000	0.07412647	0.11721826
0.08700000	0.47785434	0.10147022
0.08800000	0.74806225	0.11921752
0.08900000	0.84307331	0.16827632
0.09000000	0.74510950	0.22948450
0.09100000	0.47096455	0.29367617
0.09200000	0.07132751	0.34331939
0.09300000	-0.39539248	0.37118602
0.09400000	-0.72308683	0.36238927
0.09500000	-0.86592644	0.31819022
0.09600000	-0.79490650	0.25975025
0.09700000	-0.51823944	0.19552781
0.09800000	-0.13619587	0.14311638
0.09900000	0.29536787	0.11042077
0.10000000	0.63256645	0.11042077
0.10100000	0.82381892	0.14311638
0.10200000	0.82458782	0.19552781
0.10300000	0.63641119	0.25975025
0.10400000	0.28392592	0.31819022
0.10500000	-0.18036418	0.36238927
0.10600000	-0.56628323	0.37118602
0.10700000	-0.81926674	0.34331939
0.10800000	-0.85949802	0.29367617
0.10900000	-0.67971826	0.22948450
0.11000000	-0.34987080	0.16827632
0.11100000	0.08230807	0.11921752
0.11200000	0.46945742	0.10162401
0.11300000	0.75329107	0.11798720
0.11400000	0.85251600	0.16160187
0.11500000	0.75267595	0.22582431
0.11600000	0.47044167	0.29306102
0.11700000	0.04856668	0.35362327
0.11800000	-0.36617249	0.37998277
0.11900000	-0.71422857	0.36847934
0.12000000	-0.86321974	0.32747909
0.12100000	-0.79179996	0.26264149
0.12200000	-0.53143454	0.19540477
0.12300000	-0.11860237	0.13542692
0.12400000	0.29226133	0.10645300
0.12500000	0.64028668	0.11312746
0.12600000	0.82606423	0.14520793
0.12700000	0.82062006	0.19789617
0.12800000	0.62650716	0.26202634
0.12900000	0.27488312	0.32806349
0.13000000	-0.14539246	0.36617249
0.13100000	-0.57338828	0.37100148
0.13200000	-0.82218874	0.34448817
0.13300000	-0.85728347	0.28995448
0.13400000	-0.68393207	0.22890010
0.13500000	-0.32498771	0.17076771
0.13600000	0.08298475	0.12696850
0.13700000	0.47939223	0.10396162
0.13800000	0.74960017	0.11829478
0.13900000	0.85190082	0.16735359
0.14000000	0.75390625	0.23179133
0.14100000	0.47250247	0.30265749
0.14200000	0.07289616	0.35214689
0.14300000	-0.38659573	0.37275466
0.14400000	-0.71410555	0.36395791
0.14500000	-0.86361957	0.32701772
0.14600000	-0.79567546	0.26873153
0.14700000	-0.51839322	0.19786540
0.14800000	-0.13634965	0.14234744
0.14900000	0.29459891	0.11026698
0.15000000	0.63505781	0.11026698
0.15100000	0.83356917	0.14234744
0.15200000	0.83110851	0.19786540
0.15300000	0.62896776	0.26873153
0.15400000	0.27648252	0.32717150
0.15500000	-0.17384350	0.36472687
0.15600000	-0.55650222	0.37041709
0.15700000	-0.81680608	0.34316561
0.15800000	-0.86042076	0.29367617
0.15900000	-0.68064100	0.22948450
0.16000000	-0.34756398	0.16827632
0.16100000	0.09125862	0.11921752
0.16200000	0.47840798	0.10147022
0.16300000	0.75559795	0.11721826
0.16400000	0.85159326	0.16409326
0.16500000	0.75175321	0.23557456
0.16600000	0.47290230	0.29970473
0.16700000	0.05828617	0.34694883
0.16800000	-0.35934424	0.37023252
0.16900000	-0.72013408	0.36601871
0.17000000	-0.87527680	0.32821727
0.17100000	-0.80321109	0.26279527
0.17200000	-0.53964692	0.19540477
0.17300000	-0.12078617	0.13542692
0.17400000	0.29303026	0.10645300
0.17500000	0.64044046	0.11312746
0.17600000	0.82606423	0.14520793
0.17700000	0.82062006	0.19789617
0.17800000	0.62650716	0.26202634
0.17900000	0.27488312	0.32806349
0.18000000	-0.14539246	0.36617249
0.18100000	-0.57338828	0.37100148
0.18200000	-0.82218874	0.34464198
0.18300000	-0.85728347	0.29072341
0.18400000	-0.68393207	0.22659326
0.18499999	-0.32498771	0.16175567
0.18599999	0.08313853	0.11798720
0.18699999	0.48016116	0.10162401
0.18799999	0.74729329	0.11921752
0.18899999	0.84291953	0.16827632
0.18999999	0.74495572	0.22948450
0.19099999	0.47019562	0.29367617
0.19199999	0.07378814	0.34316561
0.19299999	-0.38567299	0.37041709
0.19399999	-0.71644318	0.36472687
0.19499999	-0.87257010	0.32717150
0.19599999	-0.80462599	0.26873153
0.19699999	-0.52073079	0.19786540
0.19799999	-0.13542692	0.14219365
0.19899999	0.29552165	0.10949803
0.19999999	0.63256645	0.11272760
0.20099999	0.82381892	0.15212844
0.20199999	0.82443404	0.20453987
0.20299999	0.63564223	0.26205710
0.20399999	0.28626353	0.31726748
0.20499999	-0.17135212	0.36146653
0.20599999	-0.55727118	0.37367740
0.20699999	-0.81695992	0.35306963
0.20799999	-0.86042076	0.30019686
0.20899999	-0.68064100	0.22204109
0.20999999	-0.34771776	0.16083293
0.21099999	0.09052042	0.12570743
0.21199999	0.48074558	0.11122047
0.21299999	0.76460999	0.11967888
0.21399999	0.86057454	0.16332431
0.21499999	0.75406003	0.23542076
0.21599999	0.47213337	0.29970473
0.21699999	0.05813238	0.34694883
0.21799999	-0.35949802	0.37023252
0.21899999	-0.72090304	0.36601871
0.21999999	-0.87281621	0.32821727
0.22099999	-0.79349160	0.26279527
0.22199999	-0.53297246	0.19555856
0.22299999	-0.12742987	0.13619587
0.22399999	0.28312624	0.10414616
0.22499999	0.63718009	0.10414616
0.22599999	0.82914001	0.13619587
0.22699999	0.82975519	0.19555856
0.22799999	0.63548845	0.26279527
0.22899999	0.27718997	0.32821727
0.22999999	-0.14616142	0.36617249
0.23099999	-0.57354206	0.37100148
0.23199999	-0.82203496	0.34464198
0.23299999	-0.85651451	0.29072341
0.23399999	-0.68626970	0.22643946
0.23499999	-0.33396900	0.16101746
0.23599999	0.07397269	0.12029404
0.23699999	0.47708538	0.11060531
0.23799999	0.75036907	0.12816806
0.23899999	0.85205460	0.17058317
0.23999999	0.75390625	0.22871555
0.24099999	0.47250247	0.29352239
0.24199999	0.07289616	0.34316561
0.24299999	-0.38659573	0.37041709
0.24399999	-0.71410555	0.36488065
0.24499999	-0.86361957	0.32794046
0.24599999	-0.79567546	0.26642472
0.24699999	-0.51839322	0.18888411
0.24799999	-0.13619587	0.13336614
0.24899999	0.29536787	0.10796013
0.24999999	0.63272023	0.11103593
0.25099999	0.82458782	0.14250124
0.25199999	0.82212722	0.19786540
0.25299999	0.62663019	0.26873153
0.25399999	0.27725148	0.32701772
0.25499999	-0.17368971	0.36395791
0.25599999	-0.55650222	0.37275466
0.25699999	-0.81680608	0.35214689
0.25799999	-0.86042076	0.30265749
0.25899999	-0.68064100	0.23179133
0.25999999	-0.34771776	0.16750738
0.26099999	0.09052042	0.11906373
0.26199999	0.48089936	0.10162401
0.26299999	0.76537895	0.11798720
0.26399999	0.85826772	0.16175567
0.26499999	0.74507874	0.22659326
0.26599999	0.46299827	0.29072341
0.26699999	0.05505659	0.34464198
0.26799999	-0.35626847	0.37100148
0.26899999	-0.71099901	0.36617249
0.26999999	-0.86614174	0.32806349
0.27099999	-0.80013531	0.26202634
0.27199999	-0.54272270	0.19789617
0.27299999	-0.12989050	0.14520793
0.27399999	0.28404897	0.11312746
0.27499999	0.63810283	0.10645300
0.27599999	0.82683319	0.13542692
0.27699999	0.82077384	0.19540477
0.27799999	0.62650716	0.26264149
0.27899999	0.27488312	0.32747909
0.27999999	-0.14539246	0.36847934
0.28099999	-0.57338828	0.37998277
0.28199999	-0.82203496	0.35362327
0.28299999	-0.85651451	0.29306102
0.28399999	-0.68626970	0.22582431
0.28499999	-0.33396900	0.16160187
0.28599999	0.07397269	0.11798720
0.28699999	0.47708538	0.10162401
0.28799999	0.75036907	0.11906373
0.28899999	0.85205460	0.16750738
0.28999999	0.75390625	0.23179133
0.29099999	0.47250247	0.30265749
0.29199999	0.07289616	0.35230067
0.29299999	-0.38659573	0.37349287
0.29399999	-0.71410555	0.36165109
0.29499999	-0.86361957	0.31803641
0.29599999	-0.79567546	0.25975025
0.29699999	-0.51839322	0.19552781
0.29799999	-0.13619587	0.14311638
0.29899999	0.29536787	0.11042077
0.29999999	0.63256645	0.11026698
0.30099999	0.82381892	0.14234744
0.30199999	0.82443404	0.19786540
0.30299999	0.63564223	0.26873153
0.30399999	0.28626353	0.32701772
0.30499999	-0.17135212	0.36395791
0.30599999	-0.55727118	0.37275466
0.30699999	-0.81695992	0.35214689
0.30799999	-0.86042076	0.30265749
0.30899999	-0.68064100	0.23179133
0.30999999	-0.34756398	0.16750738
0.31099999	0.09125862	0.11906373
0.31199999	0.47840798	0.10162401
0.31299999	0.75559795	0.11798720
0.31399999	0.85174704	0.16160187
0.31499999	0.75252217	0.22582431
0.31599999	0.47044167	0.29306102
0.31699999	0.04856668	0.35362327
0.31799999	-0.36601871	0.37998277
0.31899999	-0.71349043	0.36847934
0.31999999	-0.86537278	0.32732528
0.32099999	-0.79998153	0.26187253
0.32199999	-0.54272270	0.19789617
0.32299999	-0.12989050	0.14520793
0.32399999	0.28404897	0.11312746
0.32499999	0.63810283	0.10645300
0.32599999	0.82683319	0.13542692
0.32699999	0.82077384	0.19540477
0.32799999	0.62650716	0.26279527
0.32899999	0.27488312	0.32821727
0.32999999	-0.14539246	0.36617249
0.33099999	-0.57338828	0.37100148
0.33199999	-0.82218874	0.34464198
0.33299999	-0.85728347	0.29072341
0.33399999	-0.68393207	0.22659326
0.33499999	-0.32498771	0.16175567
0.33599999	0.08298475	0.11798720
0.33699999	0.47939223	0.10162401
0.33799999	0.74960017	0.11906373
0.33899999	0.85190082	0.16750738
0.33999999	0.75390625	0.23179133
0.34099999	0.47250247	0.30265749
0.34199999	0.07289616	0.35230067
0.34299999	-0.38659573	0.37349287
0.34399999	-0.71395177	0.36165109
0.34499999	-0.86285067	0.31803641
0.34599999	-0.79798228	0.25975025
0.34699999	-0.52740526	0.19552781
0.34799999	-0.14533095	0.14311638
0.34899999	0.29226133	0.11042077
0.34999999	0.63582677	0.11026698
0.35099999	0.83375371	0.14234744
0.35199999	0.83110851	0.19786540
0.35299999	0.62896776	0.26873153
0.35399999	0.27648252	0.32701772
0.35499999	-0.17384350	0.36395791
0.35599999	-0.55650222	0.37290847
0.35699999	-0.81680608	0.35291585
0.35799999	-0.86042076	0.30035064
0.35899999	-0.68064100	0.22281004
0.35999999	-0.34756398	0.15852608
0.36099999	0.09125862	0.11672613
0.36199999	0.47856176	0.10223917
0.36299999	0.75636685	0.11737204
0.36399999	0.84940946	0.16393946
0.36499999	0.74351007	0.23480561
0.36599999	0.46158341	0.30216536
0.36699999	0.04699803	0.35669905
0.36799999	-0.36755660	0.37690699
0.36899999	-0.72228718	0.35931349
0.36999999	-0.87450784	0.31846702
0.37099999	-0.80305731	0.26033464
0.37199999	-0.53964692	0.19632751
0.37299999	-0.12078617	0.13634965
0.37399999	0.29303026	0.10414616
0.37499999	0.64044046	0.10414616
0.37599999	0.82606423	0.13634965
0.37699999	0.82062006	0.19632751
0.37799999	0.62650716	0.26048842
0.37899999	0.27488312	0.31923598
0.37999999	-0.14523868	0.35700664
0.38099999	-0.57261932	0.36792567
0.38199999	-0.82449555	0.34771776
0.38299999	-0.86623400	0.29985851
0.38399999	-0.69291341	0.23542076
0.38499999	-0.32729453	0.16332431
0.38599999	0.08372293	0.11952510
0.38699999	0.47954601	0.11045153
0.38799999	0.74960017	0.12801427
0.38899999	0.85190082	0.16981423
0.38999999	0.75390625	0.23102239
0.39099999	0.47250247	0.30250368
0.39199999	0.07289616	0.35214689
0.39299999	-0.38659573	0.37275466
0.39399999	-0.71410555	0.36395791
0.39499999	-0.86361957	0.32701772
0.39599999	-0.79567546	0.26873153
0.39699999	-0.51839322	0.19786540
0.39799999	-0.13634965	0.14234744
0.39899999	0.29459891	0.11026698
0.39999999	0.63490403	0.11026698
0.40099999	0.83283097	0.14234744
0.40199999	0.83344609	0.19786540
0.40299999	0.63794905	0.26873153
0.40399999	0.28549460	0.32717150
0.40499999	-0.17150590	0.36472687
0.40599999	-0.55727118	0.37041709
0.40699999	-0.81695992	0.34316561
0.40799999	-0.86042076	0.29367617
0.40899999	-0.68064100	0.22948450
0.40999999	-0.34756398	0.16827632
0.41099999	0.09125862	0.11921752
0.41199999	0.47840798	0.10162401
0.41299999	0.75559795	0.11798720
0.41399999	0.85174704	0.16175567
0.41499999	0.75252217	0.22659326
0.41599999	0.47044167	0.29087722
0.41699999	0.04856668	0.34541091
0.41799999	-0.36601871	0.36869463
0.41899999	-0.71349043	0.35716042
0.41999999	-0.86552656	0.31923598
0.42099999	-0.80075049	0.26048842
0.42199999	-0.54041582	0.19617371
0.42299999	-0.12093996	0.13558070
0.42399999	0.29303026	0.10645300
0.42499999	0.64044046	0.11312746
0.42599999	0.82606423	0.14520793
0.42699999	0.82062006	0.19789617
0.42799999	0.62650716	0.26202634
0.42899999	0.27488312	0.32806349
0.42999999	-0.14539246	0.36617249
0.43099999	-0.57338828	0.37100148
0.43199999	-0.82218874	0.34464198
0.43299999	-0.85728347	0.29072341
0.43399999	-0.68393207	0.22659326
0.43499999	-0.32498771	0.16175567
0.43599999	0.08298475	0.11798720
0.43699999	0.47939223	0.10162401
0.43799999	0.74960017	0.11921752
0.43899999	0.85190082	0.16827632
0.43999999	0.75390625	0.22948450
0.44099999	0.47250247	0.29367617
0.44199999	0.07289616	0.34316561
0.44299999	-0.38659573	0.37041709
0.44399999	-0.71410555	0.36472687
0.44499999	-0.86361957	0.32717150
0.44599999	-0.79567546	0.26873153
0.44699999	-0.51839322	0.19786540
0.44799999	-0.13634965	0.14234744
0.44899999	0.29459891	0.11026698
0.44999999	0.63505781	0.11026698
0.45099999	0.83356917	0.14234744
0.45199999	0.83110851	0.19786540
0.45299999	0.62896776	0.26873153
0.45399999	0.27648252	0.32717150
0.45499999	-0.17384350	0.36472687
0.45599999	-0.55650222	0.37041709
0.45699999	-0.81680608	0.34316561
0.45799999	-0.86042076	0.29367617
0.45899999	-0.68064100	0.22948450
0.45999999	-0.34771776	0.16812254
0.46099999	0.09052042	0.11844857
0.46199999	0.48074558	0.10380782
0.46299999	0.76460999	0.12619956
0.46399999	0.86057454	0.17307456
0.46499999	0.75406003	0.23788139
0.46599999	0.47213337	0.29908955
0.46699999	0.05813238	0.34756398
0.46799999	-0.35934424	0.36792567
0.46899999	-0.72013408	0.35700664
0.46999999	-0.87512302	0.31923598
0.47099999	-0.80247295	0.26048842
0.47199999	-0.54195374	0.19632751
0.47299999	-0.12973671	0.13634965
0.47399999	0.28404897	0.10414616
0.47499999	0.63810283	0.10414616
0.47599999	0.82683319	0.13634965
0.47699999	0.82077384	0.19632751
0.47799999	0.62650716	0.26048842
0.47899999	0.27488312	0.31923598
0.47999999	-0.14539246	0.35716042
0.48099999	-0.57338828	0.36869463
0.48199999	-0.82218874	0.34541091
0.48299999	-0.85728347	0.29087722
0.48399999	-0.68393207	0.22659326
0.48499999	-0.32498771	0.16175567
0.48599999	0.08313853	0.11798720
0.48699999	0.48016116	0.10162401
0.48799999	0.74729329	0.11921752
0.48899999	0.84291953	0.16827632
0.48999999	0.74495572	0.22948450
0.49099999	0.47019562	0.29367617
0.49199999	0.07363435	0.34331939
0.49299999	-0.38644192	0.37118602
0.49399999	-0.71410555	0.36238927
0.49499999	-0.86361957	0.31819022
0.49599999	-0.79567546	0.25975025
0.49699999	-0.51839322	0.19552781
0.49799999	-0.13619587	0.14311638
0.49899999	0.29536787	0.11042077
0.49999999	0.63256645	0.11026698
0.50099999	0.82381892	0.14234744
0.50199999	0.82443404	0.19786540
0.50299999	0.63564223	0.26873153
0.50399999	0.28626353	0.32701772
0.50499999	-0.17135212	0.36395791
0.50599999	-0.55727118	0.37275466
0.50699999	-0.81695992	0.35214689
0.50799999	-0.86042076	0.30265749
0.50899999	-0.68064100	0.23179133
0.50999999	-0.34756398	0.16735359
0.51099999	0.09125862	0.11829478
0.51199999	0.47840798	0.10396162
0.51299999	0.75559795	0.12696850
0.51399999	0.85174704	0.17061393
0.51499999	0.75252217	0.22813115
0.51599999	0.47044167	0.29229209
0.51699999	0.04856668	0.35346949
0.51799999	-0.36601871	0.37998277
0.51899999	-0.71349043	0.36847934
0.51999999	-0.86552656	0.32747909
0.52099999	-0.80075049	0.26264149
0.52199999	-0.54041582	0.19555856
0.52299999	-0.12093996	0.13619587
0.52399999	0.29287648	0.10414616
0.52499999	0.63967150	0.10414616
0.52599999	0.82837105	0.13619587
0.52699999	0.82960135	0.19555856
0.52799999	0.63548845	0.26279527
0.52899999	0.27718997	0.32821727
0.52999999	-0.14616142	0.36617249
0.53099999	-0.57354206	0.37100148
0.53199999	-0.82203496	0.34464198
0.53299999	-0.85651451	0.29072341
0.53399999	-0.68626970	0.22659326
0.53499999	-0.33396900	0.16175567
0.53599999	0.07397269	0.11798720
0.53699999	0.47708538	0.10162401
0.53799999	0.75036907	0.11921752
0.53899998	0.85205460	0.16827632
0.53999998	0.75390625	0.22948450
0.54099998	0.47250247	0.29367617
0.54199998	0.07289616	0.34316561
0.54299998	-0.38659573	0.37041709
0.54399998	-0.71395177	0.36472687
0.54499998	-0.86285067	0.32717150
0.54599998	-0.79798228	0.26873153
0.54699998	-0.52740526	0.19786540
0.54799998	-0.14517717	0.14234744
0.54899998	0.29303026	0.11026698
0.54999998	0.63348919	0.11026698
0.55099998	0.82474160	0.14234744
0.55199998	0.82212722	0.19786540
0.55299998	0.62663019	0.26873153
0.55399998	0.27725148	0.32717150
0.55499998	-0.17368971	0.36472687
0.55599998	-0.55650222	0.37041709
0.55699998	-0.81680608	0.34316561
0.55799998	-0.86042076	0.29367617
0.55899998	-0.68064100	0.22948450
0.55999998	-0.34756398	0.16827632
0.56099998	0.09125862	0.11921752
0.56199998	0.47840798	0.10147022
0.56299998	0.75559795	0.11721826
0.56399998	0.85174704	0.16409326
0.56499998	0.75252217	0.23557456
0.56599998	0.47059548	0.29970473
0.56699998	0.04933563	0.34694883
0.56799998	-0.36832553	0.37023252
0.56899998	-0.72244096	0.36601871
0.56999998	-0.87450784	0.32821727
0.57099998	-0.80305731	0.26279527
0.57199998	-0.53964692	0.19540477
0.57299998	-0.12078617	0.13542692
0.57399998	0.29303026	0.10629921
0.57499998	0.64044046	0.11235851
0.57599998	0.82606423	0.14766856
0.57699998	0.82062006	0.20764640
0.57799998	0.62650716	0.26854700
0.57899998	0.27488312	0.32062009
0.57999998	-0.14539246	0.35869834
0.58099998	-0.57338828	0.37749138
0.58199998	-0.82218874	0.35439223
0.58299998	-0.85728347	0.29321480
0.58399998	-0.68393207	0.22582431
0.58499998	-0.32498771	0.16160187
0.58599998	0.08313853	0.11798720
0.58699998	0.48016116	0.10162401
0.58799998	0.74729329	0.11921752
0.58899998	0.84291953	0.16827632
0.58999998	0.74495572	0.22948450
0.59099998	0.47019562	0.29367617
0.59199998	0.07363435	0.34331939
0.59299998	-0.38644192	0.37118602
0.59399998	-0.71410555	0.36238927
0.59499998	-0.86361957	0.31819022
0.59599998	-0.79567546	0.25975025
0.59699998	-0.51839322	0.19552781
0.59799998	-0.13619587	0.14311638
0.59899998	0.29536787	0.11042077
0.59999998	0.63272023	0.11026698
0.60099998	0.82458782	0.14234744
0.60199998	0.82212722	0.19786540
0.60299998	0.62663019	0.26873153
0.60399998	0.27725148	0.32701772
0.60499998	-0.17368971	0.36395791
0.60599998	-0.55650222	0.37275466
0.60699998	-0.81680608	0.35214689
0.60799998	-0.86042076	0.30265749
0.60899998	-0.68064100	0.23179133
0.60999998	-0.34756398	0.16750738
0.61099998	0.09125862	0.11906373
0.61199998	0.47840798	0.10162401
0.61299998	0.75559795	0.11798720
0.61399998	0.85174704	0.16175567
0.61499998	0.75252217	0.22659326
0.61599998	0.47044167	0.29072341
0.61699998	0.04856668	0.34464198
0.61799998	-0.36601871	0.37100148
0.61899998	-0.71349043	0.36617249
0.61999998	-0.86537278	0.32806349
0.62099998	-0.79998153	0.26202634
0.62199998	-0.54272270	0.19789617
0.62299998	-0.12989050	0.14520793
0.62399998	0.28404897	0.11312746
0.62499998	0.63810283	0.10645300
0.62599998	0.82698697	0.13542692
0.62699998	0.82154280	0.19540477
0.62799998	0.62420028	0.26279527
0.62899998	0.26590183	0.32821727
0.62999998	-0.15437376	0.36617249
0.63099998	-0.57569510	0.37100148
0.63199998	-0.82126600	0.34464198
0.63299998	-0.85636073	0.29072341
0.63399998	-0.68626970	0.22659326
0.63499998	-0.33396900	0.16175567
0.63599998	0.07397269	0.11798720
0.63699998	0.47708538	0.10162401
0.63799998	0.75036907	0.11921752
0.63899998	0.85205460	0.16827632
0.63999998	0.75390625	0.22948450
0.64099998	0.47250247	0.29367617
0.64199998	0.07289616	0.34316561
0.64299998	-0.38659573	0.37041709
0.64399998	-0.71410555	0.36472687
0.64499998	-0.86361957	0.32717150
0.64599998	-0.79567546	0.26873153
0.64699998	-0.51839322	0.19786540
0.64799998	-0.13619587	0.14234744
0.64899998	0.29536787	0.11026698
0.64999998	0.63272023	0.11026698
0.65099998	0.82458782	0.14234744
0.65199998	0.82212722	0.19786540
0.65299998	0.62663019	0.26873153
0.65399998	0.27725148	0.32717150
0.65499998	-0.17368971	0.36472687
0.65599998	-0.55650222	0.37041709
0.65699998	-0.81680608	0.34316561
0.65799998	-0.86042076	0.29367617
0.65899998	-0.68064100	0.22948450
0.65999998	-0.34756398	0.16827632
0.66099998	0.09125862	0.11921752
0.66199998	0.47840798	0.10162401
0.66299998	0.75559795	0.11798720
0.66399998	0.85159326	0.16175567
0.66499998	0.75175321	0.22659326
0.66599998	0.47290230	0.29072341
0.66699998	0.05828617	0.34464198
0.66799998	-0.35949802	0.37100148
0.66899998	-0.72090304	0.36617249
0.66999998	-0.87296999	0.32806349
0.67099998	-0.79426056	0.26202634
0.67199998	-0.53066558	0.19774237
0.67299998	-0.11844857	0.14443898
0.67399998	0.29226133	0.11543430
0.67499998	0.64028668	0.11543430
0.67599998	0.82606423	0.14443898
0.67699998	0.82062006	0.19774237
0.67799998	0.62650716	0.26202634
0.67899998	0.27488312	0.32806349
0.67999998	-0.14523868	0.36617249
0.68099998	-0.57261932	0.37100148
0.68199998	-0.82449555	0.34464198
0.68299998	-0.86623400	0.29072341
0.68399998	-0.69291341	0.22659326
0.68499998	-0.32729453	0.16175567
0.68599998	0.08372293	0.11798720
0.68699998	0.47954601	0.10162401
0.68799998	0.74960017	0.11921752
0.68899998	0.85190082	0.16827632
0.68999998	0.75390625	0.22948450
0.69099998	0.47250247	0.29367617
0.69199998	0.07289616	0.34316561
0.69299998	-0.38659573	0.37041709
0.69399998	-0.71410555	0.36472687
0.69499998	-0.86361957	0.32717150
0.69599998	-0.79567546	0.26873153
0.69699998	-0.51839322	0.19786540
0.69799998	-0.13619587	0.14234744
0.69899998	0.29536787	0.11026698
0.69999998	0.63256645	0.11026698
0.70099998	0.82381892	0.14234744
0.70199998	0.82443404	0.19786540
0.70299998	0.63564223	0.26873153
0.70399998	0.28626353	0.32701772
0.70499998	-0.17135212	0.36395791
0.70599998	-0.55727118	0.37275466
0.70699998	-0.81695992	0.35214689
0.70799998	-0.86042076	0.30265749
0.70899998	-0.68064100	0.23179133
0.70999998	-0.34756398	0.16735359
0.71099998	0.09125862	0.11829478
0.71199998	0.47840798	0.10380782
0.71299998	0.75559795	0.12619956
0.71399998	0.85174704	0.17307456
0.71499998	0.75252217	0.23788139
0.71599998	0.47059548	0.29893577
0.71699998	0.04933563	0.34679502
0.71799998	-0.36847934	0.37023252
0.71899998	-0.72320992	0.36601871
0.71999998	-0.87220103	0.32806349
0.72099998	-0.79410678	0.26202634
0.72199998	-0.53066558	0.19774237
0.72299998	-0.11844857	0.14443898
0.72399998	0.29226133	0.11543430
0.72499998	0.64028668	0.11543430
0.72599998	0.82606423	0.14443898
0.72699998	0.82062006	0.19774237
0.72799998	0.62650716	0.26202634
0.72899998	0.27488312	0.32806349
0.72999998	-0.14539246	0.36601871
0.73099998	-0.57338828	0.37023252
0.73199998	-0.82203496	0.34694883
0.73299998	-0.85651451	0.29970473
0.73399998	-0.68626970	0.23557456
0.73499998	-0.33396900	0.16409326
0.73599998	0.07397269	0.11721826
0.73699998	0.47708538	0.10147022
0.73799998	0.75036907	0.11906373
0.73899998	0.85205460	0.16750738
0.73999998	0.75390625	0.23179133
0.74099998	0.47250247	0.30265749
0.74199998	0.07289616	0.35214689
0.74299998	-0.38659573	0.37275466
0.74399998	-0.71410555	0.36395791
0.74499998	-0.86361957	0.32701772
0.74599998	-0.79567546	0.26888534
0.74699998	-0.51839322	0.19863436
0.74799998	-0.13619587	0.14004061
0.74899998	0.29536787	0.10125492
0.74999998	0.63272023	0.10125492
0.75099998	0.82458782	0.14004061
0.75199998	0.82212722	0.19863436
0.75299998	0.62663019	0.26888534
0.75399998	0.27725148	0.32717150
0.75499998	-0.17368971	0.36472687
0.75599998	-0.55650222	0.37041709
0.75699998	-0.81680608	0.34316561
0.75799998	-0.86042076	0.29367617
0.75899998	-0.68064100	0.22948450
0.75999998	-0.34756398	0.16827632
0.76099998	0.09125862	0.11921752
0.76199998	0.47840798	0.10147022
0.76299998	0.75559795	0.11721826
0.76399998	0.85174704	0.16393946
0.76499998	0.75252217	0.23480561
0.76599998	0.47044167	0.30201155
0.76699998	0.04856668	0.35593012
0.76799998	-0.36601871	0.37921384
0.76899998	-0.71349043	0.36832553
0.76999998	-0.86552656	0.32747909
0.77099998	-0.80075049	0.26264149
0.77199998	-0.54041582	0.19555856
0.77299998	-0.12093996	0.13619587
0.77399998	0.29303026	0.10414616
0.77499998	0.64044046	0.10414616
0.77599998	0.82606423	0.13619587
0.77699998	0.82062006	0.19555856
0.77799998	0.62650716	0.26279527
0.77899998	0.27488312	0.32821727
0.77999998	-0.14539246	0.36617249
0.78099998	-0.57338828	0.37100148
0.78199998	-0.82218874	0.34448817
0.78299998	-0.85728347	0.28995448
0.78399998	-0.68393207	0.22890010
0.78499998	-0.32498771	0.17076771
0.78599998	0.08313853	0.12696850
0.78699998	0.48016116	0.10396162
0.78799998	0.74729329	0.11829478
0.78899998	0.84291953	0.16735359
0.78999998	0.74495572	0.23179133
0.79099998	0.47019562	0.30265749
0.79199998	0.07363435	0.35230067
0.79299998	-0.38644192	0.37349287
0.79399998	-0.71410555	0.36165109
0.79499998	-0.86361957	0.31803641
0.79599998	-0.79567546	0.25975025
0.79699998	-0.51839322	0.19552781
0.79799998	-0.13619587	0.14311638
0.79899998	0.29536787	0.11042077
0.79999998	0.63272023	0.11026698
0.80099998	0.82458782	0.14234744
0.80199998	0.82228100	0.19786540
0.80299998	0.62739909	0.26873153
0.80399998	0.27494463	0.32717150
0.80499998	-0.18267101	0.36472687
0.80599998	-0.56551427	0.37041709
0.80699998	-0.81911296	0.34316561
0.80799998	-0.85965180	0.29367617
0.80899998	-0.68048722	0.22948450
0.80999998	-0.34756398	0.16827632
0.81099998	0.09125862	0.11921752
0.81199998	0.47840798	0.10162401
0.81299998	0.75559795	0.11798720
0.81399998	0.85174704	0.16160187
0.81499998	0.75252217	0.22582431
0.81599998	0.47059548	0.29306102
0.81699998	0.04933563	0.35362327
0.81799998	-0.36847934	0.37998277
0.81899998	-0.72320992	0.36847934
0.81999998	-0.87204725	0.32747909
0.82099998	-0.79333782	0.26264149
0.82199998	-0.53297246	0.19540477
0.82299998	-0.12742987	0.13542692
0.82399998	0.28328001	0.10645300
0.82499998	0.63794905	0.11312746
0.82599998	0.82683319	0.14520793
0.82699998	0.82077384	0.19789617
0.82799998	0.62650716	0.26202634
0.82899998	0.27488312	0.32806349
0.82999998	-0.14539246	0.36617249
0.83099998	-0.57338828	0.37100148
0.83199998	-0.82203496	0.34464198
0.83299998	-0.85651451	0.29072341
0.83399998	-0.68626970	0.22659326
0.83499998	-0.33396900	0.16175567
0.83599998	0.07397269	0.11798720
0.83699998	0.47708538	0.10162401
0.83799998	0.75036907	0.11906373
0.83899998	0.85205460	0.16750738
0.83999998	0.75390625	0.23179133
0.84099998	0.47250247	0.30265749
0.84199998	0.07289616	0.35214689
0.84299998	-0.38659573	0.37275466
0.84399998	-0.71410555	0.36395791
0.84499998	-0.86361957	0.32701772
0.84599998	-0.79567546	0.26873153
0.84699998	-0.51839322	0.19786540
0.84799998	-0.13634965	0.14234744
0.84899998	0.29459891	0.11026698
0.84999998	0.63490403	0.11026698
0.85099998	0.83283097	0.14234744
0.85199998	0.83344609	0.19786540
0.85299998	0.63794905	0.26873153
0.85399998	0.28534079	0.32701772
0.85499998	-0.17227486	0.36395791
0.85599998	-0.55496430	0.37275466
0.85699998	-0.80797857	0.35214689
0.85799998	-0.85143948	0.30265749
0.85899998	-0.67833418	0.23179133
0.85999998	-0.34848672	0.16735359
0.86099998	0.09036663	0.11829478
0.86199998	0.48089936	0.10380782
0.86299998	0.76537895	0.12619956
0.86399998	0.85826772	0.17307456
0.86499998	0.74507874	0.23788139
0.86599998	0.46315205	0.29893577
0.86699998	0.05582554	0.34679502
0.86799998	-0.35857528	0.37023252
0.86899998	-0.71998030	0.36601871
0.86999998	-0.87527680	0.32806349
0.87099998	-0.80321109	0.26202634
0.87199998	-0.53964692	0.19789617
0.87299998	-0.12078617	0.14520793
0.87399998	0.29303026	0.11312746
0.87499998	0.64044046	0.10645300
0.87599998	0.82606423	0.13558070
0.87699998	0.82062006	0.19617371
0.87799998	0.62650716	0.26048842
0.87899998	0.27488312	0.31923598
0.87999998	-0.14523868	0.35700664
0.88099998	-0.57261932	0.36792567
0.88199998	-0.82449555	0.34771776
0.88299998	-0.86623400	0.29985851
0.88399998	-0.69291341	0.23557456
0.88499998	-0.32729453	0.16409326
0.88599998	0.08387672	0.11721826
0.88699998	0.48031497	0.10147022
0.88799998	0.74729329	0.11921752
0.88899998	0.84291953	0.16827632
0.88999998	0.74495572	0.22948450
0.89099998	0.47019562	0.29367617
0.89199997	0.07363435	0.34316561
0.89299997	-0.38644192	0.37041709
0.89399997	-0.71410555	0.36472687
0.89499997	-0.86361957	0.32717150
0.89599997	-0.79549092	0.26873153
0.89699997	-0.51765501	0.19786540
0.89799997	-0.13850270	0.14219365
0.89899997	0.28635579	0.10949803
0.89999997	0.62358516	0.11257382
0.90099997	0.82151204	0.15135950
0.90199997	0.82520300	0.20684670
0.90299997	0.63579601	0.27106914
0.90399997	0.28626353	0.32624876
0.90499997	-0.17135212	0.36380413
0.90599997	-0.55727118	0.37275466
0.90699997	-0.81695992	0.35214689
0.90799997	-0.86026698	0.30265749
0.90899997	-0.67987204	0.23179133
0.90999997	-0.34987080	0.16750738
0.91099997	0.08230807	0.11906373
0.91199997	0.46945742	0.10147022
0.91299997	0.75329107	0.11721826
0.91399997	0.85251600	0.16409326
0.91499997	0.75267595	0.23557456
0.91599997	0.47059548	0.29970473
0.91699997	0.04933563	0.34694883
0.91799997	-0.36847934	0.37023252
0.91899997	-0.72320992	0.36601871
0.91999997	-0.87220103	0.32821727
0.92099997	-0.79410678	0.26279527
0.92199997	-0.53066558	0.19555856
0.92299997	-0.11844857	0.13619587
0.92399997	0.29226133	0.10414616
0.92499997	0.64028668	0.10414616
0.92599997	0.82606423	0.13619587
0.92699997	0.82062006	0.19555856
0.92799997	0.62650716	0.26279527
0.92899997	0.27488312	0.32821727
0.92999997	-0.14539246	0.36617249
0.93099997	-0.57338828	0.37100148
0.93199997	-0.82203496	0.34464198
0.93299997	-0.85651451	0.29072341
0.93399997	-0.68626970	0.22659326
0.93499997	-0.33396900	0.16175567
0.93599997	0.07397269	0.11798720
0.93699997	0.47708538	0.10162401
0.93799997	0.75036907	0.11906373
0.93899997	0.85205460	0.16750738
0.93999997	0.75406003	0.23179133
0.94099997	0.47327140	0.30265749
0.94199997	0.07055856	0.35214689
0.94299997	-0.39554626	0.37275466
0.94399997	-0.72308683	0.36395791
0.94499997	-0.86592644	0.32701772
0.94599997	-0.79490650	0.26873153
0.94699997	-0.51823944	0.19786540
0.94799997	-0.13634965	0.14234744
0.94899997	0.29459891	0.11026698
0.94999997	0.63505781	0.11026698
0.95099997	0.83356917	0.14234744
0.95199997	0.83110851	0.19786540
0.95299997	0.62896776	0.26873153
0.95399997	0.27648252	0.32717150
0.95499997	-0.17384350	0.36472687
0.95599997	-0.55650222	0.37041709
0.95699997	-0.81680608	0.34316561
0.95799997	-0.86042076	0.29367617
0.95899997	-0.68064100	0.22948450
0.95999997	-0.34756398	0.16827632
0.96099997	0.09125862	0.11921752
0.96199997	0.47840798	0.10147022
0.96299997	0.75559795	0.11721826
0.96399997	0.85174704	0.16409326
0.96499997	0.75252217	0.23557456
0.96599997	0.47059548	0.29970473
0.96699997	0.04933563	0.34694883
0.96799997	-0.36832553	0.37023252
0.96899997	-0.72244096	0.36601871
0.96999997	-0.87435406	0.32821727
0.97099997	-0.80231917	0.26279527
0.97199997	-0.54195374	0.19555856
0.97299997	-0.12973671	0.13619587
0.97399997	0.28404897	0.10414616
0.97499997	0.63810283	0.10414616
0.97599997	0.82683319	0.13619587
0.97699997	0.82077384	0.19555856
0.97799997	0.62650716	0.26279527
0.97899997	0.27488312	0.32821727
0.97999997	-0.14523868	0.36617249
0.98099997	-0.57261932	0.37100148
0.98199997	-0.82449555	0.34448817
0.98299997	-0.86623400	0.28995448
0.98399997	-0.69291341	0.22890010
0.98499997	-0.32729453	0.17076771
0.98599997	0.08372293	0.12696850
0.98699997	0.47954601	0.10396162
0.98799997	0.74960017	0.11829478
0.98899997	0.85190082	0.16735359
0.98999997	0.75390625	0.23179133
0.99099997	0.47250247	0.30265749
0.99199997	0.07289616	0.35214689
0.99299997	-0.38659573	0.37275466
0.99399997	-0.71410555	0.36395791
0.99499997	-0.86361957	0.32701772
0.99599997	-0.79567546	0.26873153
0.99699997	-0.51839322	0.19786540
0.99799997	-0.13619587	0.14234744
0.99899997	0.29536787	0.11026698
0.99999997	0.63256645	0.11026698
1.00099997	0.82381892	0.14234744
1.00199997	0.82443404	0.19786540
1.00299997	0.63564223	0.26873153
1.00399997	0.28626353	0.32717150
1.00499997	-0.17135212	0.36472687
1.00599997	-0.55727118	0.37041709
1.00699997	-0.81695992	0.34316561
1.00799997	-0.86042076	0.29367617
1.00899997	-0.68064100	0.22948450
1.00999997	-0.34756398	0.16827632
1.01099997	0.09125862	0.11921752
1.01199997	0.47840798	0.10147022
1.01299997	0.75559795	0.11721826
1.01399997	0.85174704	0.16393946
1.01499997	0.75252217	0.23480561
1.01599997	0.47059548	0.30216536
1.01699997	0.04933563	0.35669905
1.01799997	-0.36832553	0.37690699
1.01899997	-0.72244096	0.35931349
1.01999997	-0.87435406	0.31846702
1.02099997	-0.80231917	0.26033464
1.02199997	-0.54195374	0.19617371
1.02299997	-0.12973671	0.13558070
1.02399997	0.28404897	0.10645300
1.02499997	0.63810283	0.11312746
1.02599997	0.82683319	0.14520793
1.02699997	0.82077384	0.19789617
1.02799997	0.62650716	0.26202634
1.02899997	0.27488312	0.32806349
1.02999997	-0.14539246	0.36601871
1.03099997	-0.57338828	0.37023252
1.03199997	-0.82203496	0.34694883
1.03299997	-0.85651451	0.29970473
1.03399997	-0.68626970	0.23557456
1.03499997	-0.33396900	0.16409326
1.03599997	0.07397269	0.11721826
1.03699997	0.47708538	0.10147022
1.03799997	0.75052285	0.11906373
1.03899997	0.85282356	0.16750738
1.03999997	0.75175321	0.23179133
1.04099997	0.46425936	0.30265749
1.04199997	0.06157726	0.35230067
1.04299997	-0.39788386	0.37349287
1.04399997	-0.72231793	0.36165109
1.04499997	-0.86577260	0.31803641
1.04599997	-0.79490650	0.25975025
1.04699997	-0.51823944	0.19552781
1.04799997	-0.13634965	0.14311638
1.04899997	0.29459891	0.11042077
1.04999997	0.63505781	0.11026698
1.05099997	0.83356917	0.14234744
1.05199997	0.83126229	0.19786540
1.05299997	0.62973672	0.26873153
1.05399997	0.27417567	0.32717150
1.05499997	-0.18282481	0.36472687
1.05599997	-0.56536049	0.37041709
1.05699997	-0.81837475	0.34316561
1.05799997	-0.86195868	0.29367617
1.05899997	-0.68946850	0.22948450
1.05999997	-0.35654527	0.16827632
1.06099997	0.08895177	0.11921752
1.06199997	0.47933072	0.10162401
1.06299997	0.75652069	0.11798720
1.06399997	0.84940946	0.16175567
1.06499997	0.74351007	0.22659326
1.06599997	0.46158341	0.29072341
1.06699997	0.04699803	0.34464198
1.06799997	-0.36771038	0.37100148
1.06899997	-0.72305608	0.36617249
1.06999997	-0.87220103	0.32821727
1.07099997	-0.79410678	0.26279527
1.07199997	-0.53066558	0.19540477
1.07299997	-0.11844857	0.13542692
1.07399997	0.29226133	0.10645300
1.07499997	0.64028668	0.11312746
1.07599997	0.82606423	0.14536171
1.07699997	0.82062006	0.19866511
1.07799997	0.62650716	0.25956571
1.07899997	0.27488312	0.31831324
1.07999997	-0.14523868	0.35946727
1.08099997	-0.57261932	0.37764516
1.08199997	-0.82434177	0.35439223
1.08299997	-0.86546504	0.29321480
1.08399997	-0.69525099	0.22582431
1.08499997	-0.33627585	0.16160187
1.08599997	0.07489543	0.11798720
1.08699997	0.47800812	0.10162401
1.08799997	0.74806225	0.11906373
1.08899997	0.84307331	0.16750738
1.08999997	0.74510950	0.23179133
1.09099997	0.47096455	0.30265749
1.09199997	0.07132751	0.35214689
1.09299997	-0.39539248	0.37275466
1.09399997	-0.72308683	0.36395791
1.09499997	-0.86592644	0.32701772
1.09599997	-0.79490650	0.26873153
1.09699997	-0.51823944	0.19786540
1.09799997	-0.13619587	0.14234744
1.09899997	0.29536787	0.11026698
1.09999997	0.63272023	0.11026698
1.10099997	0.82458782	0.14234744
1.10199997	0.82212722	0.19786540
1.10299997	0.62663019	0.26873153
1.10399997	0.27725148	0.32717150
1.10499997	-0.17368971	0.36472687
1.10599997	-0.55650222	0.37041709
1.10699997	-0.81680608	0.34316561
1.10799997	-0.86042076	0.29367617
1.10899997	-0.68064100	0.22948450
1.10999997	-0.34756398	0.16827632
1.11099997	0.09125862	0.11921752
1.11199997	0.47840798	0.10147022
1.11299997	0.75559795	0.11721826
1.11399997	0.85159326	0.16409326
1.11499997	0.75175321	0.23557456
1.11599997	0.47290230	0.29970473
1.11699997	0.05828617	0.34694883
1.11799997	-0.35934424	0.37023252
1.11899997	-0.72013408	0.36601871
1.11999997	-0.87527680	0.32821727
1.12099997	-0.80321109	0.26279527
1.12199997	-0.53980070	0.19540477
1.12299997	-0.12152436	0.13542692
1.12399997	0.29533711	0.10645300
1.12499997	0.64942175	0.11312746
1.12599997	0.83523005	0.14520793
1.12699997	0.82372659	0.19789617
1.12799997	0.62343132	0.26202634
1.12899997	0.26574802	0.32806349
1.12999997	-0.15437376	0.36617249
1.13099997	-0.57569510	0.37100148
1.13199997	-0.82141978	0.34448817
1.13299997	-0.85712969	0.28995448
1.13399997	-0.68393207	0.22890010
1.13499997	-0.32498771	0.17076771
1.13599997	0.08298475	0.12696850
1.13699997	0.47939223	0.10396162
1.13799997	0.74975395	0.11829478
1.13899997	0.85266978	0.16735359
1.13999997	0.75175321	0.23179133
1.14099997	0.46425936	0.30265749
1.14199997	0.06157726	0.35230067
1.14299997	-0.39788386	0.37349287
1.14399997	-0.72231793	0.36165109
1.14499997	-0.86577260	0.31803641
1.14599997	-0.79490650	0.25975025
1.14699997	-0.51823944	0.19552781
1.14799997	-0.13634965	0.14311638
1.14899997	0.29459891	0.11042077
1.14999997	0.63505781	0.11026698
1.15099997	0.83356917	0.14234744
1.15199997	0.83110851	0.19786540
1.15299997	0.62896776	0.26873153
1.15399997	0.27648252	0.32717150
1.15499997	-0.17384350	0.36472687
1.15599997	-0.55650222	0.37041709
1.15699997	-0.81680608	0.34316561
1.15799997	-0.86042076	0.29367617
1.15899997	-0.68064100	0.22948450
1.15999997	-0.34756398	0.16827632
1.16099997	0.09125862	0.11921752
1.16199997	0.47840798	0.10147022
1.16299997	0.75559795	0.11721826
1.16399997	0.85174704	0.16409326
1.16499997	0.75252217	0.23557456
1.16599997	0.47059548	0.29970473
1.16699997	0.04933563	0.34694883
1.16799997	-0.36832553	0.37023252
1.16899997	-0.72244096	0.36601871
1.16999997	-0.87435406	0.32806349
1.17099997	-0.80231917	0.26202634
1.17199997	-0.54195374	0.19789617
1.17299997	-0.12973671	0.14520793
1.17399997	0.28404897	0.11297367
1.17499997	0.63810283	0.10568406
1.17599997	0.82683319	0.13776451
1.17699997	0.82077384	0.20441683
1.17799997	0.62650716	0.27180734
1.17899997	0.27488312	0.33055487
1.17999997	-0.14523868	0.36540353
1.18099997	-0.57261932	0.37084767
1.18199997	-0.82434177	0.34464198
1.18299997	-0.86546504	0.29072341
1.18399997	-0.69525099	0.22659326
1.18499997	-0.33627585	0.16175567
1.18599997	0.07474163	0.11798720
1.18699997	0.47723916	0.10162401
1.18799997	0.75036907	0.11906373
1.18899997	0.85205460	0.16750738
1.18999997	0.75406003	0.23179133
1.19099997	0.47327140	0.30265749
1.19199997	0.07055856	0.35214689
1.19299997	-0.39554626	0.37275466
1.19399997	-0.72308683	0.36395791
1.19499997	-0.86592644	0.32701772
1.19599997	-0.79490650	0.26873153
1.19699997	-0.51823944	0.19786540
1.19799997	-0.13619587	0.14234744
1.19899997	0.29536787	0.11026698
1.19999997	0.63272023	0.11026698
1.20099997	0.82458782	0.14234744
1.20199997	0.82228100	0.19771162
1.20299997	0.62739909	0.26799336
1.20399997	0.27494463	0.32950911
1.20499997	-0.18267101	0.37370816
1.20599997	-0.56551427	0.37942913
1.20699997	-0.81911296	0.34547243
1.20799997	-0.85965180	0.29290724
1.20899997	-0.68048722	0.22933070
1.20999997	-0.34756398	0.16812254
1.21099997	0.09125862	0.11844857
1.21199997	0.47856176	0.10396162
1.21299997	0.75636685	0.12696850
1.21399997	0.84940946	0.17076771
1.21499997	0.74351007	0.22890010
1.21599997	0.46142963	0.28995448
1.21699997	0.04622908	0.34448817
1.21799997	-0.36524975	0.37100148
1.21899997	-0.71333659	0.36617249
1.21999997	-0.86552656	0.32821727
1.22099997	-0.80075049	0.26279527
1.22199997	-0.54041582	0.19555856
1.22299997	-0.12093996	0.13619587
1.22399997	0.29303026	0.10414616
1.22499997	0.64044046	0.10414616
1.22599997	0.82606423	0.13634965
1.22699997	0.82062006	0.19632751
1.22799997	0.62650716	0.26048842
1.22899997	0.27488312	0.31923598
1.22999997	-0.14539246	0.35716042
1.23099997	-0.57338828	0.36869463
1.23199997	-0.82203496	0.34541091
1.23299997	-0.85651451	0.29087722
1.23399997	-0.68626970	0.22659326
1.23499997	-0.33396900	0.16175567
1.23599997	0.07412647	0.11798720
1.23699997	0.47785434	0.10162401
1.23799997	0.74806225	0.11921752
1.23899997	0.84307331	0.16827632
1.23999997	0.74495572	0.22948450
1.24099997	0.47019562	0.29367617
1.24199997	0.07363435	0.34331939
1.24299997	-0.38644192	0.37118602
1.24399997	-0.71395177	0.36238927
1.24499997	-0.86285067	0.31819022
1.24599996	-0.79798228	0.25975025
1.24699996	-0.52740526	0.19552781
1.24799996	-0.14533095	0.14311638
1.24899996	0.29226133	0.11042077
1.24999996	0.63582677	0.11026698
1.25099996	0.83375371	0.14234744
1.25199996	0.83110851	0.19786540
1.25299996	0.62896776	0.26873153
1.25399996	0.27648252	0.32717150
1.25499996	-0.17384350	0.36472687
1.25599996	-0.55650222	0.37041709
1.25699996	-0.81680608	0.34316561
1.25799996	-0.86042076	0.29367617
1.25899996	-0.68064100	0.22948450
1.25999996	-0.34756398	0.16827632
1.26099996	0.09125862	0.11921752
1.26199996	0.47840798	0.10162401
1.26299996	0.75559795	0.11798720
1.26399996	0.85174704	0.16160187
1.26499996	0.75252217	0.22582431
1.26599996	0.47059548	0.29306102
1.26699996	0.04933563	0.35362327
1.26799996	-0.36832553	0.37998277
1.26899996	-0.72244096	0.36847934
1.26999996	-0.87450784	0.32747909
1.27099996	-0.80305731	0.26264149
1.27199996	-0.53964692	0.19540477
1.27299996	-0.12078617	0.13542692
1.27399996	0.29303026	0.10645300
1.27499996	0.64044046	0.11312746
1.27599996	0.82606423	0.14520793
1.27699996	0.82062006	0.19789617
1.27799996	0.62650716	0.26202634
1.27899996	0.27488312	0.32806349
1.27999996	-0.14539246	0.36601871
1.28099996	-0.57338828	0.37023252
1.28199996	-0.82203496	0.34694883
1.28299996	-0.85651451	0.29970473
1.28399996	-0.68642348	0.23557456
1.28499996	-0.33473796	0.16409326
1.28599996	0.07627953	0.11721826
1.28699996	0.48603591	0.10147022
1.28799996	0.75935042	0.11906373
1.28899996	0.85436147	0.16750738
1.28999996	0.75329107	0.23179133
1.29099996	0.47311762	0.30265749
1.29199996	0.07055856	0.35230067
1.29299996	-0.39554626	0.37349287
1.29399996	-0.72308683	0.36165109
1.29499996	-0.86592644	0.31803641
1.29599996	-0.79490650	0.25975025
1.29699996	-0.51823944	0.19552781
1.29799996	-0.13619587	0.14311638
1.29899996	0.29536787	0.11042077
1.29999996	0.63256645	0.11026698
1.30099996	0.82381892	0.14234744
1.30199996	0.82443404	0.19786540
1.30299996	0.63564223	0.26873153
1.30399996	0.28626353	0.32701772
1.30499996	-0.17135212	0.36395791
1.30599996	-0.55727118	0.37275466
1.30699996	-0.81695992	0.35214689
1.30799996	-0.86042076	0.30265749
1.30899996	-0.68064100	0.23179133
1.30999996	-0.34756398	0.16750738
1.31099996	0.09125862	0.11906373
1.31199996	0.47840798	0.10147022
1.31299996	0.75559795	0.11721826
1.31399996	0.85174704	0.16409326
1.31499996	0.75252217	0.23557456
1.31599996	0.47059548	0.29970473
1.31699996	0.04933563	0.34694883
1.31799996	-0.36847934	0.37023252
1.31899996	-0.72320992	0.36601871
1.31999996	-0.87204725	0.32806349
1.32099996	-0.79333782	0.26202634
1.32199996	-0.53297246	0.19789617
1.32299996	-0.12742987	0.14520793
1.32399996	0.28328001	0.11312746
1.32499996	0.63794905	0.10645300
1.32599996	0.82683319	0.13542692
1.32699996	0.82077384	0.19540477
1.32799996	0.62650716	0.26279527
1.32899996	0.27488312	0.32821727
1.32999996	-0.14539246	0.36617249
1.33099996	-0.57338828	0.37100148
1.33199996	-0.82203496	0.34464198
1.33299996	-0.85651451	0.29072341
1.33399996	-0.68626970	0.22659326
1.33499996	-0.33396900	0.16175567
1.33599996	0.07397269	0.11798720
1.33699996	0.47708538	0.10162401
1.33799996	0.75052285	0.11906373
1.33899996	0.85282356	0.16750738
1.33999996	0.75159943	0.23179133
1.34099996	0.46352115	0.30265749
1.34199996	0.06388410	0.35214689
1.34299996	-0.38890254	0.37275466
1.34399996	-0.71336734	0.36395791
1.34499996	-0.86346579	0.32701772
1.34599996	-0.79567546	0.26873153
1.34699996	-0.51839322	0.19786540
1.34799996	-0.13634965	0.14234744
1.34899996	0.29459891	0.11026698
1.34999996	0.63505781	0.11026698
1.35099996	0.83356917	0.14234744
1.35199996	0.83126229	0.19786540
1.35299996	0.62973672	0.26873153
1.35399996	0.27417567	0.32717150
1.35499996	-0.18282481	0.36472687
1.35599996	-0.56551427	0.37041709
1.35699996	-0.81911296	0.34316561
1.35799996	-0.85965180	0.29367617
1.35899996	-0.68048722	0.22948450
1.35999996	-0.34756398	0.16827632
1.36099996	0.09125862	0.11921752
1.36199996	0.47840798	0.10162401
1.36299996	0.75559795	0.11798720
1.36399996	0.85174704	0.16175567
1.36499996	0.75252217	0.22659326
1.36599996	0.47044167	0.29072341
1.36699996	0.04856668	0.34464198
1.36799996	-0.36601871	0.37100148
1.36899996	-0.71349043	0.36617249
1.36999996	-0.86552656	0.32806349
1.37099996	-0.80075049	0.26202634
1.37199996	-0.54041582	0.19774237
1.37299996	-0.12093996	0.14443898
1.37399996	0.29303026	0.11543430
1.37499996	0.64044046	0.11543430
1.37599996	0.82606423	0.14443898
1.37699996	0.82062006	0.19774237
1.37799996	0.62650716	0.26202634
1.37899996	0.27488312	0.32806349
1.37999996	-0.14523868	0.36617249
1.38099996	-0.57261932	0.37100148
1.38199996	-0.82434177	0.34464198
1.38299996	-0.86546504	0.29072341
1.38399996	-0.69525099	0.22659326
1.38499996	-0.33627585	0.16175567
1.38599996	0.07489543	0.11798720
1.38699996	0.47800812	0.10162401
1.38799996	0.74806225	0.11906373
1.38899996	0.84307331	0.16750738
1.38999996	0.74495572	0.23179133
1.39099996	0.47019562	0.30265749
1.39199996	0.07363435	0.35214689
1.39299996	-0.38644192	0.37275466
1.39399996	-0.71410555	0.36395791
1.39499996	-0.86361957	0.32701772
1.39599996	-0.79567546	0.26873153
1.39699996	-0.51839322	0.19786540
1.39799996	-0.13619587	0.14234744
1.39899996	0.29536787	0.11026698
1.39999996	0.63256645	0.11026698
1.40099996	0.82381892	0.14234744
1.40199996	0.82458782	0.19786540
1.40299996	0.63641119	0.26873153
1.40399996	0.28392592	0.32717150
1.40499996	-0.18036418	0.36472687
1.40599996	-0.56628323	0.37041709
1.40699996	-0.81926674	0.34316561
1.40799996	-0.85965180	0.29367617
1.40899996	-0.68048722	0.22948450
1.40999996	-0.34756398	0.16827632
1.41099996	0.09125862	0.11921752
1.41199996	0.47840798	0.10147022
1.41299996	0.75559795	0.11721826
1.41399996	0.85174704	0.16409326
1.41499996	0.75252217	0.23557456
1.41599996	0.47059548	0.29970473
1.41699996	0.04933563	0.34694883
1.41799996	-0.36847934	0.37007874
1.41899996	-0.72320992	0.36524975
1.41999996	-0.87220103	0.33055487
1.42099996	-0.79410678	0.27180734
1.42199996	-0.53066558	0.20457062
1.42299996	-0.11844857	0.13853346
1.42399996	0.29226133	0.10322343
1.42499996	0.64028668	0.10322343
1.42599996	0.82606423	0.13853346
1.42699996	0.82062006	0.20457062
1.42799996	0.62650716	0.27180734
1.42899996	0.27488312	0.33055487
1.42999996	-0.14539246	0.36524975
1.43099996	-0.57338828	0.37007874
1.43199996	-0.82203496	0.34694883
1.43299996	-0.85651451	0.29970473
1.43399996	-0.68642348	0.23557456
1.43499996	-0.33473796	0.16409326
1.43599996	0.07643332	0.11721826
1.43699996	0.48680487	0.10147022
1.43799996	0.75701278	0.11921752
1.43899996	0.84538019	0.16827632
1.43999996	0.74434054	0.22948450
1.44099996	0.47081077	0.29367617
1.44199996	0.07148130	0.34316561
1.44299996	-0.39462352	0.37041709
1.44399996	-0.72539371	0.36472687
1.44499996	-0.87490773	0.32717150
1.44599996	-0.80385703	0.26873153
1.44699996	-0.52057701	0.19786540
1.44799996	-0.13558070	0.14234744
1.44899996	0.29475272	0.11026698
1.44999996	0.63505781	0.11026698
1.45099996	0.83356917	0.14234744
1.45199996	0.83110851	0.19786540
1.45299996	0.62896776	0.26873153
1.45399996	0.27632874	0.32717150
1.45499996	-0.17461245	0.36472687
1.45599996	-0.55419534	0.37041709
1.45699996	-0.80782479	0.34316561
1.45799996	-0.85143948	0.29367617
1.45899996	-0.67833418	0.22948450
1.45999996	-0.34833291	0.16827632
1.46099996	0.09110482	0.11921752
1.46199996	0.47840798	0.10147022
1.46299996	0.75559795	0.11721826
1.46399996	0.85159326	0.16409326
1.46499996	0.75175321	0.23557456
1.46599996	0.47290230	0.29970473
1.46699996	0.05828617	0.34694883
1.46799996	-0.35934424	0.37023252
1.46899996	-0.72013408	0.36601871
1.46999996	-0.87527680	0.32821727
1.47099996	-0.80321109	0.26279527
1.47199996	-0.53964692	0.19555856
1.47299996	-0.12078617	0.13619587
1.47399996	0.29303026	0.10414616
1.47499996	0.64044046	0.10414616
1.47599996	0.82606423	0.13619587
1.47699996	0.82062006	0.19555856
1.47799996	0.62650716	0.26279527
1.47899996	0.27488312	0.32821727
1.47999996	-0.14539246	0.36601871
1.48099996	-0.57338828	0.37023252
1.48199996	-0.82218874	0.34694883
1.48299996	-0.85728347	0.29970473
1.48399996	-0.68393207	0.23557456
1.48499996	-0.32498771	0.16409326
1.48599996	0.08298475	0.11721826
1.48699996	0.47939223	0.10147022
1.48799996	0.74960017	0.11906373
1.48899996	0.85190082	0.16750738
1.48999996	0.75406003	0.23179133
1.49099996	0.47327140	0.30265749
1.49199996	0.07055856	0.35230067
1.49299996	-0.39554626	0.37349287
1.49399996	-0.72308683	0.36165109
1.49499996	-0.86592644	0.31803641
1.49599996	-0.79490650	0.25975025
1.49699996	-0.51823944	0.19552781
1.49799996	-0.13619587	0.14311638
1.49899996	0.29536787	0.11042077
1.49999996	0.63272023	0.11026698
1.50099996	0.82458782	0.14234744
1.50199996	0.82228100	0.19786540
1.50299996	0.62739909	0.26873153
1.50399996	0.27494463	0.32701772
1.50499996	-0.18267101	0.36395791
1.50599996	-0.56551427	0.37275466
1.50699996	-0.81911296	0.35214689
1.50799996	-0.85965180	0.30265749
1.50899996	-0.68048722	0.23179133
1.50999996	-0.34756398	0.16750738
1.51099996	0.09125862	0.11906373
1.51199996	0.47840798	0.10147022
1.51299996	0.75559795	0.11721826
1.51399996	0.85174704	0.16409326
1.51499996	0.75252217	0.23557456
1.51599996	0.47059548	0.29970473
1.51699996	0.04933563	0.34694883
1.51799996	-0.36847934	0.37023252
1.51899996	-0.72320992	0.36601871
1.51999996	-0.87220103	0.32821727
1.52099996	-0.79410678	0.26279527
1.52199996	-0.53066558	0.19555856
1.52299996	-0.11844857	0.13619587
1.52399996	0.29210752	0.10414616
1.52499996	0.63951772	0.10414616
1.52599996	0.82852483	0.13619587
1.52699996	0.83037031	0.19555856
1.52799996	0.63318157	0.26279527
1.52899996	0.26820865	0.32821727
1.52999996	-0.15514271	0.36617249
1.53099996	-0.57584894	0.37100148
1.53199996	-0.82141978	0.34464198
1.53299996	-0.85712969	0.29072341
1.53399996	-0.68411660	0.22659326
1.53499996	-0.32572588	0.16175567
1.53599996	0.08529159	0.11798720
1.53699996	0.48837352	0.10162401
1.53799996	0.75858146	0.11906373
1.53899996	0.85420769	0.16750738
1.53999996	0.75329107	0.23179133
1.54099996	0.47311762	0.30265749
1.54199996	0.07055856	0.35214689
1.54299996	-0.39554626	0.37275466
1.54399996	-0.72308683	0.36395791
1.54499996	-0.86592644	0.32701772
1.54599996	-0.79490650	0.26873153
1.54699996	-0.51823944	0.19786540
1.54799996	-0.13634965	0.14234744
1.54899996	0.29459891	0.11026698
1.54999996	0.63505781	0.11026698
1.55099996	0.83356917	0.14234744
1.55199996	0.83110851	0.19786540
1.55299996	0.62896776	0.26873153
1.55399996	0.27648252	0.32717150
1.55499996	-0.17384350	0.36472687
1.55599996	-0.55650222	0.37041709
1.55699996	-0.81680608	0.34316561
1.55799996	-0.86042076	0.29367617
1.55899996	-0.68064100	0.22948450
1.55999996	-0.34756398	0.16827632
1.56099996	0.09125862	0.11921752
1.56199996	0.47840798	0.10147022
1.56299996	0.75559795	0.11721826
1.56399996	0.85174704	0.16409326
1.56499996	0.75252217	0.23557456
1.56599996	0.47044167	0.29970473
1.56699996	0.04856668	0.34694883
1.56799996	-0.36601871	0.37023252
1.56899996	-0.71349043	0.36601871
1.56999996	-0.86552656	0.32821727
1.57099996	-0.80075049	0.26279527
1.57199996	-0.54041582	0.19555856
1.57299996	-0.12093996	0.13619587
1.57399996	0.29303026	0.10414616
1.57499996	0.64044046	0.10414616
1.57599996	0.82606423	0.13634965
1.57699996	0.82062006	0.19632751
1.57799996	0.62650716	0.26033464
1.57899996	0.27488312	0.31846702
1.57999996	-0.14539246	0.35946727
1.58099996	-0.57338828	0.37764516
1.58199996	-0.82218874	0.35439223
1.58299996	-0.85728347	0.29321480
1.58399996	-0.68411660	0.22582431
1.58499996	-0.32572588	0.16160187
1.58599996	0.08529159	0.11798720
1.58699996	0.48837352	0.10162401
1.58799996	0.75858146	0.11921752
1.58899996	0.85420769	0.16827632
1.58999996	0.75313729	0.22948450
1.59099996	0.47234866	0.29367617
1.59199996	0.07289616	0.34316561
1.59299996	-0.38659573	0.37041709
1.59399996	-0.71410555	0.36472687
1.59499996	-0.86361957	0.32717150
1.59599996	-0.79567546	0.26873153
1.59699996	-0.51839322	0.19786540
1.59799996	-0.13619587	0.14234744
1.59899995	0.29536787	0.11026698
1.59999995	0.63256645	0.11026698
1.60099995	0.82381892	0.14234744
1.60199995	0.82458782	0.19786540
1.60299995	0.63641119	0.26873153
1.60399995	0.28392592	0.32717150
1.60499995	-0.18036418	0.36472687
1.60599995	-0.56628323	0.37041709
1.60699995	-0.81926674	0.34316561
1.60799995	-0.85965180	0.29367617
1.60899995	-0.68048722	0.22948450
1.60999995	-0.34756398	0.16827632
1.61099995	0.09125862	0.11921752
1.61199995	0.47840798	0.10162401
1.61299995	0.75559795	0.11798720
1.61399995	0.85174704	0.16175567
1.61499995	0.75252217	0.22659326
1.61599995	0.47059548	0.29072341
1.61699995	0.04933563	0.34464198
1.61799995	-0.36847934	0.37100148
1.61899995	-0.72320992	0.36617249
1.61999995	-0.87220103	0.32821727
1.62099995	-0.79410678	0.26279527
1.62199995	-0.53066558	0.19540477
1.62299995	-0.11844857	0.13542692
1.62399995	0.29226133	0.10645300
1.62499995	0.64028668	0.11312746
1.62599995	0.82621801	0.14520793
1.62699995	0.82138902	0.19789617
1.62799995	0.62420028	0.26202634
1.62899995	0.26590183	0.32806349
1.62999995	-0.15437376	0.36617249
1.63099995	-0.57569510	0.37100148
1.63199995	-0.82126600	0.34464198
1.63299995	-0.85636073	0.29072341
1.63399995	-0.68626970	0.22659326
1.63499995	-0.33396900	0.16175567
1.63599995	0.07397269	0.11798720
1.63699995	0.47708538	0.10162401
1.63799995	0.75036907	0.11906373
1.63899995	0.85205460	0.16750738
1.63999995	0.75406003	0.23179133
1.64099995	0.47327140	0.30265749
1.64199995	0.07055856	0.35214689
1.64299995	-0.39554626	0.37275466
1.64399995	-0.72308683	0.36411172
1.64499995	-0.86592644	0.32778665
1.64599995	-0.79490650	0.26642472
1.64699995	-0.51823944	0.18888411
1.64799995	-0.13619587	0.13336614
1.64899995	0.29536787	0.10796013
1.64999995	0.63272023	0.11103593
1.65099995	0.82458782	0.14250124
1.65199995	0.82228100	0.19786540
1.65299995	0.62739909	0.26873153
1.65399995	0.27494463	0.32717150
1.65499995	-0.18267101	0.36472687
1.65599995	-0.56551427	0.37041709
1.65699995	-0.81911296	0.34316561
1.65799995	-0.85965180	0.29367617
1.65899995	-0.68048722	0.22948450
1.65999995	-0.34756398	0.16827632
1.66099995	0.09125862	0.11921752
1.66199995	0.47840798	0.10147022
1.66299995	0.75559795	0.11721826
1.66399995	0.85174704	0.16409326
1.66499995	0.75252217	0.23557456
1.66599995	0.47059548	0.29970473
1.66699995	0.04933563	0.34694883
1.66799995	-0.36832553	0.37023252
1.66899995	-0.72244096	0.36601871
1.66999995	-0.87450784	0.32821727
1.67099995	-0.80305731	0.26279527
1.67199995	-0.53964692	0.19540477
1.67299995	-0.12078617	0.13542692
1.67399995	0.29303026	0.10645300
1.67499995	0.64044046	0.11312746
1.67599995	0.82606423	0.14520793
1.67699995	0.82062006	0.19789617
1.67799995	0.62650716	0.26202634
1.67899995	0.27488312	0.32806349
1.67999995	-0.14523868	0.36601871
1.68099995	-0.57261932	0.37023252
1.68199995	-0.82449555	0.34694883
1.68299995	-0.86623400	0.29970473
1.68399995	-0.69306719	0.23557456
1.68499995	-0.32806349	0.16409326
1.68599995	0.08606053	0.11721826
1.68699995	0.48852730	0.10147022
1.68799995	0.75858146	0.11921752
1.68899995	0.85420769	0.16827632
1.68999995	0.75329107	0.22948450
1.69099995	0.47311762	0.29367617
1.69199995	0.07055856	0.34331939
1.69299995	-0.39554626	0.37118602
1.69399995	-0.72308683	0.36238927
1.69499995	-0.86592644	0.31819022
1.69599995	-0.79490650	0.25975025
1.69699995	-0.51823944	0.19552781
1.69799995	-0.13634965	0.14311638
1.69899995	0.29459891	0.11042077
1.69999995	0.63505781	0.11026698
1.70099995	0.83356917	0.14234744
1.70199995	0.83110851	0.19786540
1.70299995	0.62896776	0.26873153
1.70399995	0.27648252	0.32717150
1.70499995	-0.17384350	0.36472687
1.70599995	-0.55650222	0.37041709
1.70699995	-0.81680608	0.34316561
1.70799995	-0.86042076	0.29367617
1.70899995	-0.68064100	0.22948450
1.70999995	-0.34756398	0.16812254
1.71099995	0.09125862	0.11844857
1.71199995	0.47840798	0.10380782
1.71299995	0.75559795	0.12619956
1.71399995	0.85174704	0.17307456
1.71499995	0.75252217	0.23788139
1.71599995	0.47059548	0.29893577
1.71699995	0.04933563	0.34679502
1.71799995	-0.36832553	0.37023252
1.71899995	-0.72244096	0.36601871
1.71999995	-0.87435406	0.32821727
1.72099995	-0.80231917	0.26279527
1.72199995	-0.54195374	0.19555856
1.72299995	-0.12973671	0.13619587
1.72399995	0.28404897	0.10414616
1.72499995	0.63810283	0.10414616
1.72599995	0.82698697	0.13634965
1.72699995	0.82154280	0.19632751
1.72799995	0.62420028	0.26048842
1.72899995	0.26590183	0.31923598
1.72999995	-0.15437376	0.35716042
1.73099995	-0.57569510	0.36869463
1.73199995	-0.82126600	0.34541091
1.73299995	-0.85636073	0.29087722
1.73399995	-0.68626970	0.22659326
1.73499995	-0.33396900	0.16175567
1.73599995	0.07397269	0.11798720
1.73699995	0.47708538	0.10162401
1.73799995	0.75036907	0.11906373
1.73899995	0.85205460	0.16750738
1.73999995	0.75390625	0.23179133
1.74099995	0.47250247	0.30265749
1.74199995	0.07289616	0.35214689
1.74299995	-0.38659573	0.37275466
1.74399995	-0.71410555	0.36395791
1.74499995	-0.86361957	0.32701772
1.74599995	-0.79567546	0.26873153
1.74699995	-0.51839322	0.19786540
1.74799995	-0.13634965	0.14234744
1.74899995	0.29459891	0.11026698
1.74999995	0.63505781	0.11042077
1.75099995	0.83356917	0.14311638
1.75199995	0.83126229	0.19552781
1.75299995	0.62973672	0.25975025
1.75399995	0.27417567	0.31819022
1.75499995	-0.18282481	0.36238927
1.75599995	-0.56551427	0.37118602
1.75699995	-0.81911296	0.34331939
1.75799995	-0.85965180	0.29367617
1.75899995	-0.68048722	0.22948450
1.75999995	-0.34771776	0.16827632
1.76099995	0.09052042	0.11921752
1.76199995	0.48089936	0.10147022
1.76299995	0.76537895	0.11721826
1.76399995	0.85842150	0.16409326
1.76499995	0.74581695	0.23557456
1.76599995	0.46081448	0.29970473
1.76699995	0.04684424	0.34694883
1.76799995	-0.36755660	0.37023252
1.76899995	-0.72228718	0.36601871
1.76999995	-0.87450784	0.32821727
1.77099995	-0.80305731	0.26279527
1.77199995	-0.53964692	0.19540477
1.77299995	-0.12078617	0.13542692
1.77399995	0.29303026	0.10645300
1.77499995	0.64044046	0.11312746
1.77599995	0.82606423	0.14520793
1.77699995	0.82062006	0.19789617
1.77799995	0.62650716	0.26202634
1.77899995	0.27488312	0.32806349
1.77999995	-0.14523868	0.36601871
1.78099995	-0.57261932	0.37023252
1.78199995	-0.82449555	0.34694883
1.78299995	-0.86623400	0.29970473
1.78399995	-0.69291341	0.23557456
1.78499995	-0.32729453	0.16409326
1.78599995	0.08387672	0.11721826
1.78699995	0.48031497	0.10147022
1.78799995	0.74729329	0.11906373
1.78899995	0.84291953	0.16750738
1.78999995	0.74510950	0.23179133
1.79099995	0.47096455	0.30265749
1.79199995	0.07132751	0.35230067
1.79299995	-0.39539248	0.37349287
1.79399995	-0.72308683	0.36165109
1.79499995	-0.86592644	0.31803641
1.79599995	-0.79490650	0.25975025
1.79699995	-0.51823944	0.19552781
1.79799995	-0.13619587	0.14311638
1.79899995	0.29536787	0.11042077
1.79999995	0.63272023	0.11026698
1.80099995	0.82458782	0.14234744
1.80199995	0.82228100	0.19786540
1.80299995	0.62739909	0.26873153
1.80399995	0.27494463	0.32701772
1.80499995	-0.18267101	0.36395791
1.80599995	-0.56551427	0.37275466
1.80699995	-0.81911296	0.35214689
1.80799995	-0.85965180	0.30265749
1.80899995	-0.68048722	0.23179133
1.80999995	-0.34756398	0.16750738
1.81099995	0.09125862	0.11906373
1.81199995	0.47840798	0.10147022
1.81299995	0.75559795	0.11721826
1.81399995	0.85174704	0.16409326
1.81499995	0.75252217	0.23557456
1.81599995	0.47059548	0.29970473
1.81699995	0.04933563	0.34694883
1.81799995	-0.36847934	0.37007874
1.81899995	-0.72320992	0.36524975
1.81999995	-0.87220103	0.33040109
1.82099995	-0.79410678	0.27103838
1.82199995	-0.53066558	0.20687746
1.82299995	-0.11844857	0.14751476
1.82399995	0.29226133	0.11235851
1.82499995	0.64028668	0.10629921
1.82599995	0.82621801	0.13542692
1.82699995	0.82138902	0.19540477
1.82799995	0.62420028	0.26279527
1.82899995	0.26590183	0.32821727
1.82999995	-0.15437376	0.36617249
1.83099995	-0.57569510	0.37100148
1.83199995	-0.82126600	0.34464198
1.83299995	-0.85636073	0.29072341
1.83399995	-0.68642348	0.22659326
1.83499995	-0.33473796	0.16175567
1.83599995	0.07627953	0.11798720
1.83699995	0.48603591	0.10162401
1.83799995	0.75950420	0.11921752
1.83899995	0.85513043	0.16827632
1.83999995	0.75083047	0.22948450
1.84099995	0.46336737	0.29367617
1.84199995	0.06388410	0.34331939
1.84299995	-0.38890254	0.37118602
1.84399995	-0.71336734	0.36238927
1.84499995	-0.86346579	0.31819022
1.84599995	-0.79567546	0.25975025
1.84699995	-0.51839322	0.19552781
1.84799995	-0.13634965	0.14311638
1.84899995	0.29459891	0.11042077
1.84999995	0.63490403	0.11026698
1.85099995	0.83283097	0.14234744
1.85199995	0.83359993	0.19786540
1.85299995	0.63871801	0.26873153
1.85399995	0.28315699	0.32701772
1.85499995	-0.18051796	0.36395791
1.85599995	-0.56628323	0.37275466
1.85699995	-0.81926674	0.35214689
1.85799995	-0.85965180	0.30265749
1.85899995	-0.68048722	0.23179133
1.85999995	-0.34756398	0.16750738
1.86099995	0.09125862	0.11906373
1.86199995	0.47856176	0.10147022
1.86299995	0.75636685	0.11721826
1.86399995	0.84940946	0.16409326
1.86499995	0.74351007	0.23557456
1.86599995	0.46142963	0.29970473
1.86699995	0.04622908	0.34694883
1.86799995	-0.36524975	0.37023252
1.86899995	-0.71333659	0.36601871
1.86999995	-0.86552656	0.32806349
1.87099995	-0.80075049	0.26202634
1.87199995	-0.54041582	0.19774237
1.87299995	-0.12093996	0.14443898
1.87399995	0.29303026	0.11543430
1.87499995	0.64044046	0.11543430
1.87599995	0.82606423	0.14443898
1.87699995	0.82062006	0.19774237
1.87799995	0.62650716	0.26202634
1.87899995	0.27488312	0.32806349
1.87999995	-0.14539246	0.36617249
1.88099995	-0.57338828	0.37100148
1.88199995	-0.82218874	0.34464198
1.88299995	-0.85728347	0.29072341
1.88399995	-0.68393207	0.22659326
1.88499995	-0.32498771	0.16175567
1.88599995	0.08313853	0.11798720
1.88699995	0.48016116	0.10162401
1.88799995	0.74729329	0.11921752
1.88899995	0.84291953	0.16827632
1.88999995	0.74510950	0.22933070
1.89099995	0.47096455	0.29290724
1.89199995	0.07132751	0.34562624
1.89299995	-0.39539248	0.38019809
1.89399995	-0.72308683	0.37140134
1.89499995	-0.86592644	0.32049704
1.89599995	-0.79490650	0.25898129
1.89699995	-0.51823944	0.19537401
1.89799995	-0.13619587	0.14311638
1.89899995	0.29536787	0.11042077
1.89999995	0.63272023	0.11026698
1.90099995	0.82458782	0.14234744
1.90199995	0.82212722	0.19786540
1.90299995	0.62663019	0.26873153
1.90399995	0.27740526	0.32717150
1.90499995	-0.17292076	0.36472687
1.90599995	-0.55883980	0.37041709
1.90699995	-0.82578743	0.34316561
1.90799995	-0.86940205	0.29367617
1.90899995	-0.68294781	0.22948450
1.90999995	-0.34679502	0.16827632
1.91099995	0.09144316	0.11921752
1.91199995	0.47840798	0.10162401
1.91299995	0.75559795	0.11798720
1.91399995	0.85174704	0.16175567
1.91499995	0.75252217	0.22659326
1.91599995	0.47044167	0.29072341
1.91699995	0.04856668	0.34464198
1.91799995	-0.36617249	0.37100148
1.91899995	-0.71422857	0.36617249
1.91999995	-0.86306596	0.32821727
1.92099995	-0.79103100	0.26279527
1.92199995	-0.53374141	0.19555856
1.92299995	-0.12758367	0.13619587
1.92399995	0.28312624	0.10396162
1.92499995	0.63718009	0.10337722
1.92599995	0.82914001	0.13853346
1.92699995	0.82975519	0.20457062
1.92799995	0.63548845	0.27180734
1.92899995	0.27718997	0.33055487
1.92999995	-0.14616142	0.36524975
1.93099995	-0.57354206	0.37007874
1.93199995	-0.82218874	0.34694883
1.93299995	-0.85728347	0.29970473
1.93399995	-0.68411660	0.23557456
1.93499995	-0.32572588	0.16409326
1.93599995	0.08529159	0.11721826
1.93699995	0.48837352	0.10147022
1.93799995	0.75873524	0.11906373
1.93899995	0.85497659	0.16750738
1.93999995	0.75098425	0.23179133
1.94099995	0.46410555	0.30265749
1.94199995	0.06157726	0.35214689
1.94299995	-0.39788386	0.37275466
1.94399995	-0.72216409	0.36395791
1.94499995	-0.86500371	0.32701772
1.94599995	-0.79721332	0.26873153
1.94699995	-0.52725148	0.19786540
1.94799995	-0.14517717	0.14234744
1.94899995	0.29303026	0.11026698
1.94999995	0.63348919	0.11026698
1.95099995	0.82474160	0.14234744
1.95199995	0.82228100	0.19786540
1.95299994	0.62739909	0.26873153
1.95399994	0.27494463	0.32717150
1.95499994	-0.18267101	0.36472687
1.95599994	-0.56551427	0.37041709
1.95699994	-0.81911296	0.34316561
1.95799994	-0.85965180	0.29367617
1.95899994	-0.68048722	0.22948450
1.95999994	-0.34756398	0.16827632
1.96099994	0.09125862	0.11921752
1.96199994	0.47840798	0.10147022
1.96299994	0.75559795	0.11721826
1.96399994	0.85174704	0.16409326
1.96499994	0.75252217	0.23557456
1.96599994	0.47044167	0.29985851
1.96699994	0.04856668	0.34771776
1.96799994	-0.36617249	0.36792567
1.96899994	-0.71422857	0.35700664
1.96999994	-0.86321974	0.31923598
1.97099994	-0.79179996	0.26048842
1.97199994	-0.53143454	0.19632751
1.97299994	-0.11860237	0.13634965
1.97399994	0.29226133	0.10396162
1.97499994	0.64028668	0.10337722
1.97599994	0.82606423	0.13853346
1.97699994	0.82062006	0.20457062
1.97799994	0.62650716	0.27180734
1.97899994	0.27488312	0.33055487
1.97999994	-0.14539246	0.36540353
1.98099994	-0.57338828	0.37084767
1.98199994	-0.82218874	0.34464198
1.98299994	-0.85728347	0.29072341
1.98399994	-0.68411660	0.22659326
1.98499994	-0.32572588	0.16175567
1.98599994	0.08544537	0.11798720
1.98699994	0.48914248	0.10162401
1.98799994	0.75627458	0.11906373
1.98899994	0.84522635	0.16750738
1.98999994	0.74418676	0.23179133
1.99099994	0.47004184	0.30265749
1.99199994	0.07363435	0.35230067
1.99299994	-0.38644192	0.37349287
1.99399994	-0.71410555	0.36165109
1.99499994	-0.86361957	0.31803641
1.99599994	-0.79567546	0.25975025
1.99699994	-0.51839322	0.19552781
1.99799994	-0.13634965	0.14311638
1.99899994	0.29459891	0.11042077
1.99999994	0.63505781	0.11026698
2.00099994	0.83356917	0.14234744
2.00199994	0.83126229	0.19786540
2.00299994	0.62973672	0.26873153
