Time	Channel A	Channel B
(us)	(V)	(V)

-0.00400000	-0.64167076	0.11829478
-0.00300000	-0.84562624	0.16735359
-0.00200000	-0.83329231	0.23179133
-0.00100000	-0.60509968	0.30265749
0.00000000	-0.24615526	0.35214689
0.00100000	0.19146776	0.37275466
0.00200000	0.55813235	0.36380413
0.00300000	0.79838210	0.32624876
0.00400000	0.84814835	0.27106914
0.00500000	0.70051056	0.20684670
0.00600000	0.38330463	0.15135950
0.00700000	-0.05554872	0.11257382
0.00800000	-0.45872292	0.10965182
0.00900000	-0.76863927	0.14296260
0.01000000	-0.86767960	0.19552781
0.01100000	-0.74117249	0.25975025
0.01200000	-0.44598916	0.31803641
0.01300000	-0.02411417	0.36165109
0.01400000	0.37782973	0.37349287
0.01500000	0.69983393	0.35230067
0.01600000	0.84525710	0.30265749
0.01700000	0.79198450	0.23179133
0.01800000	0.55382627	0.16750738
0.01900000	0.16769193	0.11906373
0.02000000	-0.25258365	0.10162401
0.02100000	-0.64606917	0.11798720
0.02200000	-0.85079354	0.16175567
0.02300000	-0.83805978	0.22659326
0.02400000	-0.62423104	0.29072341
0.02500000	-0.23865034	0.34464198
0.02600000	0.17513533	0.37084767
0.02700000	0.55582553	0.36540353
0.02800000	0.79121554	0.33040109
0.02900000	0.84510332	0.27103838
0.03000000	0.70044905	0.20687746
0.03100000	0.38087475	0.14751476
0.03200000	-0.03352608	0.11235851
0.03300000	-0.48271409	0.10629921
0.03400000	-0.77509844	0.13542692
0.03500000	-0.86952507	0.19540477
0.03600000	-0.75196850	0.26264149
0.03700000	-0.43777683	0.32747909
0.03800000	-0.03832431	0.36832553
0.03900000	0.38779527	0.37921384
0.04000000	0.69897270	0.35577634
0.04100000	0.84784079	0.30124262
0.04200000	0.79902804	0.23711245
0.04300000	0.56117743	0.17292076
0.04400000	0.18220964	0.12619956
0.04500000	-0.28208047	0.10380782
0.04600000	-0.64167076	0.11844857
0.04700000	-0.84562624	0.16812254
0.04800000	-0.83329231	0.22948450
0.04900000	-0.60509968	0.29367617
0.05000000	-0.24615526	0.34316561
0.05100000	0.19146776	0.37041709
0.05200000	0.55813235	0.36472687
0.05300000	0.79838210	0.32717150
0.05400000	0.84814835	0.26873153
0.05500000	0.70051056	0.19786540
0.05600000	0.38345841	0.14234744
0.05700000	-0.05477977	0.11026698
0.05800000	-0.46087599	0.11042077
0.05900000	-0.77685159	0.14311638
0.06000000	-0.87915230	0.19552781
0.06100000	-0.75322956	0.25975025
0.06200000	-0.45189467	0.31803641
0.06300000	-0.01728592	0.36165109
0.06400000	0.38757998	0.37349287
0.06500000	0.70229453	0.35230067
0.06600000	0.84448820	0.30265749
0.06700000	0.79183072	0.23179133
0.06800000	0.55398005	0.16750738
0.06900000	0.16846088	0.11906373
0.07000000	-0.25489050	0.10162401
0.07100000	-0.65505046	0.11798720
0.07200000	-0.85995942	0.16175567
0.07300000	-0.84116632	0.22659326
0.07400000	-0.62115526	0.29072341
0.07500000	-0.22951525	0.34464198
0.07600000	0.18427043	0.37100148
0.07700000	0.55890131	0.36617249
0.07800000	0.78813976	0.32821727
0.07900000	0.83596826	0.26279527
0.08000000	0.69146776	0.19555856
0.08100000	0.37856790	0.13619587
0.08200000	-0.03275714	0.10414616
0.08300000	-0.48256028	0.10414616
0.08400000	-0.77525222	0.13619587
0.08500000	-0.87026328	0.19555856
0.08600000	-0.74963093	0.26279527
0.08700000	-0.42882627	0.32821727
0.08800000	-0.02918922	0.36601871
0.08900000	0.39087105	0.37023252
0.09000000	0.69589692	0.34679502
0.09100000	0.83870572	0.29893577
0.09200000	0.79004675	0.23788139
0.09300000	0.55887055	0.17307456
0.09400000	0.18297859	0.12638411
0.09500000	-0.28192666	0.10457677
0.09600000	-0.64167076	0.11611097
0.09700000	-0.84562624	0.15911049
0.09800000	-0.83329231	0.22047244
0.09900000	-0.60509968	0.29136935
0.10000000	-0.24600148	0.34393454
0.10100000	0.19223671	0.37057087
0.10200000	0.55579478	0.36472687
0.10300000	0.78943157	0.32717150
0.10400000	0.83919781	0.26873153
0.10500000	0.69817299	0.19786540
0.10600000	0.38422737	0.14234744
0.10700000	-0.05462598	0.11026698
0.10800000	-0.46087599	0.11042077
0.10900000	-0.77685159	0.14311638
0.11000000	-0.87899852	0.19552781
0.11100000	-0.75246060	0.25975025
0.11200000	-0.45420152	0.31819022
0.11300000	-0.02626722	0.36238927
0.11400000	0.37856790	0.37118602
0.11500000	0.69998771	0.34331939
0.11600000	0.84525710	0.29367617
0.11700000	0.79198450	0.22948450
0.11800000	0.55382627	0.16827632
0.11900000	0.16769193	0.11921752
0.12000000	-0.25258365	0.10162401
0.12100000	-0.64606917	0.11798720
0.12200000	-0.85094732	0.16175567
0.12300000	-0.83882874	0.22659326
0.12400000	-0.62207800	0.29072341
0.12500000	-0.23043799	0.34464198
0.12600000	0.18642348	0.37100148
0.12700000	0.56714445	0.36617249
0.12800000	0.79961246	0.32806349
0.12900000	0.84802532	0.26202634
0.13000000	0.69737327	0.19789617
0.13100000	0.37173966	0.14520793
0.13200000	-0.04250738	0.11312746
0.13300000	-0.48502091	0.10645300
0.13400000	-0.77448326	0.13542692
0.13500000	-0.87010950	0.19540477
0.13600000	-0.74963093	0.26264149
0.13700000	-0.42882627	0.32747909
0.13800000	-0.02934301	0.36832553
0.13900000	0.39010212	0.37921384
0.14000000	0.69820374	0.35577634
0.14100000	0.84768701	0.30124262
0.14200000	0.79902804	0.23711245
0.14300000	0.56117743	0.17292076
0.14400000	0.18220964	0.12619956
0.14500000	-0.28208047	0.10380782
0.14600000	-0.64151698	0.11844857
0.14700000	-0.84485728	0.16812254
0.14800000	-0.83559918	0.22948450
0.14900000	-0.61408097	0.29367617
0.15000000	-0.25513655	0.34316561
0.15100000	0.18916093	0.37041709
0.15200000	0.55887055	0.36472687
0.15300000	0.79853594	0.32717150
0.15400000	0.84814835	0.26888534
0.15500000	0.70051056	0.19863436
0.15600000	0.38330463	0.14004061
0.15700000	-0.05554872	0.10125492
0.15800000	-0.45856914	0.10140871
0.15900000	-0.76787031	0.14080955
0.16000000	-0.87014025	0.19629675
0.16100000	-0.75089198	0.25990403
0.16200000	-0.45266363	0.31803641
0.16300000	-0.01743971	0.36165109
0.16400000	0.38757998	0.37349287
0.16500000	0.70229453	0.35230067
0.16600000	0.84448820	0.30265749
0.16700000	0.79183072	0.23179133
0.16800000	0.55382627	0.16750738
0.16900000	0.16769193	0.11906373
0.17000000	-0.25258365	0.10162401
0.17100000	-0.64606917	0.11798720
0.17200000	-0.85094732	0.16175567
0.17300000	-0.83882874	0.22659326
0.17400000	-0.62192422	0.29072341
0.17500000	-0.22966905	0.34464198
0.17600000	0.18427043	0.37100148
0.17700000	0.55890131	0.36617249
0.17800000	0.78813976	0.32821727
0.17900000	0.83596826	0.26279527
0.18000000	0.69146776	0.19540477
0.18100000	0.37856790	0.13542692
0.18200000	-0.03275714	0.10660679
0.18300000	-0.48256028	0.11389641
0.18400000	-0.77525222	0.14287032
0.18499999	-0.87026328	0.18888411
0.18599999	-0.74963093	0.25289124
0.18699999	-0.42882627	0.32498771
0.18799999	-0.02918922	0.36909449
0.18899999	0.39087105	0.37936762
0.18999999	0.69589692	0.35577634
0.19099999	0.83870572	0.30124262
0.19199999	0.79004675	0.23711245
0.19299999	0.55887055	0.17292076
0.19399999	0.18297859	0.12619956
0.19499999	-0.28192666	0.10380782
0.19599999	-0.64167076	0.11829478
0.19699999	-0.84562624	0.16735359
0.19799999	-0.83329231	0.23179133
0.19899999	-0.60509968	0.30265749
0.19999999	-0.24615526	0.35214689
0.20099999	0.19146776	0.37275466
0.20199999	0.55813235	0.36395791
0.20299999	0.79838210	0.32701772
0.20399999	0.84830219	0.26873153
0.20499999	0.70124876	0.19786540
0.20599999	0.38099778	0.14234744
0.20699999	-0.06453002	0.11026698
0.20799999	-0.46767348	0.11026698
0.20899999	-0.77094609	0.14234744
0.20999999	-0.86691070	0.19786540
0.21099999	-0.74101871	0.26873153
0.21199999	-0.44598916	0.32717150
0.21299999	-0.02411417	0.36472687
0.21399999	0.37782973	0.37041709
0.21499999	0.69983393	0.34316561
0.21599999	0.84525710	0.29367617
0.21699999	0.79198450	0.22948450
0.21799999	0.55382627	0.16827632
0.21899999	0.16769193	0.11921752
0.21999999	-0.25258365	0.10162401
0.22099999	-0.64606917	0.11798720
0.22199999	-0.85094732	0.16175567
0.22299999	-0.83882874	0.22659326
0.22399999	-0.62207800	0.29072341
0.22499999	-0.23043799	0.34464198
0.22599999	0.18642348	0.37100148
0.22699999	0.56714445	0.36617249
0.22799999	0.79961246	0.32806349
0.22899999	0.84802532	0.26202634
0.22999999	0.69737327	0.19789617
0.23099999	0.37173966	0.14520793
0.23199999	-0.04250738	0.11312746
0.23299999	-0.48502091	0.10645300
0.23399999	-0.77448326	0.13558070
0.23499999	-0.87010950	0.19617371
0.23599999	-0.74963093	0.26048842
0.23699999	-0.42882627	0.31923598
0.23799999	-0.02934301	0.35700664
0.23899999	0.39010212	0.36792567
0.23999999	0.69820374	0.34756398
0.24099999	0.84768701	0.29908955
0.24199999	0.79902804	0.23788139
0.24299999	0.56117743	0.17307456
0.24399999	0.18220964	0.12638411
0.24499999	-0.28208047	0.10457677
0.24599999	-0.64151698	0.11611097
0.24699999	-0.84485728	0.15911049
0.24799999	-0.83559918	0.22047244
0.24899999	-0.61408097	0.29136935
0.24999999	-0.25513655	0.34393454
0.25099999	0.18916093	0.37057087
0.25199999	0.55902433	0.36472687
0.25299999	0.79930484	0.32717150
0.25399999	0.84599531	0.26873153
0.25499999	0.69229823	0.19786540
0.25599999	0.37201649	0.14234744
0.25699999	-0.06683686	0.11026698
0.25799999	-0.46675074	0.11026698
0.25899999	-0.77002335	0.14234744
0.25999999	-0.86940205	0.19786540
0.26099999	-0.75073820	0.26873153
0.26199999	-0.45266363	0.32701772
0.26299999	-0.01743971	0.36395791
0.26399999	0.38757998	0.37275466
0.26499999	0.70229453	0.35214689
0.26599999	0.84448820	0.30265749
0.26699999	0.79183072	0.23179133
0.26799999	0.55398005	0.16750738
0.26899999	0.16846088	0.11906373
0.26999999	-0.25489050	0.10162401
0.27099999	-0.65505046	0.11798720
0.27199999	-0.85995942	0.16175567
0.27299999	-0.84116632	0.22659326
0.27399999	-0.62130904	0.29072341
0.27499999	-0.23028420	0.34464198
0.27599999	0.18657726	0.37084767
0.27699999	0.56791341	0.36540353
0.27799999	0.79715180	0.33055487
0.27899999	0.83827507	0.27180734
0.27999999	0.69069880	0.20457062
0.28099999	0.37841412	0.13853346
0.28199999	-0.03275714	0.10337722
0.28299999	-0.48256028	0.10396162
0.28399999	-0.77525222	0.13619587
0.28499999	-0.87026328	0.19555856
0.28599999	-0.74963093	0.26264149
0.28699999	-0.42882627	0.32747909
0.28799999	-0.02934301	0.36832553
0.28899999	0.39010212	0.37921384
0.28999999	0.69820374	0.35577634
0.29099999	0.84768701	0.30124262
0.29199999	0.79902804	0.23711245
0.29299999	0.56117743	0.17292076
0.29399999	0.18236344	0.12638411
0.29499999	-0.28131151	0.10457677
0.29599999	-0.64397758	0.11611097
0.29699999	-0.85463828	0.15911049
0.29799999	-0.84230435	0.22047244
0.29899999	-0.60740650	0.29136935
0.29999999	-0.24538632	0.34393454
0.30099999	0.19162156	0.37057087
0.30199999	0.55813235	0.36472687
0.30299999	0.79838210	0.32717150
0.30399999	0.84830219	0.26873153
0.30499999	0.70124876	0.19786540
0.30599999	0.38099778	0.14234744
0.30699999	-0.06453002	0.11026698
0.30799999	-0.46751967	0.11026698
0.30899999	-0.77017719	0.14234744
0.30999999	-0.86940205	0.19786540
0.31099999	-0.75073820	0.26873153
0.31199999	-0.45266363	0.32717150
0.31299999	-0.01743971	0.36472687
0.31399999	0.38757998	0.37041709
0.31499999	0.70229453	0.34316561
0.31599999	0.84448820	0.29367617
0.31699999	0.79183072	0.22948450
0.31799999	0.55382627	0.16827632
0.31899999	0.16769193	0.11921752
0.31999999	-0.25258365	0.10162401
0.32099999	-0.64606917	0.11798720
0.32199999	-0.85094732	0.16175567
0.32299999	-0.83882874	0.22659326
0.32399999	-0.62207800	0.29072341
0.32499999	-0.23043799	0.34464198
0.32599999	0.18642348	0.37084767
0.32699999	0.56714445	0.36540353
0.32799999	0.79961246	0.33055487
0.32899999	0.84802532	0.27180734
0.32999999	0.69737327	0.20457062
0.33099999	0.37173966	0.13853346
0.33199999	-0.04250738	0.10337722
0.33299999	-0.48502091	0.10396162
0.33399999	-0.77432948	0.13619587
0.33499999	-0.86937129	0.19555856
0.33599999	-0.75196850	0.26279527
0.33699999	-0.43777683	0.32821727
0.33799999	-0.03817052	0.36601871
0.33899999	0.38853347	0.37023252
0.33999999	0.69681960	0.34694883
0.34099999	0.83962846	0.29970473
0.34199999	0.78770918	0.23557456
0.34299999	0.54985851	0.16409326
0.34399999	0.17396654	0.11721826
0.34499999	-0.28426427	0.10147022
0.34599999	-0.64074802	0.11921752
0.34699999	-0.84470350	0.16827632
0.34799999	-0.83559918	0.22933070
0.34899999	-0.61408097	0.29290724
0.34999999	-0.25513655	0.34547243
0.35099999	0.18916093	0.37942913
0.35199999	0.55887055	0.37370816
0.35299999	0.79853594	0.32950911
0.35399999	0.84814835	0.26799336
0.35499999	0.70051056	0.19771162
0.35599999	0.38330463	0.14234744
0.35699999	-0.05554872	0.11026698
0.35799999	-0.45856914	0.11042077
0.35899999	-0.76787031	0.14311638
0.35999999	-0.87014025	0.19552781
0.36099999	-0.75089198	0.25975025
0.36199999	-0.45266363	0.31819022
0.36299999	-0.01743971	0.36238927
0.36399999	0.38757998	0.37118602
0.36499999	0.70229453	0.34331939
0.36599999	0.84448820	0.29367617
0.36699999	0.79183072	0.22948450
0.36799999	0.55382627	0.16827632
0.36899999	0.16769193	0.11921752
0.36999999	-0.25258365	0.10162401
0.37099999	-0.64606917	0.11798720
0.37199999	-0.85094732	0.16175567
0.37299999	-0.83882874	0.22659326
0.37399999	-0.62207800	0.29072341
0.37499999	-0.23043799	0.34464198
0.37599999	0.18657726	0.37100148
0.37699999	0.56791341	0.36617249
0.37799999	0.79715180	0.32821727
0.37899999	0.83827507	0.26279527
0.37999999	0.69069880	0.19555856
0.38099999	0.37841412	0.13619587
0.38199999	-0.03275714	0.10414616
0.38299999	-0.48256028	0.10414616
0.38399999	-0.77525222	0.13619587
0.38499999	-0.87026328	0.19555856
0.38599999	-0.74963093	0.26279527
0.38699999	-0.42882627	0.32821727
0.38799999	-0.02918922	0.36617249
0.38899999	0.39087105	0.37100148
0.38999999	0.69589692	0.34448817
0.39099999	0.83870572	0.28995448
0.39199999	0.79004675	0.22890010
0.39299999	0.55887055	0.17076771
0.39399999	0.18297859	0.12696850
0.39499999	-0.28192666	0.10396162
0.39599999	-0.64151698	0.11844857
0.39699999	-0.84485728	0.16812254
0.39799999	-0.83559918	0.22948450
0.39899999	-0.61408097	0.29367617
0.39999999	-0.25498277	0.34316561
0.40099999	0.18992987	0.37041709
0.40199999	0.55656374	0.36472687
0.40299999	0.78958535	0.32717150
0.40399999	0.83935159	0.26873153
0.40499999	0.69894195	0.19786540
0.40599999	0.38188976	0.14250124
0.40699999	-0.06360728	0.11103593
0.40799999	-0.47001109	0.10796013
0.40899999	-0.77992743	0.13336614
0.40999999	-0.87607652	0.18888411
0.41099999	-0.74409449	0.26642472
0.41199999	-0.44291338	0.32778665
0.41299999	-0.01497908	0.36411172
0.41399999	0.38681102	0.37275466
0.41499999	0.70214075	0.35214689
0.41599999	0.84448820	0.30265749
0.41699999	0.79183072	0.23179133
0.41799999	0.55382627	0.16750738
0.41899999	0.16769193	0.11906373
0.41999999	-0.25258365	0.10162401
0.42099999	-0.64606917	0.11798720
0.42199999	-0.85094732	0.16175567
0.42299999	-0.83882874	0.22659326
0.42399999	-0.62207800	0.29072341
0.42499999	-0.23043799	0.34464198
0.42599999	0.18657726	0.37084767
0.42699999	0.56791341	0.36540353
0.42799999	0.79715180	0.33055487
0.42899999	0.83827507	0.27180734
0.42999999	0.69085258	0.20457062
0.43099999	0.37918308	0.13853346
0.43199999	-0.03509473	0.10337722
0.43299999	-0.49154159	0.10396162
0.43399999	-0.78411049	0.13619587
0.43499999	-0.87183195	0.19555856
0.43599999	-0.75104576	0.26279527
0.43699999	-0.43685409	0.32821727
0.43799999	-0.04063115	0.36601871
0.43899999	0.37881398	0.37023252
0.43999999	0.69014519	0.34679502
0.44099999	0.84630293	0.29893577
0.44199999	0.79745942	0.23788139
0.44299999	0.55234993	0.17307456
0.44399999	0.17319758	0.12619956
0.44499999	-0.28441805	0.10380782
0.44599999	-0.64090180	0.11844857
0.44699999	-0.84547246	0.16812254
0.44799999	-0.83329231	0.22948450
0.44899999	-0.60509968	0.29367617
0.44999999	-0.24615526	0.34316561
0.45099999	0.19146776	0.37041709
0.45199999	0.55828619	0.36472687
0.45299999	0.79915106	0.32717150
0.45399999	0.84599531	0.26873153
0.45499999	0.69229823	0.19786540
0.45599999	0.37217027	0.14234744
0.45699999	-0.06606791	0.11026698
0.45799999	-0.46908835	0.11042077
0.45899999	-0.77903545	0.14311638
0.45999999	-0.87838334	0.19552781
0.46099999	-0.75307578	0.25975025
0.46199999	-0.45189467	0.31803641
0.46299999	-0.01728592	0.36165109
0.46399999	0.38757998	0.37349287
0.46499999	0.70229453	0.35230067
0.46599999	0.84448820	0.30265749
0.46699999	0.79183072	0.23179133
0.46799999	0.55382627	0.16750738
0.46899999	0.16769193	0.11906373
0.46999999	-0.25258365	0.10162401
0.47099999	-0.64606917	0.11798720
0.47199999	-0.85094732	0.16160187
0.47299999	-0.83882874	0.22582431
0.47399999	-0.62192422	0.29306102
0.47499999	-0.22966905	0.35362327
0.47599999	0.18411663	0.37998277
0.47699999	0.55813235	0.36847934
0.47799999	0.79044658	0.32747909
0.47899999	0.84494954	0.26264149
0.47999999	0.70044905	0.19555856
0.48099999	0.38087475	0.13619587
0.48199999	-0.03352608	0.10414616
0.48299999	-0.48271409	0.10414616
0.48399999	-0.77525222	0.13634965
0.48499999	-0.87026328	0.19632751
0.48599999	-0.74963093	0.26048842
0.48699999	-0.42882627	0.31923598
0.48799999	-0.02918922	0.35700664
0.48899999	0.39087105	0.36792567
0.48999999	0.69589692	0.34756398
0.49099999	0.83870572	0.29908955
0.49199999	0.79020053	0.23788139
0.49299999	0.55963951	0.17307456
0.49399999	0.18067175	0.12619956
0.49499999	-0.29090798	0.10380782
0.49599999	-0.65062129	0.11829478
0.49699999	-0.84793305	0.16735359
0.49799999	-0.83236957	0.23179133
0.49899999	-0.60417694	0.30265749
0.49999999	-0.24846211	0.35214689
0.50099999	0.18245570	0.37275466
0.50199999	0.54912031	0.36395791
0.50299999	0.79607528	0.32701772
0.50399999	0.84907109	0.26873153
0.50499999	0.70140254	0.19786540
0.50599999	0.38099778	0.14250124
0.50699999	-0.06453002	0.11103593
0.50799999	-0.46751967	0.10796013
0.50899999	-0.77017719	0.13336614
0.50999999	-0.86940205	0.18888411
0.51099999	-0.75073820	0.26642472
0.51199999	-0.45266363	0.32778665
0.51299999	-0.01743971	0.36411172
0.51399999	0.38757998	0.37275466
0.51499999	0.70229453	0.35214689
0.51599999	0.84448820	0.30265749
0.51699999	0.79183072	0.23179133
0.51799999	0.55398005	0.16750738
0.51899999	0.16846088	0.11906373
0.51999999	-0.25489050	0.10162401
0.52099999	-0.65505046	0.11798720
0.52199999	-0.85995942	0.16175567
0.52299999	-0.84116632	0.22659326
0.52399999	-0.62115526	0.29072341
0.52499999	-0.22951525	0.34464198
0.52599999	0.18427043	0.37084767
0.52699999	0.55890131	0.36540353
0.52799999	0.78813976	0.33040109
0.52899999	0.83596826	0.27103838
0.52999999	0.69146776	0.20687746
0.53099999	0.37856790	0.14751476
0.53199999	-0.03275714	0.11235851
0.53299999	-0.48256028	0.10629921
0.53399999	-0.77509844	0.13558070
0.53499999	-0.86952507	0.19617371
0.53599999	-0.75196850	0.26033464
0.53699999	-0.43777683	0.31846702
0.53799999	-0.03832431	0.35931349
0.53899998	0.38779527	0.37690699
0.53999998	0.69897270	0.35654527
0.54099998	0.84784079	0.30139640
0.54199998	0.79902804	0.23711245
0.54299998	0.56117743	0.17292076
0.54399998	0.18220964	0.12638411
0.54499998	-0.28208047	0.10457677
0.54599998	-0.64167076	0.11611097
0.54699998	-0.84562624	0.15911049
0.54799998	-0.83329231	0.22047244
0.54899998	-0.60509968	0.29136935
0.54999998	-0.24615526	0.34393454
0.55099998	0.19146776	0.37057087
0.55199998	0.55828619	0.36457309
0.55299998	0.79915106	0.32640254
0.55399998	0.84584153	0.27106914
0.55499998	0.69152927	0.20684670
0.55599998	0.37432334	0.15135950
0.55699998	-0.05785556	0.11257382
0.55799998	-0.45780021	0.10949803
0.55899998	-0.76771653	0.14219365
0.55999998	-0.87014025	0.19786540
0.56099998	-0.75089198	0.26873153
0.56199998	-0.45266363	0.32701772
0.56299998	-0.01743971	0.36395791
0.56399998	0.38757998	0.37275466
0.56499998	0.70229453	0.35214689
0.56599998	0.84448820	0.30265749
0.56699998	0.79183072	0.23179133
0.56799998	0.55382627	0.16750738
0.56899998	0.16769193	0.11906373
0.56999998	-0.25258365	0.10162401
0.57099998	-0.64606917	0.11798720
0.57199998	-0.85094732	0.16175567
0.57299998	-0.83882874	0.22659326
0.57399998	-0.62192422	0.29072341
0.57499998	-0.22966905	0.34464198
0.57599998	0.18427043	0.37084767
0.57699998	0.55890131	0.36540353
0.57799998	0.78813976	0.33040109
0.57899998	0.83596826	0.27103838
0.57999998	0.69146776	0.20687746
0.58099998	0.37856790	0.14751476
0.58199998	-0.03275714	0.11235851
0.58299998	-0.48256028	0.10629921
0.58399998	-0.77525222	0.13542692
0.58499998	-0.87026328	0.19540477
0.58599998	-0.74963093	0.26279527
0.58699998	-0.42882627	0.32821727
0.58799998	-0.02918922	0.36601871
0.58899998	0.39087105	0.37023252
0.58999998	0.69589692	0.34679502
0.59099998	0.83870572	0.29893577
0.59199998	0.79004675	0.23788139
0.59299998	0.55887055	0.17307456
0.59399998	0.18297859	0.12638411
0.59499998	-0.28192666	0.10457677
0.59599998	-0.64167076	0.11595719
0.59699998	-0.84562624	0.15837230
0.59799998	-0.83329231	0.22281004
0.59899998	-0.60509968	0.30035064
0.59999998	-0.24615526	0.35291585
0.60099998	0.19146776	0.37290847
0.60199998	0.55813235	0.36395791
0.60299998	0.79838210	0.32701772
0.60399998	0.84830219	0.26873153
0.60499998	0.70124876	0.19786540
0.60599998	0.38099778	0.14234744
0.60699998	-0.06453002	0.11026698
0.60799998	-0.46751967	0.11026698
0.60899998	-0.77017719	0.14234744
0.60999998	-0.86940205	0.19786540
0.61099998	-0.75073820	0.26873153
0.61199998	-0.45266363	0.32701772
0.61299998	-0.01743971	0.36395791
0.61399998	0.38757998	0.37275466
0.61499998	0.70229453	0.35214689
0.61599998	0.84448820	0.30265749
0.61699998	0.79183072	0.23179133
0.61799998	0.55382627	0.16750738
0.61899998	0.16769193	0.11906373
0.61999998	-0.25258365	0.10147022
0.62099998	-0.64606917	0.11721826
0.62199998	-0.85094732	0.16409326
0.62299998	-0.83882874	0.23557456
0.62399998	-0.62192422	0.29970473
0.62499998	-0.22966905	0.34694883
0.62599998	0.18411663	0.37007874
0.62699998	0.55813235	0.36524975
0.62799998	0.79044658	0.33055487
0.62899998	0.84494954	0.27180734
0.62999998	0.70044905	0.20457062
0.63099998	0.38087475	0.13853346
0.63199998	-0.03352608	0.10337722
0.63299998	-0.48271409	0.10396162
0.63399998	-0.77525222	0.13619587
0.63499998	-0.87026328	0.19555856
0.63599998	-0.74963093	0.26279527
0.63699998	-0.42882627	0.32821727
0.63799998	-0.02918922	0.36601871
0.63899998	0.39087105	0.37023252
0.63999998	0.69605070	0.34679502
0.64099998	0.83947468	0.29893577
0.64199998	0.78770918	0.23788139
0.64299998	0.54985851	0.17307456
0.64399998	0.17396654	0.12619956
0.64499998	-0.28426427	0.10380782
0.64599998	-0.64090180	0.11844857
0.64699998	-0.84547246	0.16812254
0.64799998	-0.83329231	0.22948450
0.64899998	-0.60509968	0.29367617
0.64999998	-0.24615526	0.34316561
0.65099998	0.19146776	0.37041709
0.65199998	0.55813235	0.36472687
0.65299998	0.79838210	0.32717150
0.65399998	0.84814835	0.26873153
0.65499998	0.70051056	0.19786540
0.65599998	0.38345841	0.14250124
0.65699998	-0.05477977	0.11103593
0.65799998	-0.46087599	0.10811393
0.65899998	-0.77685159	0.13413508
0.65999998	-0.87915230	0.18654650
0.66099998	-0.75322956	0.25744340
0.66199998	-0.45189467	0.31880537
0.66299998	-0.01728592	0.36180487
0.66399998	0.38757998	0.37349287
0.66499998	0.70229453	0.35230067
0.66599998	0.84448820	0.30265749
0.66699998	0.79183072	0.23179133
0.66799998	0.55382627	0.16750738
0.66899998	0.16769193	0.11906373
0.66999998	-0.25258365	0.10162401
0.67099998	-0.64606917	0.11798720
0.67199998	-0.85094732	0.16175567
0.67299998	-0.83882874	0.22659326
0.67399998	-0.62192422	0.29072341
0.67499998	-0.22966905	0.34464198
0.67599998	0.18427043	0.37100148
0.67699998	0.55890131	0.36617249
0.67799998	0.78813976	0.32806349
0.67899998	0.83596826	0.26202634
0.67999998	0.69146776	0.19789617
0.68099998	0.37856790	0.14520793
0.68199998	-0.03275714	0.11312746
0.68299998	-0.48256028	0.10645300
0.68399998	-0.77525222	0.13558070
0.68499998	-0.87026328	0.19617371
0.68599998	-0.74963093	0.26033464
0.68699998	-0.42882627	0.31846702
0.68799998	-0.02934301	0.35931349
0.68899998	0.39010212	0.37690699
0.68999998	0.69820374	0.35654527
0.69099998	0.84768701	0.30139640
0.69199998	0.79902804	0.23711245
0.69299998	0.56117743	0.17292076
0.69399998	0.18220964	0.12638411
0.69499998	-0.28208047	0.10457677
0.69599998	-0.64167076	0.11611097
0.69699998	-0.84562624	0.15911049
0.69799998	-0.83329231	0.22047244
0.69899998	-0.60509968	0.29136935
0.69999998	-0.24615526	0.34393454
0.70099998	0.19146776	0.37057087
0.70199998	0.55813235	0.36457309
0.70299998	0.79838210	0.32640254
0.70399998	0.84814835	0.27106914
0.70499998	0.70051056	0.20684670
0.70599998	0.38345841	0.15151329
0.70699998	-0.05477977	0.11334276
0.70799998	-0.46087599	0.10734498
0.70899998	-0.77685159	0.13398130
0.70999998	-0.87915230	0.18654650
0.71099998	-0.75322956	0.25744340
0.71199998	-0.45189467	0.31880537
0.71299998	-0.01728592	0.36180487
0.71399998	0.38757998	0.37349287
0.71499998	0.70229453	0.35230067
0.71599998	0.84448820	0.30265749
0.71699998	0.79183072	0.23179133
0.71799998	0.55398005	0.16750738
0.71899998	0.16846088	0.11906373
0.71999998	-0.25504428	0.10162401
0.72099998	-0.65581942	0.11798720
0.72199998	-0.85765254	0.16175567
0.72299998	-0.83218503	0.22659326
0.72399998	-0.61232775	0.29072341
0.72499998	-0.22797737	0.34464198
0.72599998	0.18583907	0.37084767
0.72699998	0.56775957	0.36540353
0.72799998	0.79730558	0.33055487
0.72899998	0.83904403	0.27180734
0.72999998	0.68851501	0.20457062
0.73099998	0.37020177	0.13853346
0.73199998	-0.04407603	0.10337722
0.73299998	-0.49384841	0.10396162
0.73399998	-0.78334153	0.13634965
0.73499998	-0.87167817	0.19632751
0.73599998	-0.75119954	0.26033464
0.73699998	-0.43762302	0.31846702
0.73799998	-0.03817052	0.35931349
0.73899998	0.38853347	0.37690699
0.73999998	0.69681960	0.35669905
0.74099998	0.83962846	0.30216536
0.74199998	0.78770918	0.23480561
0.74299998	0.54985851	0.16393946
0.74399998	0.17396654	0.11721826
0.74499998	-0.28426427	0.10147022
0.74599998	-0.64074802	0.11921752
0.74699998	-0.84470350	0.16827632
0.74799998	-0.83559918	0.22948450
0.74899998	-0.61408097	0.29367617
0.74999998	-0.25513655	0.34316561
0.75099998	0.18916093	0.37041709
0.75199998	0.55887055	0.36472687
0.75299998	0.79853594	0.32717150
0.75399998	0.84814835	0.26873153
0.75499998	0.70051056	0.19786540
0.75599998	0.38330463	0.14234744
0.75699998	-0.05554872	0.11026698
0.75799998	-0.45856914	0.11026698
0.75899998	-0.76787031	0.14234744
0.75999998	-0.87014025	0.19786540
0.76099998	-0.75089198	0.26873153
0.76199998	-0.45266363	0.32717150
0.76299998	-0.01743971	0.36472687
0.76399998	0.38757998	0.37041709
0.76499998	0.70229453	0.34316561
0.76599998	0.84448820	0.29367617
0.76699998	0.79183072	0.22948450
0.76799998	0.55382627	0.16827632
0.76899998	0.16769193	0.11921752
0.76999998	-0.25258365	0.10162401
0.77099998	-0.64606917	0.11798720
0.77199998	-0.85094732	0.16175567
0.77299998	-0.83882874	0.22659326
0.77399998	-0.62207800	0.29072341
0.77499998	-0.23043799	0.34464198
0.77599998	0.18642348	0.37100148
0.77699998	0.56714445	0.36617249
0.77799998	0.79945868	0.32821727
0.77899998	0.84728718	0.26279527
0.77999998	0.69968009	0.19555856
0.78099998	0.38072097	0.13619587
0.78199998	-0.03352608	0.10414616
0.78299998	-0.48271409	0.10414616
0.78399998	-0.77525222	0.13619587
0.78499998	-0.87026328	0.19555856
0.78599998	-0.74963093	0.26279527
0.78699998	-0.42882627	0.32821727
0.78799998	-0.02918922	0.36601871
0.78899998	0.39087105	0.37023252
0.78999998	0.69589692	0.34694883
0.79099998	0.83870572	0.29970473
0.79199998	0.79004675	0.23557456
0.79299998	0.55887055	0.16409326
0.79399998	0.18313238	0.11721826
0.79499998	-0.28115773	0.10147022
0.79599998	-0.64397758	0.11921752
0.79699998	-0.85463828	0.16827632
0.79799998	-0.84230435	0.22948450
0.79899998	-0.60740650	0.29367617
0.79999998	-0.24538632	0.34316561
0.80099998	0.19162156	0.37041709
0.80199998	0.55813235	0.36472687
0.80299998	0.79838210	0.32717150
0.80399998	0.84814835	0.26873153
0.80499998	0.70051056	0.19786540
0.80599998	0.38330463	0.14234744
0.80699998	-0.05554872	0.11026698
0.80799998	-0.45856914	0.11026698
0.80899998	-0.76787031	0.14234744
0.80999998	-0.87014025	0.19786540
0.81099998	-0.75089198	0.26873153
0.81199998	-0.45266363	0.32701772
0.81299998	-0.01743971	0.36395791
0.81399998	0.38757998	0.37275466
0.81499998	0.70229453	0.35214689
0.81599998	0.84448820	0.30250368
0.81699998	0.79183072	0.23102239
0.81799998	0.55382627	0.16981423
0.81899998	0.16769193	0.12801427
0.81999998	-0.25258365	0.11045153
0.82099998	-0.64606917	0.11952510
0.82199998	-0.85079354	0.16332431
0.82299998	-0.83805978	0.23542076
0.82399998	-0.62438482	0.29970473
0.82499998	-0.23941930	0.34694883
0.82599998	0.17762673	0.37023252
0.82699998	0.56560653	0.36601871
0.82799998	0.79789001	0.32806349
0.82899998	0.83842885	0.26202634
0.82999998	0.69069880	0.19789617
0.83099998	0.37841412	0.14520793
0.83199998	-0.03275714	0.11312746
0.83299998	-0.48256028	0.10645300
0.83399998	-0.77525222	0.13558070
0.83499998	-0.87026328	0.19617371
0.83599998	-0.74963093	0.26033464
0.83699998	-0.42882627	0.31846702
0.83799998	-0.02934301	0.35931349
0.83899998	0.39010212	0.37690699
0.83999998	0.69835752	0.35654527
0.84099998	0.84845597	0.30139640
0.84199998	0.79669046	0.23711245
0.84299998	0.55219609	0.17292076
0.84399998	0.17319758	0.12638411
0.84499998	-0.28441805	0.10457677
0.84599998	-0.64090180	0.11611097
0.84699998	-0.84547246	0.15911049
0.84799998	-0.83329231	0.22047244
0.84899998	-0.60509968	0.29136935
0.84999998	-0.24615526	0.34393454
0.85099998	0.19146776	0.37057087
0.85199998	0.55828619	0.36472687
0.85299998	0.79915106	0.32717150
0.85399998	0.84599531	0.26873153
0.85499998	0.69229823	0.19786540
0.85599998	0.37201649	0.14234744
0.85699998	-0.06683686	0.11026698
0.85799998	-0.46675074	0.11042077
0.85899998	-0.77002335	0.14311638
0.85999998	-0.86940205	0.19552781
0.86099998	-0.75073820	0.25975025
0.86199998	-0.45266363	0.31803641
0.86299998	-0.01743971	0.36165109
0.86399998	0.38757998	0.37349287
0.86499998	0.70229453	0.35230067
0.86599998	0.84448820	0.30250368
0.86699998	0.79183072	0.23102239
0.86799998	0.55382627	0.16981423
0.86899998	0.16769193	0.12801427
0.86999998	-0.25258365	0.11060531
0.87099998	-0.64606917	0.12029404
0.87199998	-0.85094732	0.16101746
0.87299998	-0.83882874	0.22643946
0.87399998	-0.62207800	0.29072341
0.87499998	-0.23043799	0.34464198
0.87599998	0.18657726	0.37084767
0.87699998	0.56791341	0.36540353
0.87799998	0.79715180	0.33040109
0.87899998	0.83827507	0.27103838
0.87999998	0.69069880	0.20687746
0.88099998	0.37841412	0.14751476
0.88199998	-0.03275714	0.11235851
0.88299998	-0.48256028	0.10629921
0.88399998	-0.77525222	0.13558070
0.88499998	-0.87026328	0.19617371
0.88599998	-0.74963093	0.26033464
0.88699998	-0.42882627	0.31846702
0.88799998	-0.02934301	0.35931349
0.88899998	0.39010212	0.37690699
0.88999998	0.69820374	0.35654527
0.89099998	0.84768701	0.30139640
0.89199997	0.79918182	0.23711245
0.89299997	0.56194633	0.17292076
0.89399997	0.17990281	0.12619956
0.89499997	-0.29106176	0.10380782
0.89599997	-0.65062129	0.11844857
0.89699997	-0.84793305	0.16812254
0.89799997	-0.83252335	0.22948450
0.89899997	-0.60494584	0.29367617
0.89999997	-0.24615526	0.34316561
0.90099997	0.19146776	0.37041709
0.90199997	0.55828619	0.36472687
0.90299997	0.79915106	0.32717150
0.90399997	0.84599531	0.26873153
0.90499997	0.69229823	0.19786540
0.90599997	0.37201649	0.14234744
0.90699997	-0.06683686	0.11026698
0.90799997	-0.46675074	0.11026698
0.90899997	-0.77002335	0.14234744
0.90999997	-0.86940205	0.19786540
0.91099997	-0.75073820	0.26873153
0.91199997	-0.45266363	0.32701772
0.91299997	-0.01743971	0.36395791
0.91399997	0.38757998	0.37275466
0.91499997	0.70229453	0.35214689
0.91599997	0.84448820	0.30265749
0.91699997	0.79183072	0.23179133
0.91799997	0.55398005	0.16750738
0.91899997	0.16846088	0.11906373
0.91999997	-0.25504428	0.10162401
0.92099997	-0.65581942	0.11798720
0.92199997	-0.85746801	0.16160187
0.92299997	-0.83141607	0.22582431
0.92399997	-0.61466533	0.29306102
0.92499997	-0.23692790	0.35362327
0.92599997	0.17685777	0.37998277
0.92699997	0.56545275	0.36847934
0.92799997	0.79789001	0.32732528
0.92899997	0.83842885	0.26187253
0.92999997	0.69069880	0.19789617
0.93099997	0.37841412	0.14520793
0.93199997	-0.03275714	0.11312746
0.93299997	-0.48256028	0.10645300
0.93399997	-0.77525222	0.13542692
0.93499997	-0.87026328	0.19540477
0.93599997	-0.74963093	0.26264149
0.93699997	-0.42882627	0.32747909
0.93799997	-0.02934301	0.36832553
0.93899997	0.39010212	0.37921384
0.93999997	0.69820374	0.35593012
0.94099997	0.84768701	0.30201155
0.94199997	0.79902804	0.23480561
0.94299997	0.56117743	0.16393946
0.94399997	0.18220964	0.11721826
0.94499997	-0.28208047	0.10147022
0.94599997	-0.64167076	0.11921752
0.94699997	-0.84562624	0.16827632
0.94799997	-0.83329231	0.22948450
0.94899997	-0.60509968	0.29367617
0.94999997	-0.24615526	0.34316561
0.95099997	0.19146776	0.37041709
0.95199997	0.55828619	0.36472687
0.95299997	0.79915106	0.32717150
0.95399997	0.84584153	0.26873153
0.95499997	0.69152927	0.19786540
0.95599997	0.37432334	0.14234744
0.95699997	-0.05785556	0.11026698
0.95799997	-0.45780021	0.11026698
0.95899997	-0.76771653	0.14234744
0.95999997	-0.87014025	0.19786540
0.96099997	-0.75089198	0.26873153
0.96199997	-0.45266363	0.32701772
0.96299997	-0.01743971	0.36395791
0.96399997	0.38757998	0.37275466
0.96499997	0.70229453	0.35214689
0.96599997	0.84448820	0.30250368
0.96699997	0.79183072	0.23102239
0.96799997	0.55382627	0.16981423
0.96899997	0.16769193	0.12801427
0.96999997	-0.25258365	0.11060531
0.97099997	-0.64606917	0.12029404
0.97199997	-0.85094732	0.16101746
0.97299997	-0.83882874	0.22643946
0.97399997	-0.62207800	0.29072341
0.97499997	-0.23043799	0.34464198
0.97599997	0.18657726	0.37100148
0.97699997	0.56791341	0.36617249
0.97799997	0.79715180	0.32821727
0.97899997	0.83827507	0.26279527
0.97999997	0.69069880	0.19540477
0.98099997	0.37841412	0.13542692
0.98199997	-0.03275714	0.10645300
0.98299997	-0.48256028	0.11312746
0.98399997	-0.77525222	0.14520793
0.98499997	-0.87026328	0.19789617
0.98599997	-0.74963093	0.26202634
0.98699997	-0.42882627	0.32806349
0.98799997	-0.02934301	0.36601871
0.98899997	0.39010212	0.37023252
0.98999997	0.69820374	0.34694883
0.99099997	0.84768701	0.29970473
0.99199997	0.79902804	0.23557456
0.99299997	0.56117743	0.16409326
0.99399997	0.18220964	0.11737204
0.99499997	-0.28208047	0.10223917
0.99599997	-0.64167076	0.11672613
0.99699997	-0.84562624	0.15852608
0.99799997	-0.83329231	0.22281004
0.99899997	-0.60509968	0.30035064
0.99999997	-0.24615526	0.35291585
1.00099997	0.19146776	0.37290847
1.00199997	0.55813235	0.36395791
1.00299997	0.79838210	0.32701772
1.00399997	0.84830219	0.26873153
1.00499997	0.70124876	0.19786540
1.00599997	0.38099778	0.14250124
1.00699997	-0.06453002	0.11103593
1.00799997	-0.46751967	0.10796013
1.00899997	-0.77017719	0.13336614
1.00999997	-0.86940205	0.18888411
1.01099997	-0.75073820	0.26642472
1.01199997	-0.45266363	0.32794046
1.01299997	-0.01743971	0.36488065
1.01399997	0.38757998	0.37041709
1.01499997	0.70229453	0.34316561
1.01599997	0.84448820	0.29367617
1.01699997	0.79183072	0.22948450
1.01799997	0.55382627	0.16827632
1.01899997	0.16769193	0.11921752
1.01999997	-0.25258365	0.10162401
1.02099997	-0.64606917	0.11798720
1.02199997	-0.85094732	0.16175567
1.02299997	-0.83882874	0.22659326
1.02399997	-0.62207800	0.29072341
1.02499997	-0.23043799	0.34464198
1.02599997	0.18642348	0.37084767
1.02699997	0.56714445	0.36540353
1.02799997	0.79945868	0.33055487
1.02899997	0.84728718	0.27180734
1.02999997	0.69968009	0.20457062
1.03099997	0.38072097	0.13853346
1.03199997	-0.03352608	0.10337722
1.03299997	-0.48271409	0.10396162
1.03399997	-0.77509844	0.13634965
1.03499997	-0.86952507	0.19632751
1.03599997	-0.75196850	0.26033464
1.03699997	-0.43777683	0.31846702
1.03799997	-0.03832431	0.35931349
1.03899997	0.38779527	0.37690699
1.03999997	0.69897270	0.35669905
1.04099997	0.84784079	0.30216536
1.04199997	0.79902804	0.23480561
1.04299997	0.56117743	0.16393946
1.04399997	0.18220964	0.11721826
1.04499997	-0.28208047	0.10147022
1.04599997	-0.64151698	0.11921752
1.04699997	-0.84485728	0.16827632
1.04799997	-0.83559918	0.22948450
1.04899997	-0.61408097	0.29367617
1.04999997	-0.25513655	0.34316561
1.05099997	0.18916093	0.37041709
1.05199997	0.55887055	0.36472687
1.05299997	0.79853594	0.32717150
1.05399997	0.84830219	0.26873153
1.05499997	0.70124876	0.19786540
1.05599997	0.38115159	0.14234744
1.05699997	-0.06376107	0.11026698
1.05799997	-0.46985728	0.11042077
1.05899997	-0.77918923	0.14311638
1.05999997	-0.87838334	0.19552781
1.06099997	-0.75307578	0.25975025
1.06199997	-0.45189467	0.31803641
1.06299997	-0.01728592	0.36165109
1.06399997	0.38757998	0.37349287
1.06499997	0.70229453	0.35230067
1.06599997	0.84448820	0.30265749
1.06699997	0.79183072	0.23179133
1.06799997	0.55398005	0.16750738
1.06899997	0.16846088	0.11906373
1.06999997	-0.25489050	0.10162401
1.07099997	-0.65505046	0.11798720
1.07199997	-0.85995942	0.16175567
1.07299997	-0.84116632	0.22659326
1.07399997	-0.62115526	0.29072341
1.07499997	-0.22951525	0.34464198
1.07599997	0.18427043	0.37100148
1.07699997	0.55890131	0.36617249
1.07799997	0.78813976	0.32806349
1.07899997	0.83596826	0.26202634
1.07999997	0.69146776	0.19774237
1.08099997	0.37856790	0.14443898
1.08199997	-0.03275714	0.11561885
1.08299997	-0.48256028	0.11620325
1.08399997	-0.77525222	0.14210138
1.08499997	-0.87026328	0.18873031
1.08599997	-0.74963093	0.25304502
1.08699997	-0.42882627	0.32575664
1.08799997	-0.02934301	0.36678764
1.08899997	0.39010212	0.37038633
1.08999997	0.69820374	0.34679502
1.09099997	0.84768701	0.29893577
1.09199997	0.79918182	0.23788139
1.09299997	0.56194633	0.17307456
1.09399997	0.17990281	0.12619956
1.09499997	-0.29106176	0.10380782
1.09599997	-0.65062129	0.11844857
1.09699997	-0.84793305	0.16812254
1.09799997	-0.83252335	0.22948450
1.09899997	-0.60494584	0.29367617
1.09999997	-0.24615526	0.34316561
1.10099997	0.19146776	0.37041709
1.10199997	0.55813235	0.36472687
1.10299997	0.79838210	0.32717150
1.10399997	0.84830219	0.26873153
1.10499997	0.70124876	0.19786540
1.10599997	0.38099778	0.14250124
1.10699997	-0.06453002	0.11103593
1.10799997	-0.46751967	0.10796013
1.10899997	-0.77017719	0.13336614
1.10999997	-0.86924827	0.18888411
1.11099997	-0.74996924	0.26642472
1.11199997	-0.45497048	0.32778665
1.11299997	-0.02642101	0.36411172
1.11399997	0.37856790	0.37275466
1.11499997	0.69998771	0.35214689
1.11599997	0.84541094	0.30265749
1.11699997	0.79275346	0.23179133
1.11799997	0.55167323	0.16750738
1.11899997	0.15947957	0.11906373
1.11999997	-0.26387179	0.10147022
1.12099997	-0.65735728	0.11721826
1.12199997	-0.85903668	0.16409326
1.12299997	-0.84024358	0.23557456
1.12399997	-0.62346208	0.29985851
1.12499997	-0.23849656	0.34771776
1.12599997	0.17528912	0.36777189
1.12699997	0.55659449	0.35623771
1.12799997	0.78890872	0.32138902
1.12899997	0.83612204	0.26870078
1.12999997	0.69146776	0.20764640
1.13099997	0.37856790	0.14766856
1.13199997	-0.03275714	0.11235851
1.13299997	-0.48256028	0.10629921
1.13399997	-0.77509844	0.13542692
1.13499997	-0.86952507	0.19540477
1.13599997	-0.75196850	0.26264149
1.13699997	-0.43777683	0.32747909
1.13799997	-0.03832431	0.36832553
1.13899997	0.38779527	0.37921384
1.13999997	0.69912648	0.35593012
1.14099997	0.84860975	0.30201155
1.14199997	0.79669046	0.23480561
1.14299997	0.55219609	0.16393946
1.14399997	0.17319758	0.11721826
1.14499997	-0.28441805	0.10147022
1.14599997	-0.64074802	0.11906373
1.14699997	-0.84470350	0.16750738
1.14799997	-0.83559918	0.23179133
1.14899997	-0.61408097	0.30265749
1.14999997	-0.25513655	0.35214689
1.15099997	0.18916093	0.37275466
1.15199997	0.55887055	0.36395791
1.15299997	0.79853594	0.32701772
1.15399997	0.84814835	0.26873153
1.15499997	0.70051056	0.19786540
1.15599997	0.38330463	0.14234744
1.15699997	-0.05554872	0.11026698
1.15799997	-0.45856914	0.11042077
1.15899997	-0.76787031	0.14311638
1.15999997	-0.86998647	0.19552781
1.16099997	-0.75012302	0.25975025
1.16199997	-0.45497048	0.31819022
1.16299997	-0.02642101	0.36238927
1.16399997	0.37856790	0.37118602
1.16499997	0.69998771	0.34331939
1.16599997	0.84525710	0.29367617
1.16699997	0.79198450	0.22948450
1.16799997	0.55382627	0.16827632
1.16899997	0.16769193	0.11921752
1.16999997	-0.25258365	0.10162401
1.17099997	-0.64606917	0.11798720
1.17199997	-0.85094732	0.16175567
1.17299997	-0.83882874	0.22659326
1.17399997	-0.62192422	0.29072341
1.17499997	-0.22966905	0.34464198
1.17599997	0.18427043	0.37100148
1.17699997	0.55890131	0.36617249
1.17799997	0.78813976	0.32806349
1.17899997	0.83596826	0.26202634
1.17999997	0.69146776	0.19789617
1.18099997	0.37856790	0.14520793
1.18199997	-0.03275714	0.11312746
1.18299997	-0.48256028	0.10645300
1.18399997	-0.77509844	0.13542692
1.18499997	-0.86952507	0.19540477
1.18599997	-0.75196850	0.26264149
1.18699997	-0.43777683	0.32747909
1.18799997	-0.03817052	0.36832553
1.18899997	0.38853347	0.37921384
1.18999997	0.69663507	0.35593012
1.19099997	0.83885950	0.30201155
1.19199997	0.79020053	0.23480561
1.19299997	0.55963951	0.16393946
1.19399997	0.18067175	0.11721826
1.19499997	-0.29090798	0.10147022
1.19599997	-0.65062129	0.11921752
1.19699997	-0.84793305	0.16827632
1.19799997	-0.83252335	0.22948450
1.19899997	-0.60494584	0.29367617
1.19999997	-0.24615526	0.34316561
1.20099997	0.19146776	0.37041709
1.20199997	0.55813235	0.36472687
1.20299997	0.79838210	0.32717150
1.20399997	0.84830219	0.26873153
1.20499997	0.70124876	0.19786540
1.20599997	0.38115159	0.14234744
1.20699997	-0.06376107	0.11026698
1.20799997	-0.47001109	0.11026698
1.20899997	-0.77992743	0.14234744
1.20999997	-0.87592274	0.19786540
1.21099997	-0.74332553	0.26873153
1.21199997	-0.44522023	0.32701772
1.21299997	-0.02396038	0.36395791
1.21399997	0.37782973	0.37275466
1.21499997	0.69983393	0.35214689
1.21599997	0.84525710	0.30265749
1.21699997	0.79198450	0.23179133
1.21799997	0.55398005	0.16750738
1.21899997	0.16846088	0.11906373
1.21999997	-0.25489050	0.10147022
1.22099997	-0.65505046	0.11721826
1.22199997	-0.85995942	0.16409326
1.22299997	-0.84116632	0.23557456
1.22399997	-0.62115526	0.29970473
1.22499997	-0.22951525	0.34694883
1.22599997	0.18411663	0.37023252
1.22699997	0.55813235	0.36601871
1.22799997	0.79060042	0.32806349
1.22899997	0.84571850	0.26202634
1.22999997	0.69814223	0.19789617
1.23099997	0.37189347	0.14520793
1.23199997	-0.04250738	0.11312746
1.23299997	-0.48502091	0.10645300
1.23399997	-0.77448326	0.13558070
1.23499997	-0.87010950	0.19617371
1.23599997	-0.74963093	0.26048842
1.23699997	-0.42882627	0.31923598
1.23799997	-0.02934301	0.35700664
1.23899997	0.39010212	0.36792567
1.23999997	0.69835752	0.34771776
1.24099997	0.84845597	0.29985851
1.24199997	0.79669046	0.23557456
1.24299997	0.55219609	0.16409326
1.24399997	0.17319758	0.11721826
1.24499997	-0.28441805	0.10147022
1.24599996	-0.64090180	0.11921752
1.24699996	-0.84547246	0.16827632
1.24799996	-0.83329231	0.22948450
1.24899996	-0.60509968	0.29367617
1.24999996	-0.24615526	0.34316561
1.25099996	0.19146776	0.37041709
1.25199996	0.55813235	0.36472687
1.25299996	0.79838210	0.32717150
1.25399996	0.84830219	0.26873153
1.25499996	0.70124876	0.19786540
1.25599996	0.38099778	0.14234744
1.25699996	-0.06453002	0.11026698
1.25799996	-0.46751967	0.11026698
1.25899996	-0.77017719	0.14234744
1.25999996	-0.86940205	0.19786540
1.26099996	-0.75073820	0.26873153
1.26199996	-0.45266363	0.32701772
1.26299996	-0.01743971	0.36395791
1.26399996	0.38757998	0.37275466
1.26499996	0.70229453	0.35214689
1.26599996	0.84448820	0.30265749
1.26699996	0.79183072	0.23179133
1.26799996	0.55382627	0.16735359
1.26899996	0.16769193	0.11829478
1.26999996	-0.25258365	0.10396162
1.27099996	-0.64606917	0.12696850
1.27199996	-0.85094732	0.17076771
1.27299996	-0.83882874	0.22890010
1.27399996	-0.62207800	0.28995448
1.27499996	-0.23043799	0.34448817
1.27599996	0.18657726	0.37100148
1.27699996	0.56791341	0.36617249
1.27799996	0.79715180	0.32821727
1.27899996	0.83827507	0.26279527
1.27999996	0.69069880	0.19555856
1.28099996	0.37841412	0.13619587
1.28199996	-0.03275714	0.10414616
1.28299996	-0.48256028	0.10414616
1.28399996	-0.77525222	0.13619587
1.28499996	-0.87026328	0.19555856
1.28599996	-0.74963093	0.26279527
1.28699996	-0.42882627	0.32821727
1.28799996	-0.02934301	0.36601871
1.28899996	0.39010212	0.37023252
1.28999996	0.69820374	0.34679502
1.29099996	0.84768701	0.29893577
1.29199996	0.79902804	0.23788139
1.29299996	0.56117743	0.17307456
1.29399996	0.18220964	0.12619956
1.29499996	-0.28208047	0.10380782
1.29599996	-0.64167076	0.11829478
1.29699996	-0.84562624	0.16735359
1.29799996	-0.83329231	0.23179133
1.29899996	-0.60509968	0.30265749
1.29999996	-0.24615526	0.35214689
1.30099996	0.19146776	0.37275466
1.30199996	0.55813235	0.36395791
1.30299996	0.79838210	0.32701772
1.30399996	0.84830219	0.26873153
1.30499996	0.70124876	0.19786540
1.30599996	0.38099778	0.14234744
1.30699996	-0.06453002	0.11026698
1.30799996	-0.46751967	0.11026698
1.30899996	-0.77017719	0.14234744
1.30999996	-0.86924827	0.19786540
1.31099996	-0.74996924	0.26873153
1.31199996	-0.45497048	0.32701772
1.31299996	-0.02642101	0.36395791
1.31399996	0.37856790	0.37275466
1.31499996	0.69998771	0.35214689
1.31599996	0.84525710	0.30265749
1.31699996	0.79198450	0.23179133
1.31799996	0.55398005	0.16750738
1.31899996	0.16846088	0.11906373
1.31999996	-0.25489050	0.10162401
1.32099996	-0.65505046	0.11798720
1.32199996	-0.85995942	0.16175567
1.32299996	-0.84116632	0.22659326
1.32399996	-0.62130904	0.29072341
1.32499996	-0.23028420	0.34464198
1.32599996	0.18657726	0.37084767
1.32699996	0.56791341	0.36540353
1.32799996	0.79730558	0.33055487
1.32899996	0.83904403	0.27180734
1.32999996	0.68836123	0.20457062
1.33099996	0.36943284	0.13853346
1.33199996	-0.04173844	0.10337722
1.33299996	-0.48486713	0.10396162
1.33399996	-0.77448326	0.13619587
1.33499996	-0.87010950	0.19555856
1.33599996	-0.74963093	0.26264149
1.33699996	-0.42882627	0.32747909
1.33799996	-0.02934301	0.36832553
1.33899996	0.39010212	0.37921384
1.33999996	0.69820374	0.35593012
1.34099996	0.84768701	0.30201155
1.34199996	0.79902804	0.23480561
1.34299996	0.56117743	0.16393946
1.34399996	0.18236344	0.11721826
1.34499996	-0.28131151	0.10147022
1.34599996	-0.64397758	0.11921752
1.34699996	-0.85463828	0.16827632
1.34799996	-0.84230435	0.22948450
1.34899996	-0.60740650	0.29367617
1.34999996	-0.24538632	0.34316561
1.35099996	0.19162156	0.37041709
1.35199996	0.55828619	0.36472687
1.35299996	0.79915106	0.32717150
1.35399996	0.84584153	0.26873153
1.35499996	0.69152927	0.19786540
1.35599996	0.37432334	0.14234744
1.35699996	-0.05785556	0.11026698
1.35799996	-0.45780021	0.11042077
1.35899996	-0.76771653	0.14311638
1.35999996	-0.87014025	0.19552781
1.36099996	-0.75089198	0.25975025
1.36199996	-0.45266363	0.31819022
1.36299996	-0.01743971	0.36238927
1.36399996	0.38757998	0.37118602
1.36499996	0.70229453	0.34331939
1.36599996	0.84448820	0.29367617
1.36699996	0.79183072	0.22948450
1.36799996	0.55398005	0.16827632
1.36899996	0.16846088	0.11921752
1.36999996	-0.25489050	0.10162401
1.37099996	-0.65505046	0.11798720
1.37199996	-0.85995942	0.16175567
1.37299996	-0.84116632	0.22659326
1.37399996	-0.62130904	0.29072341
1.37499996	-0.23028420	0.34464198
1.37599996	0.18657726	0.37084767
1.37699996	0.56791341	0.36540353
1.37799996	0.79715180	0.33055487
1.37899996	0.83827507	0.27180734
1.37999996	0.69085258	0.20457062
1.38099996	0.37918308	0.13853346
1.38199996	-0.03509473	0.10337722
1.38299996	-0.49154159	0.10396162
1.38399996	-0.78426427	0.13619587
1.38499996	-0.87260085	0.19555856
1.38599996	-0.74886197	0.26279527
1.38699996	-0.42864174	0.32821727
1.38799996	-0.02934301	0.36601871
1.38899996	0.39010212	0.37023252
1.38999996	0.69820374	0.34694883
1.39099996	0.84768701	0.29970473
1.39199996	0.79918182	0.23557456
1.39299996	0.56194633	0.16409326
1.39399996	0.17990281	0.11737204
1.39499996	-0.29106176	0.10223917
1.39599996	-0.65062129	0.11672613
1.39699996	-0.84793305	0.15852608
1.39799996	-0.83252335	0.22281004
1.39899996	-0.60494584	0.30035064
1.39999996	-0.24615526	0.35291585
1.40099996	0.19146776	0.37290847
1.40199996	0.55828619	0.36395791
1.40299996	0.79915106	0.32701772
1.40399996	0.84599531	0.26873153
1.40499996	0.69229823	0.19786540
1.40599996	0.37201649	0.14234744
1.40699996	-0.06683686	0.11026698
1.40799996	-0.46675074	0.11026698
1.40899996	-0.77002335	0.14234744
1.40999996	-0.86940205	0.19786540
1.41099996	-0.75073820	0.26873153
1.41199996	-0.45266363	0.32701772
1.41299996	-0.01743971	0.36395791
1.41399996	0.38757998	0.37275466
1.41499996	0.70229453	0.35214689
1.41599996	0.84448820	0.30265749
1.41699996	0.79183072	0.23179133
1.41799996	0.55398005	0.16750738
1.41899996	0.16846088	0.11906373
1.41999996	-0.25489050	0.10162401
1.42099996	-0.65505046	0.11798720
1.42199996	-0.85995942	0.16175567
1.42299996	-0.84116632	0.22659326
1.42399996	-0.62130904	0.29056963
1.42499996	-0.23028420	0.34387302
1.42599996	0.18642348	0.37333909
1.42699996	0.56714445	0.37515378
1.42799996	0.79945868	0.33707553
1.42899996	0.84728718	0.26436391
1.42999996	0.69968009	0.19712721
1.43099996	0.38072097	0.14505413
1.43199996	-0.03352608	0.11312746
1.43299996	-0.48271409	0.10645300
1.43399996	-0.77509844	0.13542692
1.43499996	-0.86952507	0.19540477
1.43599996	-0.75196850	0.26279527
1.43699996	-0.43777683	0.32821727
1.43799996	-0.03832431	0.36601871
1.43899996	0.38779527	0.37023252
1.43999996	0.69912648	0.34694883
1.44099996	0.84860975	0.29970473
1.44199996	0.79684424	0.23557456
1.44299996	0.55293429	0.16409326
1.44399996	0.17089075	0.11721826
1.44499996	-0.29336861	0.10147022
1.44599996	-0.64985234	0.11921752
1.44699996	-0.84777927	0.16827632
1.44799996	-0.83252335	0.22933070
1.44899996	-0.60494584	0.29290724
1.44999996	-0.24615526	0.34547243
1.45099996	0.19146776	0.37942913
1.45199996	0.55828619	0.37370816
1.45299996	0.79915106	0.32950911
1.45399996	0.84599531	0.26799336
1.45499996	0.69229823	0.19771162
1.45599996	0.37201649	0.14234744
1.45699996	-0.06683686	0.11026698
1.45799996	-0.46675074	0.11042077
1.45899996	-0.77002335	0.14311638
1.45999996	-0.86940205	0.19552781
1.46099996	-0.75073820	0.25975025
1.46199996	-0.45266363	0.31803641
1.46299996	-0.01743971	0.36165109
1.46399996	0.38757998	0.37349287
1.46499996	0.70229453	0.35230067
1.46599996	0.84448820	0.30265749
1.46699996	0.79183072	0.23179133
1.46799996	0.55398005	0.16750738
1.46899996	0.16846088	0.11906373
1.46999996	-0.25489050	0.10147022
1.47099996	-0.65505046	0.11721826
1.47199996	-0.85995942	0.16409326
1.47299996	-0.84116632	0.23557456
1.47399996	-0.62115526	0.29970473
1.47499996	-0.22951525	0.34694883
1.47599996	0.18427043	0.37007874
1.47699996	0.55890131	0.36524975
1.47799996	0.78813976	0.33040109
1.47899996	0.83596826	0.27103838
1.47999996	0.69162154	0.20687746
1.48099996	0.37933686	0.14751476
1.48199996	-0.03509473	0.11235851
1.48299996	-0.49154159	0.10629921
1.48399996	-0.78426427	0.13558070
1.48499996	-0.87260085	0.19617371
1.48599996	-0.74886197	0.26033464
1.48699996	-0.42864174	0.31846702
1.48799996	-0.02918922	0.35931349
1.48899996	0.39087105	0.37690699
1.48999996	0.69589692	0.35669905
1.49099996	0.83870572	0.30216536
1.49199996	0.79020053	0.23480561
1.49299996	0.55963951	0.16393946
1.49399996	0.18082555	0.11721826
1.49499996	-0.29013902	0.10147022
1.49599996	-0.65295893	0.11906373
1.49699996	-0.85694510	0.16750738
1.49799996	-0.84153545	0.23179133
1.49899996	-0.60725272	0.30265749
1.49999996	-0.24538632	0.35214689
1.50099996	0.19162156	0.37275466
1.50199996	0.55828619	0.36395791
1.50299996	0.79915106	0.32701772
1.50399996	0.84599531	0.26873153
1.50499996	0.69229823	0.19786540
1.50599996	0.37201649	0.14250124
1.50699996	-0.06683686	0.11103593
1.50799996	-0.46675074	0.10811393
1.50899996	-0.77002335	0.13413508
1.50999996	-0.86940205	0.18654650
1.51099996	-0.75073820	0.25744340
1.51199996	-0.45266363	0.31880537
1.51299996	-0.01743971	0.36180487
1.51399996	0.38757998	0.37349287
1.51499996	0.70229453	0.35230067
1.51599996	0.84464198	0.30265749
1.51699996	0.79259968	0.23179133
1.51799996	0.55167323	0.16750738
1.51899996	0.15947957	0.11906373
1.51999996	-0.26402560	0.10162401
1.52099996	-0.65812624	0.11798720
1.52199996	-0.85672981	0.16175567
1.52299996	-0.83126229	0.22659326
1.52399996	-0.61466533	0.29072341
1.52499996	-0.23692790	0.34464198
1.52599996	0.17685777	0.37084767
1.52699996	0.56545275	0.36540353
1.52799996	0.79789001	0.33040109
1.52899996	0.83842885	0.27103838
1.52999996	0.69069880	0.20687746
1.53099996	0.37841412	0.14751476
1.53199996	-0.03275714	0.11235851
1.53299996	-0.48256028	0.10629921
1.53399996	-0.77525222	0.13558070
1.53499996	-0.87026328	0.19617371
1.53599996	-0.74963093	0.26033464
1.53699996	-0.42882627	0.31846702
1.53799996	-0.02934301	0.35931349
1.53899996	0.39010212	0.37690699
1.53999996	0.69835752	0.35669905
1.54099996	0.84845597	0.30216536
1.54199996	0.79669046	0.23480561
1.54299996	0.55219609	0.16393946
1.54399996	0.17319758	0.11721826
1.54499996	-0.28441805	0.10147022
1.54599996	-0.64074802	0.11921752
1.54699996	-0.84470350	0.16827632
1.54799996	-0.83559918	0.22948450
1.54899996	-0.61408097	0.29367617
1.54999996	-0.25513655	0.34316561
1.55099996	0.18916093	0.37041709
1.55199996	0.55887055	0.36472687
1.55299996	0.79853594	0.32717150
1.55399996	0.84830219	0.26873153
1.55499996	0.70124876	0.19786540
1.55599996	0.38099778	0.14234744
1.55699996	-0.06453002	0.11026698
1.55799996	-0.46751967	0.11042077
1.55899996	-0.77017719	0.14311638
1.55999996	-0.86940205	0.19552781
1.56099996	-0.75073820	0.25975025
1.56199996	-0.45266363	0.31803641
1.56299996	-0.01743971	0.36165109
1.56399996	0.38757998	0.37349287
1.56499996	0.70229453	0.35230067
1.56599996	0.84448820	0.30265749
1.56699996	0.79183072	0.23179133
1.56799996	0.55382627	0.16750738
1.56899996	0.16769193	0.11906373
1.56999996	-0.25258365	0.10162401
1.57099996	-0.64606917	0.11798720
1.57199996	-0.85094732	0.16175567
1.57299996	-0.83882874	0.22659326
1.57399996	-0.62192422	0.29072341
1.57499996	-0.22966905	0.34464198
1.57599996	0.18427043	0.37100148
1.57699996	0.55890131	0.36617249
1.57799996	0.78813976	0.32821727
1.57899996	0.83596826	0.26279527
1.57999996	0.69162154	0.19555856
1.58099996	0.37933686	0.13619587
1.58199996	-0.03509473	0.10429995
1.58299996	-0.49154159	0.10488435
1.58399996	-0.78426427	0.13388902
1.58499996	-0.87260085	0.18657726
1.58599996	-0.74886197	0.25378323
1.58699996	-0.42864174	0.32591042
1.58799996	-0.02918922	0.36678764
1.58899996	0.39087105	0.37038633
1.58999996	0.69605070	0.34679502
1.59099996	0.83947468	0.29893577
1.59199996	0.78770918	0.23788139
1.59299996	0.54985851	0.17307456
1.59399996	0.17412032	0.12619956
1.59499996	-0.28349534	0.10380782
1.59599996	-0.64320868	0.11844857
1.59699996	-0.85445374	0.16812254
1.59799996	-0.84230435	0.22948450
1.59899995	-0.60740650	0.29367617
1.59999995	-0.24538632	0.34316561
1.60099995	0.19162156	0.37041709
1.60199995	0.55813235	0.36472687
1.60299995	0.79838210	0.32717150
1.60399995	0.84830219	0.26873153
1.60499995	0.70124876	0.19786540
1.60599995	0.38115159	0.14234744
1.60699995	-0.06376107	0.11026698
1.60799995	-0.47001109	0.11026698
1.60899995	-0.77992743	0.14234744
1.60999995	-0.87607652	0.19786540
1.61099995	-0.74409449	0.26873153
1.61199995	-0.44291338	0.32701772
1.61299995	-0.01497908	0.36395791
1.61399995	0.38681102	0.37275466
1.61499995	0.70214075	0.35214689
1.61599995	0.84448820	0.30265749
1.61699995	0.79183072	0.23179133
1.61799995	0.55382627	0.16750738
1.61899995	0.16769193	0.11906373
1.61999995	-0.25258365	0.10147022
1.62099995	-0.64606917	0.11721826
1.62199995	-0.85094732	0.16409326
1.62299995	-0.83882874	0.23557456
1.62399995	-0.62207800	0.29970473
1.62499995	-0.23043799	0.34694883
1.62599995	0.18642348	0.37007874
1.62699995	0.56714445	0.36524975
1.62799995	0.79961246	0.33040109
1.62899995	0.84802532	0.27103838
1.62999995	0.69737327	0.20687746
1.63099995	0.37173966	0.14751476
1.63199995	-0.04250738	0.11235851
1.63299995	-0.48502091	0.10629921
1.63399995	-0.77432948	0.13558070
1.63499995	-0.86937129	0.19617371
1.63599995	-0.75196850	0.26033464
1.63699995	-0.43777683	0.31846702
1.63799995	-0.03817052	0.35931349
1.63899995	0.38853347	0.37690699
1.63999995	0.69681960	0.35654527
1.64099995	0.83962846	0.30139640
1.64199995	0.78770918	0.23711245
1.64299995	0.54985851	0.17292076
1.64399995	0.17396654	0.12638411
1.64499995	-0.28426427	0.10457677
1.64599995	-0.64090180	0.11611097
1.64699995	-0.84547246	0.15911049
1.64799995	-0.83329231	0.22047244
1.64899995	-0.60509968	0.29136935
1.64999995	-0.24615526	0.34393454
1.65099995	0.19146776	0.37057087
1.65199995	0.55828619	0.36472687
1.65299995	0.79915106	0.32717150
1.65399995	0.84599531	0.26873153
1.65499995	0.69229823	0.19786540
1.65599995	0.37201649	0.14234744
1.65699995	-0.06683686	0.11026698
1.65799995	-0.46675074	0.11042077
1.65899995	-0.77002335	0.14311638
1.65999995	-0.86940205	0.19552781
1.66099995	-0.75073820	0.25975025
1.66199995	-0.45266363	0.31819022
1.66299995	-0.01743971	0.36238927
1.66399995	0.38757998	0.37118602
1.66499995	0.70229453	0.34331939
1.66599995	0.84448820	0.29367617
1.66699995	0.79183072	0.22948450
1.66799995	0.55398005	0.16827632
1.66899995	0.16846088	0.11921752
1.66999995	-0.25489050	0.10147022
1.67099995	-0.65505046	0.11721826
1.67199995	-0.85995942	0.16409326
1.67299995	-0.84116632	0.23557456
1.67399995	-0.62115526	0.29970473
1.67499995	-0.22951525	0.34694883
1.67599995	0.18411663	0.37023252
1.67699995	0.55813235	0.36601871
1.67799995	0.79044658	0.32806349
1.67899995	0.84494954	0.26202634
1.67999995	0.70044905	0.19789617
1.68099995	0.38087475	0.14520793
1.68199995	-0.03352608	0.11312746
1.68299995	-0.48271409	0.10645300
1.68399995	-0.77525222	0.13542692
1.68499995	-0.87026328	0.19540477
1.68599995	-0.74963093	0.26279527
1.68699995	-0.42882627	0.32821727
1.68799995	-0.02918922	0.36601871
1.68899995	0.39087105	0.37023252
1.68999995	0.69589692	0.34694883
1.69099995	0.83870572	0.29970473
1.69199995	0.79020053	0.23557456
1.69299995	0.55963951	0.16409326
1.69399995	0.18067175	0.11721826
1.69499995	-0.29090798	0.10147022
1.69599995	-0.65062129	0.11921752
1.69699995	-0.84793305	0.16827632
1.69799995	-0.83252335	0.22948450
1.69899995	-0.60494584	0.29367617
1.69999995	-0.24615526	0.34316561
1.70099995	0.19146776	0.37041709
1.70199995	0.55828619	0.36472687
1.70299995	0.79915106	0.32717150
1.70399995	0.84599531	0.26873153
1.70499995	0.69229823	0.19786540
1.70599995	0.37201649	0.14250124
1.70699995	-0.06683686	0.11103593
1.70799995	-0.46675074	0.10796013
1.70899995	-0.77002335	0.13336614
1.70999995	-0.86940205	0.18888411
1.71099995	-0.75073820	0.26642472
1.71199995	-0.45266363	0.32794046
1.71299995	-0.01743971	0.36488065
1.71399995	0.38757998	0.37026328
1.71499995	0.70229453	0.34239665
1.71599995	0.84464198	0.29598302
1.71699995	0.79259968	0.23846580
1.71799995	0.55167323	0.17728838
1.71899995	0.15947957	0.12152436
1.71999995	-0.26387179	0.10085507
1.72099995	-0.65735728	0.11783341
1.72199995	-0.85919046	0.16175567
1.72299995	-0.84101254	0.22659326
1.72399995	-0.62115526	0.29072341
1.72499995	-0.22951525	0.34464198
1.72599995	0.18411663	0.37084767
1.72699995	0.55813235	0.36540353
1.72799995	0.79060042	0.33055487
1.72899995	0.84571850	0.27180734
1.72999995	0.69814223	0.20457062
1.73099995	0.37189347	0.13853346
1.73199995	-0.04250738	0.10337722
1.73299995	-0.48502091	0.10396162
1.73399995	-0.77448326	0.13619587
1.73499995	-0.87010950	0.19555856
1.73599995	-0.74963093	0.26264149
1.73699995	-0.42882627	0.32747909
1.73799995	-0.02934301	0.36832553
1.73899995	0.39010212	0.37921384
1.73999995	0.69820374	0.35577634
1.74099995	0.84768701	0.30124262
1.74199995	0.79902804	0.23711245
1.74299995	0.56117743	0.17292076
1.74399995	0.18220964	0.12619956
1.74499995	-0.28208047	0.10380782
1.74599995	-0.64167076	0.11844857
1.74699995	-0.84562624	0.16812254
1.74799995	-0.83329231	0.22933070
1.74899995	-0.60509968	0.29290724
1.74999995	-0.24615526	0.34547243
1.75099995	0.19146776	0.37942913
1.75199995	0.55828619	0.37370816
1.75299995	0.79915106	0.32950911
1.75399995	0.84584153	0.26799336
1.75499995	0.69152927	0.19771162
1.75599995	0.37432334	0.14234744
1.75699995	-0.05785556	0.11026698
1.75799995	-0.45780021	0.11042077
1.75899995	-0.76771653	0.14311638
1.75999995	-0.87014025	0.19552781
1.76099995	-0.75089198	0.25975025
1.76199995	-0.45266363	0.31803641
1.76299995	-0.01743971	0.36165109
1.76399995	0.38757998	0.37349287
1.76499995	0.70229453	0.35230067
1.76599995	0.84448820	0.30250368
1.76699995	0.79183072	0.23102239
1.76799995	0.55382627	0.16981423
1.76899995	0.16769193	0.12801427
1.76999995	-0.25258365	0.11060531
1.77099995	-0.64606917	0.12029404
1.77199995	-0.85094732	0.16101746
1.77299995	-0.83882874	0.22643946
1.77399995	-0.62207800	0.29072341
1.77499995	-0.23043799	0.34464198
1.77599995	0.18657726	0.37100148
1.77699995	0.56791341	0.36617249
1.77799995	0.79715180	0.32806349
1.77899995	0.83827507	0.26202634
1.77999995	0.69085258	0.19789617
1.78099995	0.37918308	0.14520793
1.78199995	-0.03509473	0.11312746
1.78299995	-0.49154159	0.10645300
1.78399995	-0.78426427	0.13542692
1.78499995	-0.87260085	0.19540477
1.78599995	-0.74886197	0.26279527
1.78699995	-0.42864174	0.32821727
1.78799995	-0.02934301	0.36601871
1.78899995	0.39010212	0.37023252
1.78999995	0.69820374	0.34679502
1.79099995	0.84768701	0.29893577
1.79199995	0.79918182	0.23788139
1.79299995	0.56194633	0.17307456
1.79399995	0.17990281	0.12619956
1.79499995	-0.29106176	0.10380782
1.79599995	-0.65062129	0.11844857
1.79699995	-0.84793305	0.16812254
1.79799995	-0.83252335	0.22933070
1.79899995	-0.60494584	0.29290724
1.79999995	-0.24600148	0.34547243
1.80099995	0.19223671	0.37942913
1.80199995	0.55579478	0.37370816
1.80299995	0.78943157	0.32950911
1.80399995	0.83935159	0.26799336
1.80499995	0.69894195	0.19771162
1.80599995	0.38173598	0.14234744
1.80699995	-0.06437623	0.11026698
1.80799995	-0.46767348	0.11026698
1.80899995	-0.77094609	0.14234744
1.80999995	-0.86706448	0.19786540
1.81099995	-0.74178767	0.26873153
1.81199995	-0.44368234	0.32701772
1.81299995	-0.01513287	0.36395791
1.81399995	0.38681102	0.37275466
1.81499995	0.70214075	0.35214689
1.81599995	0.84464198	0.30250368
1.81699995	0.79259968	0.23102239
1.81799995	0.55151945	0.16981423
1.81899995	0.15871063	0.12801427
1.81999995	-0.26156497	0.11060531
1.82099995	-0.64837599	0.12029404
1.82199995	-0.85017842	0.16101746
1.82299995	-0.83867496	0.22643946
1.82399995	-0.62207800	0.29072341
1.82499995	-0.23043799	0.34464198
1.82599995	0.18657726	0.37084767
1.82699995	0.56791341	0.36540353
1.82799995	0.79730558	0.33055487
1.82899995	0.83904403	0.27180734
1.82999995	0.68836123	0.20441683
1.83099995	0.36943284	0.13776451
1.83199995	-0.04173844	0.10568406
1.83299995	-0.48486713	0.11297367
1.83399995	-0.77432948	0.14536171
1.83499995	-0.86937129	0.19866511
1.83599995	-0.75196850	0.25971949
1.83699995	-0.43777683	0.31908217
1.83799995	-0.03817052	0.35700664
1.83899995	0.38853347	0.36792567
1.83999995	0.69681960	0.34756398
1.84099995	0.83962846	0.29908955
1.84199995	0.78770918	0.23788139
1.84299995	0.54985851	0.17307456
1.84399995	0.17396654	0.12619956
1.84499995	-0.28426427	0.10380782
1.84599995	-0.64090180	0.11829478
1.84699995	-0.84547246	0.16735359
1.84799995	-0.83344609	0.23179133
1.84899995	-0.60586858	0.30265749
1.84999995	-0.24381767	0.35214689
1.85099995	0.20047982	0.37275466
1.85199995	0.56726748	0.36395791
1.85299995	0.80148870	0.32701772
1.85399995	0.84522635	0.26873153
1.85499995	0.69214445	0.19786540
1.85599995	0.37201649	0.14234744
1.85699995	-0.06683686	0.11026698
1.85799995	-0.46675074	0.11042077
1.85899995	-0.77002335	0.14311638
1.85999995	-0.86940205	0.19552781
1.86099995	-0.75073820	0.25975025
1.86199995	-0.45266363	0.31819022
1.86299995	-0.01743971	0.36238927
1.86399995	0.38757998	0.37118602
1.86499995	0.70229453	0.34331939
1.86599995	0.84448820	0.29367617
1.86699995	0.79183072	0.22948450
1.86799995	0.55398005	0.16827632
1.86899995	0.16846088	0.11921752
1.86999995	-0.25489050	0.10162401
1.87099995	-0.65505046	0.11798720
1.87199995	-0.85995942	0.16175567
1.87299995	-0.84116632	0.22659326
1.87399995	-0.62130904	0.29087722
1.87499995	-0.23028420	0.34541091
1.87599995	0.18642348	0.36854085
1.87699995	0.56714445	0.35639149
1.87799995	0.79945868	0.32138902
1.87899995	0.84728718	0.26870078
1.87999995	0.69968009	0.20749262
1.88099995	0.38072097	0.14689961
1.88199995	-0.03352608	0.11469612
1.88299995	-0.48271409	0.11528051
1.88399995	-0.77525222	0.14459276
1.88499995	-0.87026328	0.19851132
1.88599995	-0.74963093	0.25971949
1.88699995	-0.42882627	0.31908217
1.88799995	-0.02934301	0.35700664
1.88899995	0.39010212	0.36792567
1.88999995	0.69820374	0.34756398
1.89099995	0.84768701	0.29908955
1.89199995	0.79918182	0.23788139
1.89299995	0.56194633	0.17307456
1.89399995	0.17990281	0.12619956
1.89499995	-0.29106176	0.10380782
1.89599995	-0.65062129	0.11844857
1.89699995	-0.84793305	0.16812254
1.89799995	-0.83252335	0.22948450
1.89899995	-0.60494584	0.29367617
1.89999995	-0.24600148	0.34316561
1.90099995	0.19223671	0.37041709
1.90199995	0.55579478	0.36472687
1.90299995	0.78943157	0.32717150
1.90399995	0.83935159	0.26873153
1.90499995	0.69894195	0.19786540
1.90599995	0.38173598	0.14234744
1.90699995	-0.06437623	0.11026698
1.90799995	-0.46751967	0.11026698
1.90899995	-0.77017719	0.14234744
1.90999995	-0.86940205	0.19786540
1.91099995	-0.75073820	0.26873153
1.91199995	-0.45266363	0.32717150
1.91299995	-0.01743971	0.36472687
1.91399995	0.38757998	0.37041709
1.91499995	0.70229453	0.34316561
1.91599995	0.84448820	0.29367617
1.91699995	0.79183072	0.22948450
1.91799995	0.55398005	0.16827632
1.91899995	0.16846088	0.11921752
1.91999995	-0.25489050	0.10162401
1.92099995	-0.65505046	0.11798720
1.92199995	-0.85995942	0.16175567
1.92299995	-0.84116632	0.22659326
1.92399995	-0.62130904	0.29072341
1.92499995	-0.23028420	0.34464198
1.92599995	0.18642348	0.37100148
1.92699995	0.56714445	0.36617249
1.92799995	0.79945868	0.32806349
1.92899995	0.84728718	0.26202634
1.92999995	0.69968009	0.19789617
1.93099995	0.38072097	0.14520793
1.93199995	-0.03352608	0.11312746
1.93299995	-0.48271409	0.10645300
1.93399995	-0.77525222	0.13542692
1.93499995	-0.87026328	0.19540477
1.93599995	-0.74963093	0.26279527
1.93699995	-0.42882627	0.32821727
1.93799995	-0.02918922	0.36601871
1.93899995	0.39087105	0.37023252
1.93999995	0.69605070	0.34679502
1.94099995	0.83947468	0.29893577
1.94199995	0.78786296	0.23788139
1.94299995	0.55062747	0.17307456
1.94399995	0.17165969	0.12619956
1.94499995	-0.29321480	0.10380782
1.94599995	-0.64985234	0.11844857
1.94699995	-0.84777927	0.16812254
1.94799995	-0.83252335	0.22948450
1.94899995	-0.60494584	0.29367617
1.94999995	-0.24615526	0.34316561
1.95099995	0.19146776	0.37041709
1.95199995	0.55828619	0.36472687
1.95299994	0.79915106	0.32717150
1.95399994	0.84599531	0.26873153
1.95499994	0.69229823	0.19786540
1.95599994	0.37201649	0.14250124
1.95699994	-0.06683686	0.11103593
1.95799994	-0.46690452	0.10811393
1.95899994	-0.77079231	0.13413508
1.95999994	-0.86706448	0.18654650
1.96099994	-0.74178767	0.25744340
1.96199994	-0.44368234	0.31895915
1.96299994	-0.01513287	0.36254305
1.96399994	0.38681102	0.37118602
1.96499994	0.70214075	0.34331939
1.96599994	0.84448820	0.29367617
1.96699994	0.79183072	0.22948450
1.96799994	0.55382627	0.16827632
1.96899994	0.16769193	0.11921752
1.96999994	-0.25258365	0.10162401
1.97099994	-0.64606917	0.11798720
1.97199994	-0.85094732	0.16175567
1.97299994	-0.83882874	0.22659326
1.97399994	-0.62192422	0.29072341
1.97499994	-0.22966905	0.34464198
1.97599994	0.18411663	0.37084767
1.97699994	0.55813235	0.36540353
1.97799994	0.79044658	0.33040109
1.97899994	0.84494954	0.27103838
1.97999994	0.70060283	0.20687746
1.98099994	0.38164371	0.14751476
1.98199994	-0.03586368	0.11235851
1.98299994	-0.49169537	0.10629921
1.98399994	-0.78426427	0.13542692
1.98499994	-0.87260085	0.19540477
1.98599994	-0.74886197	0.26279527
1.98699994	-0.42864174	0.32821727
1.98799994	-0.02918922	0.36617249
1.98899994	0.39087105	0.37100148
1.98999994	0.69605070	0.34464198
1.99099994	0.83947468	0.29072341
1.99199994	0.78770918	0.22659326
1.99299994	0.54985851	0.16175567
1.99399994	0.17412032	0.11798720
1.99499994	-0.28349534	0.10162401
1.99599994	-0.64320868	0.11921752
1.99699994	-0.85445374	0.16827632
1.99799994	-0.84230435	0.22948450
1.99899994	-0.60740650	0.29367617
1.99999994	-0.24538632	0.34316561
2.00099994	0.19162156	0.37041709
2.00199994	0.55828619	0.36472687
2.00299994	0.79915106	0.32717150
