Time	Channel A	Channel B
(us)	(V)	(V)

-0.00400000	0.03973917	0.27180734
-0.00300000	-0.42033711	0.33055487
-0.00200000	-0.73923475	0.36540353
-0.00100000	-0.87238556	0.37084767
0.00000000	-0.78672493	0.34464198
0.00100000	-0.49252585	0.29072341
0.00200000	-0.10476132	0.22659326
0.00300000	0.31951278	0.16175567
0.00400000	0.65105194	0.11783341
0.00500000	0.83929008	0.10085507
0.00600000	0.82541829	0.12137057
0.00700000	0.61297369	0.17651944
0.00800000	0.25156865	0.24080339
0.00900000	-0.20543183	0.30499509
0.01000000	-0.58224654	0.35153174
0.01100000	-0.82498771	0.37333909
0.01200000	-0.85377705	0.36165109
0.01300000	-0.66369343	0.31803641
0.01400000	-0.32507998	0.25975025
0.01500000	0.11312746	0.19552781
0.01600000	0.49747786	0.14311638
0.01700000	0.77045399	0.11042077
0.01800000	0.85488433	0.11026698
0.01900000	0.73806596	0.14234744
0.02000000	0.44721949	0.19786540
0.02100000	0.02657480	0.26873153
0.02200000	-0.38505784	0.32717150
0.02300000	-0.72831571	0.36472687
0.02400000	-0.86881769	0.37041709
0.02500000	-0.78709400	0.34316561
0.02600000	-0.51485604	0.29367617
0.02700000	-0.08993603	0.22948450
0.02800000	0.32092765	0.16827632
0.02900000	0.65683442	0.11921752
0.03000000	0.83092397	0.10147022
0.03100000	0.81579107	0.11721826
0.03200000	0.61011320	0.16409326
0.03300000	0.24698573	0.23557456
0.03400000	-0.17621186	0.29985851
0.03500000	-0.59814835	0.34771776
0.03600000	-0.83833659	0.36792567
0.03700000	-0.86374259	0.35700664
0.03800000	-0.67578125	0.31923598
0.03900000	-0.29921260	0.26048842
0.04000000	0.11472687	0.19632751
0.04100000	0.50507504	0.13634965
0.04200000	0.76325667	0.10414616
0.04300000	0.84860975	0.10414616
0.04400000	0.73923475	0.13619587
0.04500000	0.45420152	0.19555856
0.04600000	0.04872047	0.26279527
0.04700000	-0.41799951	0.32821727
0.04800000	-0.74000371	0.36617249
0.04900000	-0.87253934	0.37100148
0.05000000	-0.78687871	0.34464198
0.05100000	-0.49329478	0.29072341
0.05200000	-0.10245448	0.22659326
0.05300000	0.32849410	0.16175567
0.05400000	0.65984869	0.11798720
0.05500000	0.84082800	0.10162401
0.05600000	0.82698697	0.11906373
0.05700000	0.62183195	0.16750738
0.05800000	0.26054996	0.23179133
0.05900000	-0.20312500	0.30265749
0.06000000	-0.58301550	0.35230067
0.06100000	-0.82514149	0.37349287
0.06200000	-0.85393083	0.36165109
0.06300000	-0.66446233	0.31803641
0.06400000	-0.32277313	0.25975025
0.06500000	0.12210876	0.19552781
0.06600000	0.50648993	0.14311638
0.06700000	0.77279156	0.11042077
0.06800000	0.85426921	0.11026698
0.06900000	0.73868108	0.14234744
0.07000000	0.44506642	0.19786540
0.07100000	0.01833169	0.26873153
0.07200000	-0.39653051	0.32717150
0.07300000	-0.74037278	0.36472687
0.07400000	-0.87456942	0.37041709
0.07500000	-0.77952754	0.34316561
0.07600000	-0.50744343	0.29367617
0.07700000	-0.09645669	0.22948450
0.07800000	0.31117740	0.16827632
0.07900000	0.65437376	0.11921752
0.08000000	0.83169293	0.10147022
0.08100000	0.81594485	0.11721826
0.08200000	0.61011320	0.16393946
0.08300000	0.24698573	0.23480561
0.08400000	-0.17636564	0.30201155
0.08500000	-0.59891731	0.35593012
0.08600000	-0.83599901	0.37921384
0.08700000	-0.85473055	0.36832553
0.08800000	-0.66676921	0.32747909
0.08900000	-0.29690576	0.26264149
0.09000000	0.11395792	0.19540477
0.09100000	0.50492126	0.13542692
0.09200000	0.76341045	0.10629921
0.09300000	0.84937871	0.11235851
0.09400000	0.73692793	0.14751476
0.09500000	0.44522023	0.20687746
0.09600000	0.03973917	0.27103838
0.09700000	-0.42033711	0.33040109
0.09800000	-0.73908097	0.36540353
0.09900000	-0.87161660	0.37084767
0.10000000	-0.78903174	0.34464198
0.10100000	-0.50150716	0.29072341
0.10200000	-0.11374262	0.22659326
0.10300000	0.31720597	0.16175567
0.10400000	0.65179008	0.11798720
0.10500000	0.83944392	0.10162401
0.10600000	0.82541829	0.11906373
0.10700000	0.61297369	0.16750738
0.10800000	0.25156865	0.23179133
0.10900000	-0.20543183	0.30265749
0.11000000	-0.58224654	0.35230067
0.11100000	-0.82498771	0.37349287
0.11200000	-0.85393083	0.36165109
0.11300000	-0.66446233	0.31803641
0.11400000	-0.32277313	0.25975025
0.11500000	0.12210876	0.19552781
0.11600000	0.50648993	0.14311638
0.11700000	0.77279156	0.11042077
0.11800000	0.85411543	0.11026698
0.11900000	0.73791218	0.14234744
0.12000000	0.44737327	0.19786540
0.12100000	0.02734375	0.26873153
0.12200000	-0.38739541	0.32717150
0.12300000	-0.73729700	0.36472687
0.12400000	-0.87764519	0.37041709
0.12500000	-0.78863192	0.34316561
0.12600000	-0.51642472	0.29367617
0.12700000	-0.09879429	0.22948450
0.12800000	0.31194636	0.16812254
0.12900000	0.65452754	0.11844857
0.13000000	0.83169293	0.10380782
0.13100000	0.81594485	0.12619956
0.13200000	0.61011320	0.17292076
0.13300000	0.24698573	0.23711245
0.13400000	-0.17621186	0.30124262
0.13500000	-0.59814835	0.35577634
0.13600000	-0.83815205	0.37921384
0.13700000	-0.86297369	0.36832553
0.13800000	-0.67808807	0.32747909
0.13900000	-0.30822465	0.26264149
0.14000000	0.10571481	0.19540477
0.14100000	0.50276822	0.13542692
0.14200000	0.76417935	0.10629921
0.14300000	0.84953249	0.11235851
0.14400000	0.73692793	0.14751476
0.14500000	0.44522023	0.20687746
0.14600000	0.03973917	0.27103838
0.14700000	-0.42033711	0.33040109
0.14800000	-0.73908097	0.36540353
0.14900000	-0.87161660	0.37084767
0.15000000	-0.78903174	0.34464198
0.15100000	-0.50150716	0.29072341
0.15200000	-0.11374262	0.22643946
0.15300000	0.31720597	0.16101746
0.15400000	0.65179008	0.12029404
0.15500000	0.83944392	0.11060531
0.15600000	0.82541829	0.12801427
0.15700000	0.61297369	0.16981423
0.15800000	0.25156865	0.23102239
0.15900000	-0.20543183	0.30250368
0.16000000	-0.58224654	0.35214689
0.16100000	-0.82498771	0.37275466
0.16200000	-0.85377705	0.36395791
0.16300000	-0.66369343	0.32701772
0.16400000	-0.32507998	0.26873153
0.16500000	0.11312746	0.19786540
0.16600000	0.49747786	0.14234744
0.16700000	0.77045399	0.11026698
0.16800000	0.85503817	0.11026698
0.16900000	0.73883492	0.14234744
0.17000000	0.44491264	0.19786540
0.17100000	0.01756275	0.26873153
0.17200000	-0.39406988	0.32717150
0.17300000	-0.73062253	0.36472687
0.17400000	-0.86789495	0.37057087
0.17500000	-0.78617126	0.34393454
0.17600000	-0.51719368	0.29121554
0.17700000	-0.09894808	0.21970350
0.17800000	0.31176180	0.16160187
0.17900000	0.65375859	0.12586121
0.18000000	0.83399975	0.11122047
0.18100000	0.82492620	0.11967888
0.18200000	0.61912525	0.16317052
0.18300000	0.24932332	0.23465182
0.18400000	-0.17713459	0.30201155
0.18499999	-0.59907109	0.35593012
0.18599999	-0.83584523	0.37921384
0.18699999	-0.85396159	0.36832553
0.18799999	-0.66910678	0.32747909
0.18899999	-0.30591780	0.26264149
0.18999999	0.10497662	0.19540477
0.19099999	0.50261444	0.13542692
0.19199999	0.76417935	0.10645300
0.19299999	0.84953249	0.11312746
0.19399999	0.73677409	0.14520793
0.19499999	0.44445127	0.19789617
0.19599999	0.04204601	0.26202634
0.19699999	-0.41135579	0.32806349
0.19799999	-0.73009968	0.36617249
0.19899999	-0.86930978	0.37100148
0.19999999	-0.78980070	0.34464198
0.20099999	-0.50166094	0.29072341
0.20199999	-0.11374262	0.22643946
0.20299999	0.31720597	0.16101746
0.20399999	0.65179008	0.12029404
0.20499999	0.83944392	0.11060531
0.20599999	0.82541829	0.12801427
0.20699999	0.61297369	0.16981423
0.20799999	0.25156865	0.23102239
0.20899999	-0.20543183	0.30250368
0.20999999	-0.58224654	0.35230067
0.21099999	-0.82498771	0.37349287
0.21199999	-0.85377705	0.36165109
0.21299999	-0.66369343	0.31803641
0.21399999	-0.32507998	0.25990403
0.21499999	0.11312746	0.19629675
0.21599999	0.49747786	0.14080955
0.21699999	0.77045399	0.10140871
0.21799999	0.85488433	0.10125492
0.21899999	0.73806596	0.14004061
0.21999999	0.44721949	0.19863436
0.22099999	0.02657480	0.26888534
0.22199999	-0.38505784	0.32701772
0.22299999	-0.72831571	0.36395791
0.22399999	-0.86881769	0.37275466
0.22499999	-0.78709400	0.35214689
0.22599999	-0.51485604	0.30265749
0.22699999	-0.08993603	0.23179133
0.22799999	0.32092765	0.16735359
0.22899999	0.65683442	0.11829478
0.22999999	0.83092397	0.10380782
0.23099999	0.81579107	0.12619956
0.23199999	0.61011320	0.17307456
0.23299999	0.24698573	0.23788139
0.23399999	-0.17636564	0.29908955
0.23499999	-0.59891731	0.34756398
0.23599999	-0.83599901	0.36792567
0.23699999	-0.85473055	0.35700664
0.23799999	-0.66676921	0.31908217
0.23899999	-0.29690576	0.25971949
0.23999999	0.11395792	0.19851132
0.24099999	0.50492126	0.14459276
0.24199999	0.76325667	0.11528051
0.24299999	0.84860975	0.11469612
0.24399999	0.73923475	0.14674582
0.24499999	0.45420152	0.20672368
0.24599999	0.04872047	0.27103838
0.24699999	-0.41799951	0.33040109
0.24799999	-0.74000371	0.36540353
0.24899999	-0.87253934	0.37084767
0.24999999	-0.78687871	0.34464198
0.25099999	-0.49329478	0.29072341
0.25199999	-0.10245448	0.22659326
0.25299999	0.32849410	0.16175567
0.25399999	0.65984869	0.11783341
0.25499999	0.84082800	0.10085507
0.25599999	0.82698697	0.12137057
0.25699999	0.62183195	0.17651944
0.25799999	0.26054996	0.24080339
0.25899999	-0.20312500	0.30499509
0.25999999	-0.58301550	0.35153174
0.26099999	-0.82514149	0.37333909
0.26199999	-0.85377705	0.36165109
0.26299999	-0.66369343	0.31803641
0.26399999	-0.32507998	0.25975025
0.26499999	0.11312746	0.19552781
0.26599999	0.49747786	0.14311638
0.26699999	0.77045399	0.11042077
0.26799999	0.85503817	0.11026698
0.26899999	0.73883492	0.14234744
0.26999999	0.44491264	0.19786540
0.27099999	0.01756275	0.26873153
0.27199999	-0.39406988	0.32717150
0.27299999	-0.73062253	0.36472687
0.27399999	-0.86789495	0.37041709
0.27499999	-0.78617126	0.34316561
0.27599999	-0.51719368	0.29367617
0.27699999	-0.09894808	0.22948450
0.27799999	0.31194636	0.16827632
0.27899999	0.65452754	0.11921752
0.27999999	0.83169293	0.10147022
0.28099999	0.81594485	0.11721826
0.28199999	0.61011320	0.16409326
0.28299999	0.24698573	0.23557456
0.28399999	-0.17636564	0.29970473
0.28499999	-0.59891731	0.34694883
0.28599999	-0.83584523	0.37023252
0.28699999	-0.85396159	0.36601871
0.28799999	-0.66926056	0.32821727
0.28899999	-0.30668676	0.26279527
0.28999999	0.10728347	0.19555856
0.29099999	0.51159573	0.13619587
0.29199999	0.77319145	0.10396162
0.29299999	0.85187006	0.10337722
0.29399999	0.73615897	0.13853346
0.29499999	0.44506642	0.20457062
0.29599999	0.03958539	0.27180734
0.29699999	-0.42110604	0.33055487
0.29799999	-0.73674333	0.36540353
0.29899999	-0.86263531	0.37084767
0.29999999	-0.78005046	0.34464198
0.30099999	-0.49920028	0.29072341
0.30199999	-0.11435778	0.22659326
0.30299999	0.31782112	0.16175567
0.30399999	0.64948326	0.11798720
0.30499999	0.83043182	0.10162401
0.30599999	0.81640625	0.11906373
0.30699999	0.61066681	0.16750738
0.30799999	0.25233760	0.23179133
0.30899999	-0.20527805	0.30265749
0.30999999	-0.58224654	0.35230067
0.31099999	-0.82498771	0.37349287
0.31199999	-0.85393083	0.36165109
0.31299999	-0.66446233	0.31803641
0.31399999	-0.32277313	0.25975025
0.31499999	0.12210876	0.19552781
0.31599999	0.50648993	0.14311638
0.31699999	0.77279156	0.11042077
0.31799999	0.85426921	0.11026698
0.31899999	0.73868108	0.14234744
0.31999999	0.44506642	0.19786540
0.32099999	0.01833169	0.26873153
0.32199999	-0.39637673	0.32717150
0.32299999	-0.73963457	0.36472687
0.32399999	-0.87703001	0.37041709
0.32499999	-0.78924704	0.34316561
0.32599999	-0.51427168	0.29367617
0.32699999	-0.09055118	0.22948450
0.32799999	0.32323450	0.16812254
0.32899999	0.66581571	0.11844857
0.32999999	0.83987451	0.10380782
0.33099999	0.81809795	0.12619956
0.33199999	0.60934424	0.17307456
0.33299999	0.24683194	0.23788139
0.33399999	-0.17636564	0.29908955
0.33499999	-0.59891731	0.34756398
0.33599999	-0.83584523	0.36792567
0.33699999	-0.85396159	0.35700664
0.33799999	-0.66926056	0.31923598
0.33899999	-0.30668676	0.26048842
0.33999999	0.10728347	0.19617371
0.34099999	0.51159573	0.13558070
0.34199999	0.77319145	0.10645300
0.34299999	0.85187006	0.11312746
0.34399999	0.73615897	0.14520793
0.34499999	0.44506642	0.19789617
0.34599999	0.03973917	0.26202634
0.34699999	-0.42033711	0.32806349
0.34799999	-0.73908097	0.36617249
0.34899999	-0.87161660	0.37100148
0.34999999	-0.78903174	0.34464198
0.35099999	-0.50150716	0.29072341
0.35199999	-0.11358882	0.22659326
0.35299999	0.31797490	0.16175567
0.35399999	0.64948326	0.11798720
0.35499999	0.83043182	0.10162401
0.35599999	0.81656003	0.11906373
0.35699999	0.61143577	0.16750738
0.35799999	0.25000000	0.23163755
0.35899999	-0.21429011	0.30191928
0.35999999	-0.59125859	0.35448450
0.36099999	-0.82729453	0.38173598
0.36199999	-0.85300809	0.37296999
0.36299999	-0.66353959	0.32935530
0.36399999	-0.32507998	0.26799336
0.36499999	0.11312746	0.19771162
0.36599999	0.49747786	0.14234744
0.36699999	0.77045399	0.11026698
0.36799999	0.85488433	0.11026698
0.36899999	0.73806596	0.14234744
0.36999999	0.44721949	0.19786540
0.37099999	0.02657480	0.26873153
0.37199999	-0.38505784	0.32717150
0.37299999	-0.72831571	0.36472687
0.37399999	-0.86866385	0.37041709
0.37499999	-0.78632504	0.34316561
0.37599999	-0.51719368	0.29367617
0.37699999	-0.09894808	0.22948450
0.37799999	0.31194636	0.16827632
0.37899999	0.65452754	0.11921752
0.37999999	0.83169293	0.10147022
0.38099999	0.81594485	0.11721826
0.38199999	0.61011320	0.16393946
0.38299999	0.24698573	0.23480561
0.38399999	-0.17636564	0.30216536
0.38499999	-0.59891731	0.35669905
0.38599999	-0.83584523	0.37690699
0.38699999	-0.85396159	0.35931349
0.38799999	-0.66910678	0.31846702
0.38899999	-0.30591780	0.26033464
0.38999999	0.10479207	0.19617371
0.39099999	0.50184548	0.13558070
0.39199999	0.76651698	0.10629921
0.39299999	0.85851377	0.11235851
0.39399999	0.74590921	0.14766856
0.39499999	0.44752705	0.20764640
0.39599999	0.03897022	0.26870078
0.39699999	-0.42049089	0.32138902
0.39799999	-0.73923475	0.35623771
0.39899999	-0.87238556	0.36777189
0.39999999	-0.78687871	0.34771776
0.40099999	-0.49329478	0.29985851
0.40199999	-0.10245448	0.23557456
0.40299999	0.32849410	0.16409326
0.40399999	0.66000247	0.11721826
0.40499999	0.84159696	0.10147022
0.40599999	0.82464933	0.11921752
0.40699999	0.61281985	0.16827632
0.40799999	0.25156865	0.22948450
0.40899999	-0.20543183	0.29367617
0.40999999	-0.58224654	0.34331939
0.41099999	-0.82498771	0.37118602
0.41199999	-0.85393083	0.36238927
0.41299999	-0.66446233	0.31819022
0.41399999	-0.32277313	0.25975025
0.41499999	0.12210876	0.19552781
0.41599999	0.50648993	0.14311638
0.41699999	0.77279156	0.11042077
0.41799999	0.85411543	0.11026698
0.41899999	0.73791218	0.14234744
0.41999999	0.44721949	0.19786540
0.42099999	0.02657480	0.26873153
0.42199999	-0.38505784	0.32717150
0.42299999	-0.72831571	0.36472687
0.42399999	-0.86881769	0.37041709
0.42499999	-0.78709400	0.34316561
0.42599999	-0.51485604	0.29367617
0.42699999	-0.08993603	0.22948450
0.42799999	0.32092765	0.16812254
0.42899999	0.65683442	0.11844857
0.42999999	0.83092397	0.10380782
0.43099999	0.81579107	0.12619956
0.43199999	0.60995942	0.17307456
0.43299999	0.24621677	0.23788139
0.43399999	-0.17387426	0.29893577
0.43499999	-0.58913630	0.34679502
0.43599999	-0.82932454	0.37023252
0.43699999	-0.86140501	0.36601871
0.43799999	-0.67655021	0.32821727
0.43899999	-0.29939714	0.26279527
0.43999999	0.11472687	0.19540477
0.44099999	0.50507504	0.13542692
0.44199999	0.76325667	0.10629921
0.44299999	0.84860975	0.11235851
0.44399999	0.73923475	0.14751476
0.44499999	0.45420152	0.20687746
0.44599999	0.04872047	0.27103838
0.44699999	-0.41799951	0.33040109
0.44799999	-0.74000371	0.36540353
0.44899999	-0.87253934	0.37084767
0.44999999	-0.78672493	0.34448817
0.45099999	-0.49252585	0.28995448
0.45199999	-0.10460753	0.22890010
0.45299999	0.32028174	0.17076771
0.45399999	0.64856052	0.12696850
0.45499999	0.82950908	0.10396162
0.45599999	0.81874382	0.11829478
0.45699999	0.61964810	0.16735359
0.45799999	0.26131889	0.23179133
0.45899999	-0.20297121	0.30265749
0.45999999	-0.58301550	0.35230067
0.46099999	-0.82514149	0.37349287
0.46199999	-0.85393083	0.36180487
0.46299999	-0.66446233	0.31880537
0.46399999	-0.32277313	0.25744340
0.46499999	0.12210876	0.18654650
0.46599999	0.50648993	0.13413508
0.46699999	0.77279156	0.10811393
0.46799999	0.85411543	0.11103593
0.46899999	0.73791218	0.14250124
0.46999999	0.44721949	0.19786540
0.47099999	0.02657480	0.26873153
0.47199999	-0.38505784	0.32717150
0.47299999	-0.72831571	0.36472687
0.47399999	-0.86866385	0.37041709
0.47499999	-0.78632504	0.34316561
0.47599999	-0.51734746	0.29367617
0.47699999	-0.09968627	0.22948450
0.47799999	0.31425321	0.16812254
0.47899999	0.66347808	0.11844857
0.47999999	0.84064347	0.10380782
0.48099999	0.81825173	0.12619956
0.48199999	0.60934424	0.17307456
0.48299999	0.24683194	0.23788139
0.48399999	-0.17636564	0.29893577
0.48499999	-0.59891731	0.34679502
0.48599999	-0.83584523	0.37023252
0.48699999	-0.85396159	0.36601871
0.48799999	-0.66926056	0.32821727
0.48899999	-0.30668676	0.26279527
0.48999999	0.10728347	0.19555856
0.49099999	0.51159573	0.13619587
0.49199999	0.77319145	0.10414616
0.49299999	0.85187006	0.10414616
0.49399999	0.73615897	0.13619587
0.49499999	0.44506642	0.19555856
0.49599999	0.03958539	0.26279527
0.49699999	-0.42110604	0.32821727
0.49799999	-0.73674333	0.36617249
0.49899999	-0.86263531	0.37100148
0.49999999	-0.78005046	0.34464198
0.50099999	-0.49920028	0.29072341
0.50199999	-0.11451156	0.22643946
0.50299999	0.31705216	0.16101746
0.50399999	0.65179008	0.12029404
0.50499999	0.83944392	0.11060531
0.50599999	0.82541829	0.12801427
0.50699999	0.61297369	0.16981423
0.50799999	0.25156865	0.23102239
0.50899999	-0.20543183	0.30250368
0.50999999	-0.58224654	0.35214689
0.51099999	-0.82498771	0.37275466
0.51199999	-0.85377705	0.36411172
0.51299999	-0.66369343	0.32778665
0.51399999	-0.32507998	0.26642472
0.51499999	0.11312746	0.18888411
0.51599999	0.49747786	0.13336614
0.51699999	0.77045399	0.10796013
0.51799999	0.85503817	0.11103593
0.51899999	0.73883492	0.14250124
0.51999999	0.44506642	0.19786540
0.52099999	0.01833169	0.26873153
0.52199999	-0.39622292	0.32717150
0.52299999	-0.73886567	0.36472687
0.52399999	-0.87936759	0.37057087
0.52499999	-0.79825908	0.34393454
0.52599999	-0.52309918	0.29136935
0.52699999	-0.09208907	0.22047244
0.52799999	0.32169661	0.15929502
0.52899999	0.65698820	0.11687992
0.52999999	0.83092397	0.10223917
0.53099999	0.81579107	0.11737204
0.53199999	0.61011320	0.16409326
0.53299999	0.24698573	0.23557456
0.53399999	-0.17621186	0.29970473
0.53499999	-0.59814835	0.34694883
0.53599999	-0.83815205	0.37023252
0.53699999	-0.86297369	0.36601871
0.53799999	-0.67808807	0.32821727
0.53899998	-0.30822465	0.26279527
0.53999998	0.10571481	0.19540477
0.54099998	0.50276822	0.13542692
0.54199998	0.76402557	0.10645300
0.54299998	0.84876353	0.11312746
0.54399998	0.73923475	0.14520793
0.54499998	0.45420152	0.19789617
0.54599998	0.04872047	0.26202634
0.54699998	-0.41799951	0.32806349
0.54799998	-0.73984993	0.36617249
0.54899998	-0.87177044	0.37100148
0.54999998	-0.78903174	0.34464198
0.55099998	-0.50150716	0.29072341
0.55199998	-0.11374262	0.22659326
0.55299998	0.31720597	0.16175567
0.55399998	0.65179008	0.11798720
0.55499998	0.83944392	0.10162401
0.55599998	0.82541829	0.11906373
0.55699998	0.61297369	0.16750738
0.55799998	0.25156865	0.23179133
0.55899998	-0.20543183	0.30265749
0.55999998	-0.58224654	0.35230067
0.56099998	-0.82498771	0.37349287
0.56199998	-0.85377705	0.36165109
0.56299998	-0.66369343	0.31803641
0.56399998	-0.32507998	0.25975025
0.56499998	0.11312746	0.19552781
0.56599998	0.49747786	0.14311638
0.56699998	0.77045399	0.11042077
0.56799998	0.85503817	0.11026698
0.56899998	0.73883492	0.14234744
0.56999998	0.44506642	0.19786540
0.57099998	0.01833169	0.26873153
0.57199998	-0.39637673	0.32717150
0.57299998	-0.73963457	0.36472687
0.57399998	-0.87687624	0.37041709
0.57499998	-0.78847808	0.34316561
0.57599998	-0.51657850	0.29367617
0.57699998	-0.09953248	0.22948450
0.57799998	0.31425321	0.16827632
0.57899998	0.66347808	0.11921752
0.57999998	0.84079725	0.10147022
0.58099998	0.81902069	0.11721826
0.58199998	0.60688359	0.16409326
0.58299998	0.23708169	0.23557456
0.58399998	-0.18304011	0.29970473
0.58499998	-0.59221208	0.34694883
0.58599998	-0.82609499	0.37023252
0.58699998	-0.85150099	0.36601871
0.58799998	-0.66987574	0.32821727
0.58899998	-0.30607161	0.26279527
0.58999998	0.10497662	0.19540477
0.59099998	0.50261444	0.13542692
0.59199998	0.76417935	0.10645300
0.59299998	0.84953249	0.11312746
0.59399998	0.73692793	0.14520793
0.59499998	0.44522023	0.19789617
0.59599998	0.03973917	0.26202634
0.59699998	-0.42033711	0.32806349
0.59799998	-0.73908097	0.36617249
0.59899998	-0.87161660	0.37100148
0.59999998	-0.78903174	0.34464198
0.60099998	-0.50150716	0.29072341
0.60199998	-0.11374262	0.22659326
0.60299998	0.31720597	0.16175567
0.60399998	0.65179008	0.11783341
0.60499998	0.83944392	0.10085507
0.60599998	0.82541829	0.12152436
0.60699998	0.61297369	0.17728838
0.60799998	0.25156865	0.23846580
0.60899998	-0.20543183	0.29598302
0.60999998	-0.58224654	0.34255046
0.61099998	-0.82498771	0.37103224
0.61199998	-0.85393083	0.36238927
0.61299998	-0.66446233	0.31819022
0.61399998	-0.32277313	0.25975025
0.61499998	0.12210876	0.19552781
0.61599998	0.50648993	0.14311638
0.61699998	0.77279156	0.11042077
0.61799998	0.85411543	0.11026698
0.61899998	0.73791218	0.14234744
0.61999998	0.44737327	0.19786540
0.62099998	0.02734375	0.26873153
0.62199998	-0.38739541	0.32717150
0.62299998	-0.73729700	0.36472687
0.62399998	-0.87779897	0.37041709
0.62499998	-0.78940082	0.34316561
0.62599998	-0.51427168	0.29367617
0.62699998	-0.09055118	0.22948450
0.62799998	0.32323450	0.16827632
0.62899998	0.66581571	0.11921752
0.62999998	0.83987451	0.10147022
0.63099998	0.81809795	0.11721826
0.63199998	0.60934424	0.16409326
0.63299998	0.24683194	0.23557456
0.63399998	-0.17636564	0.29970473
0.63499998	-0.59891731	0.34694883
0.63599998	-0.83584523	0.37023252
0.63699998	-0.85396159	0.36601871
0.63799998	-0.66910678	0.32806349
0.63899998	-0.30591780	0.26202634
0.63999998	0.10497662	0.19774237
0.64099998	0.50261444	0.14443898
0.64199998	0.76402557	0.11543430
0.64299998	0.84876353	0.11543430
0.64399998	0.73923475	0.14443898
0.64499998	0.45420152	0.19774237
0.64599998	0.04872047	0.26202634
0.64699998	-0.41799951	0.32806349
0.64799998	-0.74000371	0.36617249
0.64899998	-0.87253934	0.37100148
0.64999998	-0.78672493	0.34448817
0.65099998	-0.49252585	0.28995448
0.65199998	-0.10476132	0.22890010
0.65299998	0.31951278	0.17076771
0.65399998	0.65105194	0.12696850
0.65499998	0.83929008	0.10396162
0.65599998	0.82541829	0.11829478
0.65699998	0.61297369	0.16735359
0.65799998	0.25156865	0.23179133
0.65899998	-0.20543183	0.30265749
0.65999998	-0.58224654	0.35230067
0.66099998	-0.82498771	0.37349287
0.66199998	-0.85393083	0.36165109
0.66299998	-0.66446233	0.31803641
0.66399998	-0.32277313	0.25975025
0.66499998	0.12210876	0.19552781
0.66599998	0.50648993	0.14311638
0.66699998	0.77279156	0.11042077
0.66799998	0.85426921	0.11026698
0.66899998	0.73868108	0.14234744
0.66999998	0.44491264	0.19786540
0.67099998	0.01756275	0.26873153
0.67199998	-0.39422366	0.32717150
0.67299998	-0.73139149	0.36472687
0.67399998	-0.86558807	0.37041709
0.67499998	-0.77718997	0.34316561
0.67599998	-0.50821233	0.29367617
0.67699998	-0.09661048	0.22948450
0.67799998	0.31117740	0.16827632
0.67899998	0.65437376	0.11921752
0.67999998	0.83169293	0.10147022
0.68099998	0.81594485	0.11721826
0.68199998	0.60995942	0.16409326
0.68299998	0.24621677	0.23557456
0.68399998	-0.17402805	0.29970473
0.68499998	-0.58990526	0.34694883
0.68599998	-0.82686394	0.37023252
0.68699998	-0.85165477	0.36601871
0.68799998	-0.66987574	0.32821727
0.68899998	-0.30607161	0.26279527
0.68999998	0.10497662	0.19540477
0.69099998	0.50261444	0.13542692
0.69199998	0.76417935	0.10645300
0.69299998	0.84953249	0.11312746
0.69399998	0.73692793	0.14520793
0.69499998	0.44522023	0.19789617
0.69599998	0.03973917	0.26202634
0.69699998	-0.42033711	0.32806349
0.69799998	-0.73908097	0.36617249
0.69899998	-0.87161660	0.37100148
0.69999998	-0.78903174	0.34464198
0.70099998	-0.50150716	0.29072341
0.70199998	-0.11358882	0.22659326
0.70299998	0.31797490	0.16175567
0.70399998	0.64948326	0.11783341
0.70499998	0.83043182	0.10085507
0.70599998	0.81640625	0.12137057
0.70699998	0.61066681	0.17651944
0.70799998	0.25233760	0.24080339
0.70899998	-0.20527805	0.30499509
0.70999998	-0.58224654	0.35153174
0.71099998	-0.82498771	0.37333909
0.71199998	-0.85393083	0.36165109
0.71299998	-0.66446233	0.31803641
0.71399998	-0.32277313	0.25975025
0.71499998	0.12210876	0.19552781
0.71599998	0.50648993	0.14311638
0.71699998	0.77279156	0.11042077
0.71799998	0.85426921	0.11026698
0.71899998	0.73868108	0.14234744
0.71999998	0.44491264	0.19786540
0.72099998	0.01756275	0.26873153
0.72199998	-0.39406988	0.32717150
0.72299998	-0.73062253	0.36472687
0.72399998	-0.86789495	0.37041709
0.72499998	-0.78617126	0.34316561
0.72599998	-0.51734746	0.29352239
0.72699998	-0.09968627	0.22871555
0.72799998	0.31425321	0.17058317
0.72899998	0.66347808	0.12816806
0.72999998	0.84064347	0.11045153
0.73099998	0.81825173	0.11952510
0.73199998	0.60934424	0.16332431
0.73299998	0.24683194	0.23542076
0.73399998	-0.17621186	0.29985851
0.73499998	-0.59814835	0.34771776
0.73599998	-0.83833659	0.36792567
0.73699998	-0.86374259	0.35700664
0.73799998	-0.67578125	0.31923598
0.73899998	-0.29921260	0.26048842
0.73999998	0.11472687	0.19632751
0.74099998	0.50507504	0.13634965
0.74199998	0.76325667	0.10396162
0.74299998	0.84860975	0.10337722
0.74399998	0.73923475	0.13853346
0.74499998	0.45420152	0.20457062
0.74599998	0.04872047	0.27180734
0.74699998	-0.41799951	0.33055487
0.74799998	-0.74000371	0.36540353
0.74899998	-0.87253934	0.37084767
0.74999998	-0.78672493	0.34464198
0.75099998	-0.49252585	0.29072341
0.75199998	-0.10460753	0.22643946
0.75299998	0.32028174	0.16101746
0.75399998	0.64856052	0.12029404
0.75499998	0.82950908	0.11060531
0.75599998	0.81874382	0.12801427
0.75699998	0.61964810	0.16981423
0.75799998	0.26131889	0.23102239
0.75899998	-0.20297121	0.30250368
0.75999998	-0.58316928	0.35230067
0.76099998	-0.82591045	0.37349287
0.76199998	-0.85147023	0.36165109
0.76299998	-0.65474284	0.31803641
0.76399998	-0.31612942	0.25975025
0.76499998	0.11543430	0.19552781
0.76599998	0.49670890	0.14311638
0.76699998	0.77030021	0.11042077
0.76799998	0.85503817	0.11026698
0.76899998	0.73883492	0.14234744
0.76999998	0.44506642	0.19786540
0.77099998	0.01833169	0.26873153
0.77199998	-0.39637673	0.32717150
0.77299998	-0.73963457	0.36472687
0.77399998	-0.87687624	0.37057087
0.77499998	-0.78847808	0.34393454
0.77599998	-0.51642472	0.29136935
0.77699998	-0.09879429	0.22047244
0.77799998	0.31194636	0.15929502
0.77899998	0.65452754	0.11687992
0.77999998	0.83169293	0.10223917
0.78099998	0.81594485	0.11737204
0.78199998	0.60995942	0.16409326
0.78299998	0.24621677	0.23557456
0.78399998	-0.17402805	0.29970473
0.78499998	-0.58990526	0.34694883
0.78599998	-0.82686394	0.37023252
0.78699998	-0.85165477	0.36601871
0.78799998	-0.67002952	0.32821727
0.78899998	-0.30684054	0.26279527
0.78999998	0.10728347	0.19540477
0.79099998	0.51159573	0.13542692
0.79199998	0.77319145	0.10629921
0.79299998	0.85187006	0.11235851
0.79399998	0.73600519	0.14751476
0.79499998	0.44429749	0.20687746
0.79599998	0.04204601	0.27103838
0.79699998	-0.41135579	0.33040109
0.79799998	-0.73009968	0.36540353
0.79899998	-0.86930978	0.37084767
0.79999998	-0.78995448	0.34464198
0.80099998	-0.50242984	0.29072341
0.80199998	-0.11143578	0.22659326
0.80299998	0.32615650	0.16175567
0.80399998	0.66077143	0.11798720
0.80499998	0.84175074	0.10162401
0.80599998	0.82464933	0.11921752
0.80699998	0.61281985	0.16827632
0.80799998	0.25156865	0.22948450
0.80899998	-0.20543183	0.29367617
0.80999998	-0.58224654	0.34331939
0.81099998	-0.82498771	0.37118602
0.81199998	-0.85393083	0.36254305
0.81299998	-0.66446233	0.31895915
0.81399998	-0.32277313	0.25744340
0.81499998	0.12210876	0.18654650
0.81599998	0.50648993	0.13413508
0.81699998	0.77279156	0.10811393
0.81799998	0.85426921	0.11103593
0.81899998	0.73868108	0.14250124
0.81999998	0.44506642	0.19771162
0.82099998	0.01833169	0.26799336
0.82199998	-0.39637673	0.32950911
0.82299998	-0.73963457	0.37370816
0.82399998	-0.87703001	0.37942913
0.82499998	-0.78924704	0.34547243
0.82599998	-0.51427168	0.29290724
0.82699998	-0.09055118	0.22933070
0.82799998	0.32323450	0.16812254
0.82899998	0.66581571	0.11844857
0.82999998	0.83987451	0.10380782
0.83099998	0.81809795	0.12619956
0.83199998	0.60934424	0.17307456
0.83299998	0.24683194	0.23788139
0.83399998	-0.17636564	0.29893577
0.83499998	-0.59891731	0.34679502
0.83599998	-0.83599901	0.37023252
0.83699998	-0.85473055	0.36601871
0.83799998	-0.66676921	0.32821727
0.83899998	-0.29690576	0.26279527
0.83999998	0.11395792	0.19540477
0.84099998	0.50492126	0.13542692
0.84199998	0.76341045	0.10645300
0.84299998	0.84937871	0.11312746
0.84399998	0.73692793	0.14520793
0.84499998	0.44522023	0.19789617
0.84599998	0.03973917	0.26202634
0.84699998	-0.42033711	0.32806349
0.84799998	-0.73923475	0.36617249
0.84899998	-0.87238556	0.37100148
0.84999998	-0.78672493	0.34464198
0.85099998	-0.49252585	0.29072341
0.85199998	-0.10476132	0.22659326
0.85299998	0.31951278	0.16175567
0.85399998	0.65089810	0.11798720
0.85499998	0.83852118	0.10162401
0.85599998	0.82772517	0.11906373
0.85699998	0.62198573	0.16750738
0.85799998	0.26054996	0.23179133
0.85899998	-0.20312500	0.30265749
0.85999998	-0.58316928	0.35230067
0.86099998	-0.82591045	0.37349287
0.86199998	-0.85147023	0.36165109
0.86299998	-0.65474284	0.31803641
0.86399998	-0.31612942	0.25975025
0.86499998	0.11543430	0.19552781
0.86599998	0.49670890	0.14311638
0.86699998	0.77030021	0.11042077
0.86799998	0.85503817	0.11026698
0.86899998	0.73883492	0.14234744
0.86999998	0.44506642	0.19786540
0.87099998	0.01833169	0.26873153
0.87199998	-0.39653051	0.32717150
0.87299998	-0.74037278	0.36472687
0.87399998	-0.87472320	0.37041709
0.87499998	-0.78029650	0.34316561
0.87599998	-0.50529033	0.29367617
0.87699998	-0.08824434	0.22948450
0.87799998	0.32246554	0.16812254
0.87899998	0.66566193	0.11844857
0.87999998	0.83987451	0.10380782
0.88099998	0.81809795	0.12619956
0.88199998	0.60934424	0.17307456
0.88299998	0.24683194	0.23788139
0.88399998	-0.17636564	0.29908955
0.88499998	-0.59891731	0.34756398
0.88599998	-0.83599901	0.36792567
0.88699998	-0.85473055	0.35700664
0.88799998	-0.66676921	0.31908217
0.88899998	-0.29690576	0.25971949
0.88999998	0.11395792	0.19851132
0.89099998	0.50492126	0.14459276
0.89199997	0.76341045	0.11543430
0.89299997	0.84937871	0.11543430
0.89399997	0.73692793	0.14443898
0.89499997	0.44522023	0.19774237
0.89599997	0.03958539	0.26202634
0.89699997	-0.42110604	0.32806349
0.89799997	-0.73674333	0.36617249
0.89899997	-0.86263531	0.37100148
0.89999997	-0.78005046	0.34464198
0.90099997	-0.49920028	0.29072341
0.90199997	-0.11451156	0.22659326
0.90299997	0.31705216	0.16175567
0.90399997	0.65179008	0.11798720
0.90499997	0.83944392	0.10162401
0.90599997	0.82541829	0.11921752
0.90699997	0.61297369	0.16827632
0.90799997	0.25172243	0.22948450
0.90899997	-0.20466289	0.29367617
0.90999997	-0.58458418	0.34331939
0.91099997	-0.83396900	0.37118602
0.91199997	-0.86294293	0.36254305
0.91299997	-0.66679996	0.31895915
0.91399997	-0.32200417	0.25744340
0.91499997	0.12226255	0.18654650
0.91599997	0.50648993	0.13413508
0.91699997	0.77279156	0.10811393
0.91799997	0.85426921	0.11103593
0.91899997	0.73868108	0.14250124
0.91999997	0.44506642	0.19771162
0.92099997	0.01833169	0.26799336
0.92199997	-0.39637673	0.32950911
0.92299997	-0.73963457	0.37370816
0.92399997	-0.87703001	0.37942913
0.92499997	-0.78924704	0.34547243
0.92599997	-0.51411784	0.29290724
0.92699997	-0.08978223	0.22933070
0.92799997	0.32092765	0.16812254
0.92899997	0.65683442	0.11844857
0.92999997	0.83092397	0.10380782
0.93099997	0.81579107	0.12619956
0.93199997	0.61011320	0.17292076
0.93299997	0.24698573	0.23711245
0.93399997	-0.17621186	0.30139640
0.93499997	-0.59814835	0.35654527
0.93599997	-0.83833659	0.37690699
0.93699997	-0.86374259	0.35931349
0.93799997	-0.67593503	0.31846702
0.93899997	-0.29998153	0.26033464
0.93999997	0.11703371	0.19617371
0.94099997	0.51408708	0.13558070
0.94199997	0.77242249	0.10645300
0.94299997	0.85171628	0.11312746
0.94399997	0.73615897	0.14520793
0.94499997	0.44506642	0.19789617
0.94599997	0.03973917	0.26202634
0.94699997	-0.42033711	0.32806349
0.94799997	-0.73908097	0.36617249
0.94899997	-0.87161660	0.37100148
0.94999997	-0.78903174	0.34464198
0.95099997	-0.50150716	0.29072341
0.95199997	-0.11358882	0.22643946
0.95299997	0.31797490	0.16101746
0.95399997	0.64932948	0.12029404
0.95499997	0.82966292	0.11060531
0.95599997	0.81874382	0.12801427
0.95699997	0.61964810	0.16981423
0.95799997	0.26131889	0.23102239
0.95899997	-0.20297121	0.30250368
0.95999997	-0.58301550	0.35214689
0.96099997	-0.82514149	0.37275466
0.96199997	-0.85377705	0.36411172
0.96299997	-0.66369343	0.32778665
0.96399997	-0.32507998	0.26642472
0.96499997	0.11312746	0.18888411
0.96599997	0.49747786	0.13336614
0.96699997	0.77045399	0.10796013
0.96799997	0.85503817	0.11103593
0.96899997	0.73883492	0.14250124
0.96999997	0.44491264	0.19786540
0.97099997	0.01756275	0.26873153
0.97199997	-0.39406988	0.32717150
0.97299997	-0.73062253	0.36472687
0.97399997	-0.86789495	0.37041709
0.97499997	-0.78617126	0.34316561
0.97599997	-0.51719368	0.29367617
0.97699997	-0.09894808	0.22948450
0.97799997	0.31194636	0.16827632
0.97899997	0.65452754	0.11921752
0.97999997	0.83184671	0.10147022
0.98099997	0.81671381	0.11721826
0.98199997	0.60780632	0.16409326
0.98299997	0.23800443	0.23557456
0.98399997	-0.18534695	0.29985851
0.98499997	-0.60122418	0.34771776
0.98599997	-0.83507627	0.36792567
0.98699997	-0.85380781	0.35700664
0.98799997	-0.66910678	0.31923598
0.98899997	-0.30591780	0.26048842
0.98999997	0.10497662	0.19632751
0.99099997	0.50261444	0.13634965
0.99199997	0.76417935	0.10414616
0.99299997	0.84953249	0.10414616
0.99399997	0.73692793	0.13619587
0.99499997	0.44522023	0.19555856
0.99599997	0.03973917	0.26279527
0.99699997	-0.42033711	0.32821727
0.99799997	-0.73923475	0.36617249
0.99899997	-0.87238556	0.37100148
0.99999997	-0.78687871	0.34464198
1.00099997	-0.49329478	0.29072341
1.00199997	-0.10230069	0.22659326
1.00299997	0.32926303	0.16175567
1.00399997	0.65769559	0.11783341
1.00499997	0.83258492	0.10085507
1.00599997	0.81582183	0.12137057
1.00699997	0.61128199	0.17651944
1.00799997	0.25000000	0.24080339
1.00899997	-0.21429011	0.30499509
1.00999997	-0.59125859	0.35153174
1.01099997	-0.82729453	0.37333909
1.01199997	-0.85316193	0.36165109
1.01299997	-0.66430855	0.31803641
1.01399997	-0.32277313	0.25975025
1.01499997	0.12210876	0.19552781
1.01599997	0.50648993	0.14311638
1.01699997	0.77279156	0.11042077
1.01799997	0.85426921	0.11026698
1.01899997	0.73868108	0.14234744
1.01999997	0.44491264	0.19786540
1.02099997	0.01756275	0.26873153
1.02199997	-0.39406988	0.32717150
1.02299997	-0.73062253	0.36472687
1.02399997	-0.86804873	0.37041709
1.02499997	-0.78694022	0.34316561
1.02599997	-0.51500982	0.29352239
1.02699997	-0.09070497	0.22871555
1.02799997	0.32323450	0.17042938
1.02899997	0.66581571	0.12742987
1.02999997	0.83987451	0.11275837
1.03099997	0.81809795	0.12853715
1.03199997	0.60934424	0.17230561
1.03299997	0.24683194	0.23772761
1.03399997	-0.17636564	0.29893577
1.03499997	-0.59891731	0.34679502
1.03599997	-0.83584523	0.37023252
1.03699997	-0.85396159	0.36601871
1.03799997	-0.66910678	0.32806349
1.03899997	-0.30591780	0.26202634
1.03999997	0.10497662	0.19774237
1.04099997	0.50261444	0.14443898
1.04199997	0.76417935	0.11528051
1.04299997	0.84953249	0.11469612
1.04399997	0.73692793	0.14674582
1.04499997	0.44522023	0.20672368
1.04599997	0.03973917	0.27103838
1.04699997	-0.42033711	0.33040109
1.04799997	-0.73923475	0.36540353
1.04899997	-0.87238556	0.37084767
1.04999997	-0.78672493	0.34464198
1.05099997	-0.49252585	0.29072341
1.05199997	-0.10460753	0.22659326
1.05299997	0.32028174	0.16175567
1.05399997	0.64871430	0.11798720
1.05499997	0.83027804	0.10162401
1.05599997	0.81640625	0.11906373
1.05699997	0.61066681	0.16750738
1.05799997	0.25233760	0.23179133
1.05899997	-0.20527805	0.30265749
1.05999997	-0.58224654	0.35230067
1.06099997	-0.82498771	0.37349287
1.06199997	-0.85393083	0.36165109
1.06299997	-0.66446233	0.31803641
1.06399997	-0.32277313	0.25975025
1.06499997	0.12210876	0.19552781
1.06599997	0.50648993	0.14311638
1.06699997	0.77279156	0.11042077
1.06799997	0.85426921	0.11026698
1.06899997	0.73868108	0.14234744
1.06999997	0.44491264	0.19786540
1.07099997	0.01756275	0.26873153
1.07199997	-0.39422366	0.32717150
1.07299997	-0.73139149	0.36472687
1.07399997	-0.86558807	0.37041709
1.07499997	-0.77718997	0.34316561
1.07599997	-0.50821233	0.29367617
1.07699997	-0.09661048	0.22948450
1.07799997	0.31117740	0.16812254
1.07899997	0.65437376	0.11844857
1.07999997	0.83169293	0.10380782
1.08099997	0.81594485	0.12619956
1.08199997	0.60995942	0.17307456
1.08299997	0.24621677	0.23788139
1.08399997	-0.17402805	0.29908955
1.08499997	-0.58990526	0.34756398
1.08599997	-0.82701772	0.36792567
1.08699997	-0.85242373	0.35700664
1.08799997	-0.66769195	0.31908217
1.08899997	-0.29782850	0.25971949
1.08999997	0.11626476	0.19851132
1.09099997	0.51393330	0.14459276
1.09199997	0.77242249	0.11543430
1.09299997	0.85171628	0.11543430
1.09399997	0.73615897	0.14443898
1.09499997	0.44506642	0.19774237
1.09599997	0.03973917	0.26202634
1.09699997	-0.42033711	0.32806349
1.09799997	-0.73923475	0.36617249
1.09899997	-0.87238556	0.37100148
1.09999997	-0.78687871	0.34464198
1.10099997	-0.49329478	0.29072341
1.10199997	-0.10245448	0.22659326
1.10299997	0.32849410	0.16175567
1.10399997	0.66000247	0.11798720
1.10499997	0.84159696	0.10162401
1.10599997	0.82464933	0.11906373
1.10699997	0.61281985	0.16750738
1.10799997	0.25156865	0.23179133
1.10899997	-0.20543183	0.30265749
1.10999997	-0.58224654	0.35214689
1.11099997	-0.82498771	0.37275466
1.11199997	-0.85393083	0.36395791
1.11299997	-0.66446233	0.32701772
1.11399997	-0.32277313	0.26873153
1.11499997	0.12210876	0.19786540
1.11599997	0.50648993	0.14234744
1.11699997	0.77279156	0.11026698
1.11799997	0.85411543	0.11026698
1.11899997	0.73791218	0.14234744
1.11999997	0.44721949	0.19786540
1.12099997	0.02657480	0.26873153
1.12199997	-0.38505784	0.32717150
1.12299997	-0.72831571	0.36472687
1.12399997	-0.86881769	0.37041709
1.12499997	-0.78709400	0.34316561
1.12599997	-0.51500982	0.29367617
1.12699997	-0.09070497	0.22948450
1.12799997	0.32323450	0.16812254
1.12899997	0.66581571	0.11844857
1.12999997	0.83987451	0.10380782
1.13099997	0.81809795	0.12619956
1.13199997	0.60934424	0.17292076
1.13299997	0.24683194	0.23711245
1.13399997	-0.17621186	0.30139640
1.13499997	-0.59814835	0.35654527
1.13599997	-0.83833659	0.37690699
1.13699997	-0.86374259	0.35931349
1.13799997	-0.67578125	0.31831324
1.13899997	-0.29921260	0.25956571
1.13999997	0.11472687	0.19866511
1.14099997	0.50507504	0.14536171
1.14199997	0.76325667	0.11312746
1.14299997	0.84860975	0.10645300
1.14399997	0.73923475	0.13542692
1.14499997	0.45420152	0.19540477
1.14599997	0.04872047	0.26279527
1.14699997	-0.41799951	0.32821727
1.14799997	-0.73984993	0.36617249
1.14899997	-0.87177044	0.37100148
1.14999997	-0.78903174	0.34464198
1.15099997	-0.50150716	0.29072341
1.15199997	-0.11358882	0.22643946
1.15299997	0.31797490	0.16101746
1.15399997	0.64948326	0.12029404
1.15499997	0.83043182	0.11060531
1.15599997	0.81656003	0.12801427
1.15699997	0.61143577	0.16981423
1.15799997	0.25000000	0.23102239
1.15899997	-0.21429011	0.30250368
1.15999997	-0.59141243	0.35230067
1.16099997	-0.82806349	0.37349287
1.16199997	-0.85085505	0.36165109
1.16299997	-0.65535802	0.31803641
1.16399997	-0.31379184	0.25975025
1.16499997	0.12441560	0.19552781
1.16599997	0.50572097	0.14311638
1.16699997	0.77263778	0.11042077
1.16799997	0.85426921	0.11026698
1.16899997	0.73868108	0.14234744
1.16999997	0.44506642	0.19786540
1.17099997	0.01833169	0.26873153
1.17199997	-0.39637673	0.32717150
1.17299997	-0.73963457	0.36472687
1.17399997	-0.87703001	0.37041709
1.17499997	-0.78924704	0.34316561
1.17599997	-0.51411784	0.29367617
1.17699997	-0.08978223	0.22948450
1.17799997	0.32092765	0.16812254
1.17899997	0.65683442	0.11844857
1.17999997	0.83092397	0.10380782
1.18099997	0.81579107	0.12619956
1.18199997	0.61011320	0.17307456
1.18299997	0.24698573	0.23788139
1.18399997	-0.17636564	0.29908955
1.18499997	-0.59891731	0.34756398
1.18599997	-0.83599901	0.36792567
1.18699997	-0.85473055	0.35700664
1.18799997	-0.66692299	0.31923598
1.18899997	-0.29767472	0.26048842
1.18999997	0.11626476	0.19617371
1.19099997	0.51393330	0.13558070
1.19199997	0.77242249	0.10645300
1.19299997	0.85171628	0.11312746
1.19399997	0.73615897	0.14520793
1.19499997	0.44506642	0.19789617
1.19599997	0.03973917	0.26202634
1.19699997	-0.42033711	0.32806349
1.19799997	-0.73923475	0.36617249
1.19899997	-0.87238556	0.37100148
1.19999997	-0.78687871	0.34464198
1.20099997	-0.49329478	0.29072341
1.20199997	-0.10230069	0.22643946
1.20299997	0.32926303	0.16101746
1.20399997	0.65769559	0.12014025
1.20499997	0.83258492	0.10983637
1.20599997	0.81566805	0.13035187
1.20699997	0.61051303	0.17882627
1.20799997	0.25233760	0.24003445
1.20899997	-0.20527805	0.30484128
1.20999997	-0.58224654	0.35137796
1.21099997	-0.82498771	0.37260088
1.21199997	-0.85393083	0.36395791
1.21299997	-0.66446233	0.32701772
1.21399997	-0.32277313	0.26873153
1.21499997	0.12210876	0.19786540
1.21599997	0.50648993	0.14234744
1.21699997	0.77279156	0.11026698
1.21799997	0.85426921	0.11026698
1.21899997	0.73868108	0.14234744
1.21999997	0.44506642	0.19786540
1.22099997	0.01833169	0.26873153
1.22199997	-0.39637673	0.32717150
1.22299997	-0.73963457	0.36472687
1.22399997	-0.87703001	0.37041709
1.22499997	-0.78924704	0.34316561
1.22599997	-0.51411784	0.29367617
1.22699997	-0.08978223	0.22948450
1.22799997	0.32092765	0.16812254
1.22899997	0.65683442	0.11844857
1.22999997	0.83092397	0.10380782
1.23099997	0.81579107	0.12619956
1.23199997	0.61011320	0.17307456
1.23299997	0.24698573	0.23788139
1.23399997	-0.17636564	0.29893577
1.23499997	-0.59891731	0.34679502
1.23599997	-0.83584523	0.37023252
1.23699997	-0.85396159	0.36601871
1.23799997	-0.66910678	0.32821727
1.23899997	-0.30591780	0.26279527
1.23999997	0.10497662	0.19540477
1.24099997	0.50261444	0.13542692
1.24199997	0.76417935	0.10629921
1.24299997	0.84953249	0.11235851
1.24399997	0.73692793	0.14751476
1.24499997	0.44522023	0.20687746
1.24599996	0.03973917	0.27103838
1.24699996	-0.42033711	0.33040109
1.24799996	-0.73923475	0.36540353
1.24899996	-0.87238556	0.37084767
1.24999996	-0.78672493	0.34464198
1.25099996	-0.49252585	0.29072341
1.25199996	-0.10476132	0.22659326
1.25299996	0.31951278	0.16175567
1.25399996	0.65105194	0.11798720
1.25499996	0.83929008	0.10162401
1.25599996	0.82541829	0.11906373
1.25699996	0.61297369	0.16750738
1.25799996	0.25156865	0.23179133
1.25899996	-0.20543183	0.30265749
1.25999996	-0.58224654	0.35214689
1.26099996	-0.82498771	0.37275466
1.26199996	-0.85377705	0.36395791
1.26299996	-0.66369343	0.32701772
1.26399996	-0.32507998	0.26873153
1.26499996	0.11312746	0.19786540
1.26599996	0.49747786	0.14234744
1.26699996	0.77045399	0.11026698
1.26799996	0.85503817	0.11026698
1.26899996	0.73883492	0.14234744
1.26999996	0.44491264	0.19786540
1.27099996	0.01756275	0.26873153
1.27199996	-0.39422366	0.32717150
1.27299996	-0.73139149	0.36472687
1.27399996	-0.86574185	0.37041709
1.27499996	-0.77795893	0.34316561
1.27599996	-0.50590551	0.29367617
1.27699996	-0.08762918	0.22948450
1.27799996	0.32015872	0.16812254
1.27899996	0.65668058	0.11844857
1.27999996	0.83092397	0.10380782
1.28099996	0.81579107	0.12619956
1.28199996	0.61011320	0.17307456
1.28299996	0.24698573	0.23788139
1.28399996	-0.17636564	0.29908955
1.28499996	-0.59891731	0.34756398
1.28599996	-0.83584523	0.36792567
1.28699996	-0.85396159	0.35700664
1.28799996	-0.66926056	0.31923598
1.28899996	-0.30668676	0.26048842
1.28999996	0.10728347	0.19617371
1.29099996	0.51159573	0.13558070
1.29199996	0.77319145	0.10645300
1.29299996	0.85187006	0.11312746
1.29399996	0.73615897	0.14520793
1.29499996	0.44506642	0.19789617
1.29599996	0.03958539	0.26202634
1.29699996	-0.42110604	0.32806349
1.29799996	-0.73674333	0.36617249
1.29899996	-0.86263531	0.37100148
1.29999996	-0.78005046	0.34464198
1.30099996	-0.49920028	0.29072341
1.30199996	-0.11451156	0.22659326
1.30299996	0.31705216	0.16175567
1.30399996	0.65179008	0.11798720
1.30499996	0.83944392	0.10162401
1.30599996	0.82541829	0.11906373
1.30699996	0.61297369	0.16750738
1.30799996	0.25156865	0.23179133
1.30899996	-0.20543183	0.30265749
1.30999996	-0.58224654	0.35230067
1.31099996	-0.82498771	0.37349287
1.31199996	-0.85393083	0.36165109
1.31299996	-0.66446233	0.31803641
1.31399996	-0.32277313	0.25975025
1.31499996	0.12210876	0.19552781
1.31599996	0.50648993	0.14311638
1.31699996	0.77279156	0.11042077
1.31799996	0.85426921	0.11026698
1.31899996	0.73868108	0.14234744
1.31999996	0.44491264	0.19786540
1.32099996	0.01756275	0.26873153
1.32199996	-0.39406988	0.32701772
1.32299996	-0.73062253	0.36395791
1.32399996	-0.86804873	0.37275466
1.32499996	-0.78694022	0.35214689
1.32599996	-0.51485604	0.30265749
1.32699996	-0.08993603	0.23179133
1.32799996	0.32092765	0.16735359
1.32899996	0.65683442	0.11829478
1.32999996	0.83092397	0.10380782
1.33099996	0.81579107	0.12619956
1.33199996	0.61011320	0.17292076
1.33299996	0.24698573	0.23711245
1.33399996	-0.17636564	0.30139640
1.33499996	-0.59891731	0.35654527
1.33599996	-0.83599901	0.37690699
1.33699996	-0.85473055	0.35931349
1.33799996	-0.66676921	0.31846702
1.33899996	-0.29690576	0.26033464
1.33999996	0.11395792	0.19617371
1.34099996	0.50492126	0.13558070
1.34199996	0.76341045	0.10645300
1.34299996	0.84937871	0.11312746
1.34399996	0.73692793	0.14520793
1.34499996	0.44522023	0.19789617
1.34599996	0.03973917	0.26202634
1.34699996	-0.42033711	0.32806349
1.34799996	-0.73908097	0.36617249
1.34899996	-0.87161660	0.37100148
1.34999996	-0.78918552	0.34464198
1.35099996	-0.50227606	0.29072341
1.35199996	-0.11143578	0.22659326
1.35299996	0.32615650	0.16175567
1.35399996	0.66061759	0.11798720
1.35499996	0.84098178	0.10162401
1.35599996	0.82698697	0.11906373
1.35699996	0.62183195	0.16750738
1.35799996	0.26054996	0.23179133
1.35899996	-0.20312500	0.30265749
1.35999996	-0.58301550	0.35230067
1.36099996	-0.82514149	0.37349287
1.36199996	-0.85377705	0.36165109
1.36299996	-0.66369343	0.31803641
1.36399996	-0.32507998	0.25975025
1.36499996	0.11312746	0.19552781
1.36599996	0.49747786	0.14311638
1.36699996	0.77045399	0.11042077
1.36799996	0.85503817	0.11026698
1.36899996	0.73883492	0.14234744
1.36999996	0.44506642	0.19786540
1.37099996	0.01833169	0.26873153
1.37199996	-0.39653051	0.32717150
1.37299996	-0.74037278	0.36472687
1.37399996	-0.87456942	0.37041709
1.37499996	-0.77952754	0.34316561
1.37599996	-0.50744343	0.29352239
1.37699996	-0.09645669	0.22871555
1.37799996	0.31117740	0.17042938
1.37899996	0.65437376	0.12742987
1.37999996	0.83169293	0.11275837
1.38099996	0.81594485	0.12853715
1.38199996	0.61011320	0.17215182
1.38299996	0.24698573	0.23695867
1.38399996	-0.17636564	0.30139640
1.38499996	-0.59891731	0.35654527
1.38599996	-0.83584523	0.37690699
1.38699996	-0.85396159	0.35931349
1.38799996	-0.66926056	0.31846702
1.38899996	-0.30668676	0.26033464
1.38999996	0.10728347	0.19617371
1.39099996	0.51159573	0.13558070
1.39199996	0.77319145	0.10629921
1.39299996	0.85187006	0.11235851
1.39399996	0.73615897	0.14751476
1.39499996	0.44506642	0.20687746
1.39599996	0.03973917	0.27103838
1.39699996	-0.42033711	0.33040109
1.39799996	-0.73908097	0.36540353
1.39899996	-0.87161660	0.37084767
1.39999996	-0.78918552	0.34464198
1.40099996	-0.50227606	0.29072341
1.40199996	-0.11143578	0.22659326
1.40299996	0.32615650	0.16175567
1.40399996	0.66077143	0.11798720
1.40499996	0.84175074	0.10162401
1.40599996	0.82464933	0.11906373
1.40699996	0.61281985	0.16750738
1.40799996	0.25156865	0.23179133
1.40899996	-0.20543183	0.30265749
1.40999996	-0.58224654	0.35230067
1.41099996	-0.82498771	0.37349287
1.41199996	-0.85393083	0.36165109
1.41299996	-0.66446233	0.31803641
1.41399996	-0.32277313	0.25975025
1.41499996	0.12210876	0.19552781
1.41599996	0.50648993	0.14311638
1.41699996	0.77279156	0.11042077
1.41799996	0.85411543	0.11026698
1.41899996	0.73791218	0.14234744
1.41999996	0.44721949	0.19786540
1.42099996	0.02657480	0.26873153
1.42199996	-0.38505784	0.32717150
1.42299996	-0.72831571	0.36472687
1.42399996	-0.86881769	0.37057087
1.42499996	-0.78709400	0.34393454
1.42599996	-0.51485604	0.29136935
1.42699996	-0.08993603	0.22047244
1.42799996	0.32092765	0.15911049
1.42899996	0.65683442	0.11611097
1.42999996	0.83092397	0.10457677
1.43099996	0.81579107	0.12638411
1.43199996	0.61011320	0.17292076
1.43299996	0.24698573	0.23711245
1.43399996	-0.17636564	0.30139640
1.43499996	-0.59891731	0.35654527
1.43599996	-0.83599901	0.37690699
1.43699996	-0.85473055	0.35931349
1.43799996	-0.66692299	0.31846702
1.43899996	-0.29767472	0.26033464
1.43999996	0.11626476	0.19617371
1.44099996	0.51393330	0.13558070
1.44199996	0.77242249	0.10645300
1.44299996	0.85171628	0.11312746
1.44399996	0.73615897	0.14520793
1.44499996	0.44506642	0.19789617
1.44599996	0.03973917	0.26202634
1.44699996	-0.42033711	0.32806349
1.44799996	-0.73923475	0.36617249
1.44899996	-0.87238556	0.37100148
1.44999996	-0.78672493	0.34448817
1.45099996	-0.49252585	0.28995448
1.45199996	-0.10460753	0.22874631
1.45299996	0.32028174	0.16999876
1.45399996	0.64871430	0.12930611
1.45499996	0.83027804	0.11291216
1.45599996	0.81640625	0.12724532
1.45699996	0.61066681	0.16966043
1.45799996	0.25233760	0.23102239
1.45899996	-0.20527805	0.30250368
1.45999996	-0.58224654	0.35230067
1.46099996	-0.82498771	0.37349287
1.46199996	-0.85393083	0.36165109
1.46299996	-0.66446233	0.31803641
1.46399996	-0.32277313	0.25975025
1.46499996	0.12210876	0.19552781
1.46599996	0.50648993	0.14311638
1.46699996	0.77279156	0.11042077
1.46799996	0.85426921	0.11026698
1.46899996	0.73868108	0.14234744
1.46999996	0.44491264	0.19786540
1.47099996	0.01756275	0.26873153
1.47199996	-0.39406988	0.32717150
1.47299996	-0.73062253	0.36472687
1.47399996	-0.86789495	0.37041709
1.47499996	-0.78617126	0.34316561
1.47599996	-0.51719368	0.29367617
1.47699996	-0.09894808	0.22948450
1.47799996	0.31194636	0.16812254
1.47899996	0.65452754	0.11844857
1.47999996	0.83169293	0.10380782
1.48099996	0.81594485	0.12619956
1.48199996	0.60995942	0.17307456
1.48299996	0.24621677	0.23788139
1.48399996	-0.17402805	0.29893577
1.48499996	-0.58990526	0.34679502
1.48599996	-0.82686394	0.37023252
1.48699996	-0.85165477	0.36601871
1.48799996	-0.66987574	0.32821727
1.48899996	-0.30607161	0.26279527
1.48999996	0.10497662	0.19540477
1.49099996	0.50261444	0.13542692
1.49199996	0.76417935	0.10629921
1.49299996	0.84953249	0.11235851
1.49399996	0.73692793	0.14751476
1.49499996	0.44522023	0.20687746
1.49599996	0.03958539	0.27103838
1.49699996	-0.42110604	0.33040109
1.49799996	-0.73674333	0.36540353
1.49899996	-0.86263531	0.37084767
1.49999996	-0.78005046	0.34464198
1.50099996	-0.49920028	0.29072341
1.50199996	-0.11435778	0.22659326
1.50299996	0.31782112	0.16175567
1.50399996	0.64948326	0.11798720
1.50499996	0.83043182	0.10162401
1.50599996	0.81640625	0.11906373
1.50699996	0.61066681	0.16750738
1.50799996	0.25233760	0.23179133
1.50899996	-0.20527805	0.30265749
1.50999996	-0.58224654	0.35230067
1.51099996	-0.82498771	0.37349287
1.51199996	-0.85377705	0.36165109
1.51299996	-0.66369343	0.31803641
1.51399996	-0.32507998	0.25975025
1.51499996	0.11312746	0.19552781
1.51599996	0.49747786	0.14311638
1.51699996	0.77045399	0.11042077
1.51799996	0.85503817	0.11026698
1.51899996	0.73883492	0.14234744
1.51999996	0.44491264	0.19786540
1.52099996	0.01756275	0.26873153
1.52199996	-0.39406988	0.32717150
1.52299996	-0.73062253	0.36472687
1.52399996	-0.86804873	0.37057087
1.52499996	-0.78694022	0.34393454
1.52599996	-0.51485604	0.29136935
1.52699996	-0.08993603	0.22047244
1.52799996	0.32092765	0.15929502
1.52899996	0.65683442	0.11687992
1.52999996	0.83092397	0.10223917
1.53099996	0.81579107	0.11737204
1.53199996	0.61011320	0.16409326
1.53299996	0.24698573	0.23557456
1.53399996	-0.17621186	0.29970473
1.53499996	-0.59814835	0.34694883
1.53599996	-0.83833659	0.37023252
1.53699996	-0.86374259	0.36601871
1.53799996	-0.67578125	0.32806349
1.53899996	-0.29921260	0.26202634
1.53999996	0.11472687	0.19774237
1.54099996	0.50507504	0.14443898
1.54199996	0.76325667	0.11528051
1.54299996	0.84860975	0.11469612
1.54399996	0.73923475	0.14674582
1.54499996	0.45420152	0.20672368
1.54599996	0.04872047	0.27103838
1.54699996	-0.41799951	0.33040109
1.54799996	-0.74000371	0.36540353
1.54899996	-0.87253934	0.37084767
1.54999996	-0.78672493	0.34464198
1.55099996	-0.49252585	0.29072341
1.55199996	-0.10460753	0.22659326
1.55299996	0.32028174	0.16175567
1.55399996	0.64871430	0.11798720
1.55499996	0.83027804	0.10162401
1.55599996	0.81656003	0.11906373
1.55699996	0.61143577	0.16750738
1.55799996	0.25000000	0.23179133
1.55899996	-0.21429011	0.30265749
1.55999996	-0.59125859	0.35230067
1.56099996	-0.82729453	0.37349287
1.56199996	-0.85300809	0.36165109
1.56299996	-0.66353959	0.31803641
1.56399996	-0.32507998	0.25990403
1.56499996	0.11312746	0.19629675
1.56599996	0.49747786	0.14080955
1.56699996	0.77045399	0.10140871
1.56799996	0.85503817	0.10125492
1.56899996	0.73883492	0.14004061
1.56999996	0.44506642	0.19863436
1.57099996	0.01833169	0.26888534
1.57199996	-0.39637673	0.32717150
1.57299996	-0.73963457	0.36472687
1.57399996	-0.87703001	0.37041709
1.57499996	-0.78924704	0.34316561
1.57599996	-0.51411784	0.29367617
1.57699996	-0.08978223	0.22948450
1.57799996	0.32092765	0.16812254
1.57899996	0.65683442	0.11844857
1.57999996	0.83092397	0.10380782
1.58099996	0.81579107	0.12619956
1.58199996	0.61011320	0.17307456
1.58299996	0.24698573	0.23788139
1.58399996	-0.17636564	0.29893577
1.58499996	-0.59891731	0.34679502
1.58599996	-0.83584523	0.37023252
1.58699996	-0.85396159	0.36601871
1.58799996	-0.66910678	0.32821727
1.58899996	-0.30591780	0.26279527
1.58999996	0.10497662	0.19555856
1.59099996	0.50261444	0.13619587
1.59199996	0.76417935	0.10396162
1.59299996	0.84953249	0.10337722
1.59399996	0.73692793	0.13853346
1.59499996	0.44522023	0.20457062
1.59599996	0.03973917	0.27180734
1.59699996	-0.42033711	0.33055487
1.59799996	-0.73908097	0.36540353
1.59899995	-0.87161660	0.37084767
1.59999995	-0.78918552	0.34464198
1.60099995	-0.50227606	0.29072341
1.60199995	-0.11143578	0.22643946
1.60299995	0.32615650	0.16101746
1.60399995	0.66077143	0.12014025
1.60499995	0.84175074	0.10983637
1.60599995	0.82464933	0.13035187
1.60699995	0.61281985	0.17882627
1.60799995	0.25156865	0.24003445
1.60899995	-0.20543183	0.30484128
1.60999995	-0.58224654	0.35153174
1.61099995	-0.82498771	0.37333909
1.61199995	-0.85393083	0.36165109
1.61299995	-0.66446233	0.31803641
1.61399995	-0.32277313	0.25975025
1.61499995	0.12210876	0.19552781
1.61599995	0.50648993	0.14311638
1.61699995	0.77279156	0.11042077
1.61799995	0.85411543	0.11026698
1.61899995	0.73791218	0.14234744
1.61999995	0.44737327	0.19786540
1.62099995	0.02734375	0.26873153
1.62199995	-0.38739541	0.32717150
1.62299995	-0.73729700	0.36472687
1.62399995	-0.87779897	0.37041709
1.62499995	-0.78940082	0.34316561
1.62599995	-0.51427168	0.29367617
1.62699995	-0.09055118	0.22948450
1.62799995	0.32323450	0.16812254
1.62899995	0.66581571	0.11844857
1.62999995	0.83987451	0.10380782
1.63099995	0.81809795	0.12619956
1.63199995	0.60934424	0.17307456
1.63299995	0.24683194	0.23788139
1.63399995	-0.17621186	0.29908955
1.63499995	-0.59814835	0.34756398
1.63599995	-0.83833659	0.36792567
1.63699995	-0.86374259	0.35700664
1.63799995	-0.67593503	0.31923598
1.63899995	-0.29998153	0.26048842
1.63999995	0.11703371	0.19632751
1.64099995	0.51408708	0.13634965
1.64199995	0.77226871	0.10414616
1.64299995	0.85094732	0.10414616
1.64399995	0.73846579	0.13619587
1.64499995	0.45404774	0.19555856
1.64599995	0.04872047	0.26279527
1.64699995	-0.41799951	0.32821727
1.64799995	-0.74000371	0.36617249
1.64899995	-0.87253934	0.37100148
1.64999995	-0.78687871	0.34464198
1.65099995	-0.49329478	0.29072341
1.65199995	-0.10245448	0.22659326
1.65299995	0.32849410	0.16175567
1.65399995	0.66000247	0.11798720
1.65499995	0.84159696	0.10162401
1.65599995	0.82464933	0.11906373
1.65699995	0.61281985	0.16750738
1.65799995	0.25156865	0.23179133
1.65899995	-0.20543183	0.30265749
1.65999995	-0.58224654	0.35230067
1.66099995	-0.82498771	0.37349287
1.66199995	-0.85393083	0.36180487
1.66299995	-0.66446233	0.31880537
1.66399995	-0.32277313	0.25744340
1.66499995	0.12210876	0.18654650
1.66599995	0.50648993	0.13413508
1.66699995	0.77279156	0.10811393
1.66799995	0.85426921	0.11103593
1.66899995	0.73868108	0.14250124
1.66999995	0.44506642	0.19786540
1.67099995	0.01833169	0.26873153
1.67199995	-0.39653051	0.32701772
1.67299995	-0.74037278	0.36395791
1.67399995	-0.87472320	0.37275466
1.67499995	-0.78029650	0.35214689
1.67599995	-0.50513655	0.30265749
1.67699995	-0.08747540	0.23179133
1.67799995	0.32015872	0.16735359
1.67899995	0.65668058	0.11829478
1.67999995	0.83092397	0.10380782
1.68099995	0.81579107	0.12619956
1.68199995	0.61011320	0.17307456
1.68299995	0.24698573	0.23788139
1.68399995	-0.17636564	0.29893577
1.68499995	-0.59891731	0.34679502
1.68599995	-0.83599901	0.37023252
1.68699995	-0.85473055	0.36601871
1.68799995	-0.66692299	0.32821727
1.68899995	-0.29767472	0.26279527
1.68999995	0.11626476	0.19540477
1.69099995	0.51393330	0.13542692
1.69199995	0.77242249	0.10645300
1.69299995	0.85171628	0.11312746
1.69399995	0.73615897	0.14520793
1.69499995	0.44506642	0.19789617
1.69599995	0.03973917	0.26202634
1.69699995	-0.42033711	0.32806349
1.69799995	-0.73908097	0.36617249
1.69899995	-0.87161660	0.37100148
1.69999995	-0.78918552	0.34464198
1.70099995	-0.50227606	0.29072341
1.70199995	-0.11143578	0.22659326
1.70299995	0.32615650	0.16175567
1.70399995	0.66061759	0.11798720
1.70499995	0.84098178	0.10162401
1.70599995	0.82698697	0.11906373
1.70699995	0.62183195	0.16750738
1.70799995	0.26054996	0.23179133
1.70899995	-0.20312500	0.30265749
1.70999995	-0.58301550	0.35214689
1.71099995	-0.82514149	0.37275466
1.71199995	-0.85393083	0.36395791
1.71299995	-0.66446233	0.32701772
1.71399995	-0.32277313	0.26873153
1.71499995	0.12210876	0.19786540
1.71599995	0.50648993	0.14234744
1.71699995	0.77279156	0.11026698
1.71799995	0.85426921	0.11026698
1.71899995	0.73868108	0.14234744
1.71999995	0.44506642	0.19786540
1.72099995	0.01833169	0.26873153
1.72199995	-0.39637673	0.32701772
1.72299995	-0.73963457	0.36395791
1.72399995	-0.87703001	0.37275466
1.72499995	-0.78924704	0.35214689
1.72599995	-0.51427168	0.30265749
1.72699995	-0.09055118	0.23179133
1.72799995	0.32323450	0.16735359
1.72899995	0.66581571	0.11829478
1.72999995	0.83987451	0.10380782
1.73099995	0.81809795	0.12619956
1.73199995	0.60934424	0.17307456
1.73299995	0.24683194	0.23788139
1.73399995	-0.17636564	0.29908955
1.73499995	-0.59891731	0.34756398
1.73599995	-0.83599901	0.36792567
1.73699995	-0.85473055	0.35700664
1.73799995	-0.66676921	0.31923598
1.73899995	-0.29690576	0.26048842
1.73999995	0.11395792	0.19632751
1.74099995	0.50492126	0.13634965
1.74199995	0.76341045	0.10396162
1.74299995	0.84937871	0.10337722
1.74399995	0.73692793	0.13853346
1.74499995	0.44522023	0.20457062
1.74599995	0.03973917	0.27180734
1.74699995	-0.42033711	0.33055487
1.74799995	-0.73923475	0.36540353
1.74899995	-0.87238556	0.37084767
1.74999995	-0.78672493	0.34464198
1.75099995	-0.49252585	0.29072341
1.75199995	-0.10460753	0.22643946
1.75299995	0.32028174	0.16101746
1.75399995	0.64856052	0.12029404
1.75499995	0.82950908	0.11060531
1.75599995	0.81874382	0.12801427
1.75699995	0.61964810	0.16981423
1.75799995	0.26131889	0.23102239
1.75899995	-0.20297121	0.30250368
1.75999995	-0.58316928	0.35230067
1.76099995	-0.82591045	0.37349287
1.76199995	-0.85147023	0.36180487
1.76299995	-0.65474284	0.31880537
1.76399995	-0.31612942	0.25744340
1.76499995	0.11543430	0.18654650
1.76599995	0.49670890	0.13413508
1.76699995	0.77030021	0.10811393
1.76799995	0.85503817	0.11103593
1.76899995	0.73883492	0.14250124
1.76999995	0.44506642	0.19786540
1.77099995	0.01833169	0.26873153
1.77199995	-0.39653051	0.32717150
1.77299995	-0.74037278	0.36472687
1.77399995	-0.87456942	0.37041709
1.77499995	-0.77952754	0.34316561
1.77599995	-0.50744343	0.29367617
1.77699995	-0.09645669	0.22948450
1.77799995	0.31117740	0.16812254
1.77899995	0.65437376	0.11844857
1.77999995	0.83184671	0.10380782
1.78099995	0.81671381	0.12619956
1.78199995	0.60765254	0.17307456
1.78299995	0.23723549	0.23788139
1.78399995	-0.18304011	0.29908955
1.78499995	-0.59221208	0.34756398
1.78599995	-0.82609499	0.36792567
1.78699995	-0.85150099	0.35700664
1.78799995	-0.66987574	0.31923598
1.78899995	-0.30607161	0.26048842
1.78999995	0.10497662	0.19632751
1.79099995	0.50261444	0.13634965
1.79199995	0.76417935	0.10396162
1.79299995	0.84953249	0.10337722
1.79399995	0.73692793	0.13853346
1.79499995	0.44522023	0.20457062
1.79599995	0.03973917	0.27180734
1.79699995	-0.42033711	0.33055487
1.79799995	-0.73923475	0.36540353
1.79899995	-0.87238556	0.37084767
1.79999995	-0.78687871	0.34464198
1.80099995	-0.49329478	0.29072341
1.80199995	-0.10245448	0.22659326
1.80299995	0.32849410	0.16175567
1.80399995	0.66000247	0.11798720
1.80499995	0.84159696	0.10162401
1.80599995	0.82464933	0.11921752
1.80699995	0.61281985	0.16827632
1.80799995	0.25156865	0.22948450
1.80899995	-0.20543183	0.29367617
1.80999995	-0.58224654	0.34331939
1.81099995	-0.82498771	0.37118602
1.81199995	-0.85377705	0.36254305
1.81299995	-0.66369343	0.31895915
1.81399995	-0.32507998	0.25744340
1.81499995	0.11312746	0.18654650
1.81599995	0.49747786	0.13413508
1.81699995	0.77045399	0.10811393
1.81799995	0.85488433	0.11103593
1.81899995	0.73806596	0.14250124
1.81999995	0.44721949	0.19786540
1.82099995	0.02657480	0.26873153
1.82199995	-0.38524237	0.32717150
1.82299995	-0.72905391	0.36472687
1.82399995	-0.86635703	0.37041709
1.82499995	-0.77734375	0.34316561
1.82599995	-0.50836617	0.29367617
1.82699995	-0.09737943	0.22948450
1.82799995	0.31348425	0.16812254
1.82899995	0.66332430	0.11844857
1.82999995	0.84064347	0.10380782
1.83099995	0.81825173	0.12619956
1.83199995	0.60934424	0.17292076
1.83299995	0.24683194	0.23711245
1.83399995	-0.17636564	0.30139640
1.83499995	-0.59891731	0.35654527
1.83599995	-0.83599901	0.37690699
1.83699995	-0.85473055	0.35931349
1.83799995	-0.66676921	0.31846702
1.83899995	-0.29690576	0.26033464
1.83999995	0.11395792	0.19632751
1.84099995	0.50492126	0.13634965
1.84199995	0.76341045	0.10414616
1.84299995	0.84937871	0.10414616
1.84399995	0.73692793	0.13619587
1.84499995	0.44522023	0.19555856
1.84599995	0.03973917	0.26279527
1.84699995	-0.42033711	0.32821727
1.84799995	-0.73923475	0.36617249
1.84899995	-0.87238556	0.37100148
1.84999995	-0.78672493	0.34464198
1.85099995	-0.49252585	0.29072341
1.85199995	-0.10476132	0.22643946
1.85299995	0.31951278	0.16101746
1.85399995	0.65105194	0.12029404
1.85499995	0.83929008	0.11060531
1.85599995	0.82557207	0.12801427
1.85699995	0.61374259	0.16981423
1.85799995	0.24923106	0.23102239
1.85899995	-0.21444389	0.30250368
1.85999995	-0.59125859	0.35230067
1.86099995	-0.82729453	0.37349287
1.86199995	-0.85300809	0.36165109
1.86299995	-0.66353959	0.31803641
1.86399995	-0.32507998	0.25975025
1.86499995	0.11312746	0.19552781
1.86599995	0.49747786	0.14311638
1.86699995	0.77045399	0.11042077
1.86799995	0.85503817	0.11026698
1.86899995	0.73883492	0.14234744
1.86999995	0.44506642	0.19786540
1.87099995	0.01833169	0.26873153
1.87199995	-0.39637673	0.32717150
1.87299995	-0.73963457	0.36472687
1.87399995	-0.87703001	0.37041709
1.87499995	-0.78924704	0.34316561
1.87599995	-0.51411784	0.29367617
1.87699995	-0.08978223	0.22948450
1.87799995	0.32092765	0.16812254
1.87899995	0.65683442	0.11844857
1.87999995	0.83092397	0.10380782
1.88099995	0.81579107	0.12619956
1.88199995	0.61011320	0.17307456
1.88299995	0.24698573	0.23788139
1.88399995	-0.17636564	0.29893577
1.88499995	-0.59891731	0.34679502
1.88599995	-0.83584523	0.37023252
1.88699995	-0.85396159	0.36601871
1.88799995	-0.66926056	0.32806349
1.88899995	-0.30668676	0.26202634
1.88999995	0.10728347	0.19789617
1.89099995	0.51159573	0.14520793
1.89199995	0.77319145	0.11297367
1.89299995	0.85187006	0.10568406
1.89399995	0.73615897	0.13776451
1.89499995	0.44506642	0.20441683
1.89599995	0.03958539	0.27180734
1.89699995	-0.42110604	0.33055487
1.89799995	-0.73689717	0.36540353
1.89899995	-0.86337352	0.37084767
1.89999995	-0.77774358	0.34464198
1.90099995	-0.49021900	0.29072341
1.90199995	-0.10537647	0.22659326
1.90299995	0.32012796	0.16175567
1.90399995	0.64871430	0.11798720
1.90499995	0.83027804	0.10162401
1.90599995	0.81640625	0.11906373
1.90699995	0.61066681	0.16750738
1.90799995	0.25233760	0.23179133
1.90899995	-0.20527805	0.30265749
1.90999995	-0.58224654	0.35230067
1.91099995	-0.82498771	0.37349287
1.91199995	-0.85393083	0.36165109
1.91299995	-0.66446233	0.31803641
1.91399995	-0.32277313	0.25975025
1.91499995	0.12210876	0.19552781
1.91599995	0.50648993	0.14311638
1.91699995	0.77279156	0.11042077
1.91799995	0.85426921	0.11026698
1.91899995	0.73868108	0.14234744
1.91999995	0.44506642	0.19786540
1.92099995	0.01833169	0.26873153
1.92199995	-0.39637673	0.32717150
1.92299995	-0.73963457	0.36472687
1.92399995	-0.87703001	0.37057087
1.92499995	-0.78924704	0.34393454
1.92599995	-0.51427168	0.29121554
1.92699995	-0.09055118	0.21970350
1.92799995	0.32323450	0.16144808
1.92899995	0.66581571	0.12509227
1.92999995	0.83987451	0.11352731
1.93099995	0.81809795	0.12869094
1.93199995	0.60934424	0.17230561
1.93299995	0.24683194	0.23772761
1.93399995	-0.17636564	0.29908955
1.93499995	-0.59891731	0.34756398
1.93599995	-0.83599901	0.36792567
1.93699995	-0.85473055	0.35700664
1.93799995	-0.66676921	0.31923598
1.93899995	-0.29690576	0.26048842
1.93999995	0.11395792	0.19617371
1.94099995	0.50492126	0.13558070
1.94199995	0.76341045	0.10629921
1.94299995	0.84937871	0.11235851
1.94399995	0.73692793	0.14751476
1.94499995	0.44522023	0.20687746
1.94599995	0.03973917	0.27103838
1.94699995	-0.42033711	0.33040109
1.94799995	-0.73923475	0.36540353
1.94899995	-0.87238556	0.37084767
1.94999995	-0.78687871	0.34464198
1.95099995	-0.49329478	0.29072341
1.95199995	-0.10245448	0.22659326
1.95299994	0.32849410	0.16175567
1.95399994	0.66000247	0.11798720
1.95499994	0.84159696	0.10162401
1.95599994	0.82464933	0.11906373
1.95699994	0.61281985	0.16750738
1.95799994	0.25156865	0.23179133
1.95899994	-0.20543183	0.30265749
1.95999994	-0.58224654	0.35230067
1.96099994	-0.82498771	0.37349287
1.96199994	-0.85393083	0.36165109
1.96299994	-0.66446233	0.31803641
1.96399994	-0.32277313	0.25975025
1.96499994	0.12210876	0.19552781
1.96599994	0.50648993	0.14311638
1.96699994	0.77279156	0.11042077
1.96799994	0.85426921	0.11026698
1.96899994	0.73868108	0.14234744
1.96999994	0.44506642	0.19786540
1.97099994	0.01833169	0.26873153
1.97199994	-0.39637673	0.32717150
1.97299994	-0.73963457	0.36472687
1.97399994	-0.87703001	0.37041709
1.97499994	-0.78924704	0.34316561
1.97599994	-0.51411784	0.29367617
1.97699994	-0.08978223	0.22948450
1.97799994	0.32077387	0.16812254
1.97899994	0.65606546	0.11844857
1.97999994	0.83338457	0.10380782
1.98099994	0.82554132	0.12619956
1.98199994	0.61678767	0.17307456
1.98299994	0.24031126	0.23788139
1.98399994	-0.18611589	0.29893577
1.98499994	-0.60137796	0.34679502
1.98599994	-0.83507627	0.37023252
1.98699994	-0.85380781	0.36601871
1.98799994	-0.66910678	0.32821727
1.98899994	-0.30591780	0.26279527
1.98999994	0.10497662	0.19540477
1.99099994	0.50261444	0.13542692
1.99199994	0.76417935	0.10629921
1.99299994	0.84953249	0.11235851
1.99399994	0.73692793	0.14751476
1.99499994	0.44522023	0.20687746
1.99599994	0.03958539	0.27103838
1.99699994	-0.42110604	0.33040109
1.99799994	-0.73674333	0.36540353
1.99899994	-0.86263531	0.37084767
1.99999994	-0.78005046	0.34464198
2.00099994	-0.49920028	0.29072341
2.00199994	-0.11451156	0.22643946
2.00299994	0.31705216	0.16101746
