Time	Channel A	Channel B
(us)	(V)	(V)

-0.00400000	0.64932948	0.20918430
-0.00300000	0.82966292	0.28005046
-0.00200000	0.81874382	0.33556840
-0.00100000	0.61964810	0.36764887
0.00000000	0.26131889	0.36749509
0.00100000	-0.20297121	0.33479947
0.00200000	-0.58301550	0.28238803
0.00300000	-0.82514149	0.21816561
0.00400000	-0.85377705	0.15987943
0.00500000	-0.66369343	0.11626476
0.00600000	-0.32492617	0.10442298
0.00700000	0.11389641	0.12561515
0.00800000	0.49517101	0.17525837
0.00900000	0.76147270	0.24612451
0.01000000	0.84590304	0.31040847
0.01100000	0.73575908	0.35885212
0.01200000	0.44814223	0.37613803
0.01300000	0.02749754	0.35915971
0.01400000	-0.38739541	0.31846702
0.01500000	-0.73729700	0.26033464
0.01600000	-0.87764519	0.19617371
0.01700000	-0.78863192	0.13558070
0.01800000	-0.51642472	0.10629921
0.01900000	-0.09879429	0.11235851
0.02000000	0.31194636	0.14751476
0.02100000	0.65452754	0.20687746
0.02200000	0.83169293	0.27103838
0.02300000	0.81594485	0.33040109
0.02400000	0.60995942	0.36540353
0.02500000	0.24621677	0.37084767
0.02600000	-0.17402805	0.34464198
0.02700000	-0.58990526	0.29072341
0.02800000	-0.82686394	0.22643946
0.02900000	-0.85165477	0.16101746
0.03000000	-0.66987574	0.12014025
0.03100000	-0.30607161	0.10983637
0.03200000	0.10497662	0.13035187
0.03300000	0.50261444	0.17882627
0.03400000	0.76417935	0.24003445
0.03500000	0.84953249	0.30484128
0.03600000	0.73677409	0.35153174
0.03700000	0.44445127	0.37333909
0.03800000	0.04204601	0.36180487
0.03900000	-0.41135579	0.31880537
0.04000000	-0.73009968	0.25744340
0.04100000	-0.86930978	0.18654650
0.04200000	-0.78980070	0.13398130
0.04300000	-0.50166094	0.10734498
0.04400000	-0.11358882	0.11318897
0.04500000	0.31797490	0.15074433
0.04600000	0.64948326	0.20918430
0.04700000	0.83043182	0.28005046
0.04800000	0.81640625	0.33541462
0.04900000	0.61066681	0.36687991
0.05000000	0.25233760	0.36980191
0.05100000	-0.20527805	0.34378076
0.05200000	-0.58224654	0.29136935
0.05300000	-0.82498771	0.22047244
0.05400000	-0.85377705	0.15911049
0.05500000	-0.66369343	0.11611097
0.05600000	-0.32507998	0.10457677
0.05700000	0.11312746	0.12638411
0.05800000	0.49747786	0.17292076
0.05900000	0.77045399	0.23711245
0.06000000	0.85488433	0.30139640
0.06100000	0.73806596	0.35654527
0.06200000	0.44721949	0.37706077
0.06300000	0.02657480	0.36008242
0.06400000	-0.38505784	0.31616017
0.06500000	-0.72831571	0.25132260
0.06600000	-0.86866385	0.18719243
0.06700000	-0.78632504	0.13327387
0.06800000	-0.51719368	0.10706816
0.06900000	-0.09894808	0.11251231
0.07000000	0.31194636	0.14751476
0.07100000	0.65452754	0.20687746
0.07200000	0.83169293	0.27103838
0.07300000	0.81594485	0.33040109
0.07400000	0.61011320	0.36555734
0.07500000	0.24698573	0.37161663
0.07600000	-0.17621186	0.34233513
0.07700000	-0.59814835	0.28174213
0.07800000	-0.83815205	0.21758120
0.07900000	-0.86297369	0.15944882
0.08000000	-0.67808807	0.11860237
0.08100000	-0.30822465	0.10100885
0.08200000	0.10571481	0.12137057
0.08300000	0.50276822	0.17651944
0.08400000	0.76402557	0.24080339
0.08500000	0.84876353	0.30499509
0.08600000	0.73923475	0.35153174
0.08700000	0.45420152	0.37333909
0.08800000	0.04872047	0.36180487
0.08900000	-0.41799951	0.31880537
0.09000000	-0.73984993	0.25744340
0.09100000	-0.87177044	0.18654650
0.09200000	-0.78903174	0.13398130
0.09300000	-0.50150716	0.10734498
0.09400000	-0.11358882	0.11334276
0.09500000	0.31797490	0.15151329
0.09600000	0.64932948	0.20669292
0.09700000	0.82966292	0.27030021
0.09800000	0.81874382	0.32874015
0.09900000	0.61964810	0.37355438
0.10000000	0.26131889	0.37958291
0.10100000	-0.20297121	0.34624138
0.10200000	-0.58301550	0.29060039
0.10300000	-0.82514149	0.22031865
0.10400000	-0.85377705	0.15911049
0.10500000	-0.66369343	0.11611097
0.10600000	-0.32507998	0.10457677
0.10700000	0.11312746	0.12638411
0.10800000	0.49747786	0.17292076
0.10900000	0.77045399	0.23711245
0.11000000	0.85488433	0.30139640
0.11100000	0.73806596	0.35654527
0.11200000	0.44721949	0.37690699
0.11300000	0.02657480	0.35931349
0.11400000	-0.38505784	0.31846702
0.11500000	-0.72831571	0.26033464
0.11600000	-0.86866385	0.19617371
0.11700000	-0.78632504	0.13558070
0.11800000	-0.51719368	0.10629921
0.11900000	-0.09894808	0.11235851
0.12000000	0.31194636	0.14736098
0.12100000	0.65452754	0.20610851
0.12200000	0.83169293	0.27334523
0.12300000	0.81594485	0.33938238
0.12400000	0.61011320	0.37453863
0.12500000	0.24698573	0.37395424
0.12600000	-0.17636564	0.34156618
0.12700000	-0.59891731	0.28158835
0.12800000	-0.83584523	0.21742742
0.12900000	-0.85396159	0.15867987
0.13000000	-0.66910678	0.12090920
0.13100000	-0.30591780	0.10999016
0.13200000	0.10497662	0.13035187
0.13300000	0.50261444	0.17882627
0.13400000	0.76417935	0.24003445
0.13500000	0.84953249	0.30484128
0.13600000	0.73677409	0.35153174
0.13700000	0.44445127	0.37333909
0.13800000	0.04204601	0.36180487
0.13900000	-0.41135579	0.31880537
0.14000000	-0.73009968	0.25759721
0.14100000	-0.86930978	0.18731545
0.14200000	-0.78980070	0.13167445
0.14300000	-0.50166094	0.09833292
0.14400000	-0.11358882	0.10436147
0.14500000	0.31797490	0.14917569
0.14600000	0.64948326	0.20761564
0.14700000	0.83043182	0.27122292
0.14800000	0.81640625	0.32640254
0.14900000	0.61066681	0.36457309
0.15000000	0.25233760	0.37057087
0.15100000	-0.20527805	0.34393454
0.15200000	-0.58224654	0.29136935
0.15300000	-0.82498771	0.22047244
0.15400000	-0.85377705	0.15911049
0.15500000	-0.66369343	0.11611097
0.15600000	-0.32507998	0.10442298
0.15700000	0.11312746	0.12561515
0.15800000	0.49747786	0.17525837
0.15900000	0.77045399	0.24612451
0.16000000	0.85488433	0.31040847
0.16100000	0.73806596	0.35885212
0.16200000	0.44721949	0.37629184
0.16300000	0.02657480	0.35992864
0.16400000	-0.38505784	0.31616017
0.16500000	-0.72831571	0.25132260
0.16600000	-0.86866385	0.18719243
0.16700000	-0.78632504	0.13327387
0.16800000	-0.51719368	0.10706816
0.16900000	-0.09894808	0.11251231
0.17000000	0.31194636	0.14751476
0.17100000	0.65452754	0.20687746
0.17200000	0.83169293	0.27103838
0.17300000	0.81594485	0.33040109
0.17400000	0.60995942	0.36540353
0.17500000	0.24621677	0.37084767
0.17600000	-0.17387426	0.34464198
0.17700000	-0.58913630	0.29072341
0.17800000	-0.82917076	0.22659326
0.17900000	-0.86066681	0.16175567
0.18000000	-0.67885703	0.11783341
0.18100000	-0.30837846	0.10085507
0.18200000	0.10571481	0.12137057
0.18300000	0.50276822	0.17651944
0.18400000	0.76402557	0.24080339
0.18499999	0.84876353	0.30499509
0.18599999	0.73908097	0.35153174
0.18699999	0.45343259	0.37333909
0.18799999	0.05105807	0.36180487
0.18899999	-0.40904897	0.31880537
0.18999999	-0.73102242	0.25744340
0.19099999	-0.87023252	0.18654650
0.19199999	-0.78734004	0.13398130
0.19299999	-0.49191067	0.10734498
0.19399999	-0.10694513	0.11318897
0.19499999	0.31126967	0.15074433
0.19599999	0.63973302	0.20918430
0.19699999	0.82797122	0.28005046
0.19799999	0.81717521	0.33541462
0.19899999	0.61082059	0.36687991
0.19999999	0.25233760	0.36980191
0.20099999	-0.20527805	0.34378076
0.20199999	-0.58224654	0.29136935
0.20299999	-0.82498771	0.22047244
0.20399999	-0.85377705	0.15911049
0.20499999	-0.66369343	0.11611097
0.20599999	-0.32507998	0.10442298
0.20699999	0.11312746	0.12561515
0.20799999	0.49747786	0.17525837
0.20899999	0.77045399	0.24612451
0.20999999	0.85503817	0.31040847
0.21099999	0.73883492	0.35885212
0.21199999	0.44491264	0.37629184
0.21299999	0.01756275	0.35992864
0.21399999	-0.39406988	0.31616017
0.21499999	-0.73062253	0.25132260
0.21599999	-0.86789495	0.18719243
0.21699999	-0.78617126	0.13327387
0.21799999	-0.51719368	0.10706816
0.21899999	-0.09894808	0.11251231
0.21999999	0.31194636	0.14751476
0.22099999	0.65452754	0.20687746
0.22199999	0.83169293	0.27103838
0.22299999	0.81594485	0.33040109
0.22399999	0.60995942	0.36555734
0.22499999	0.24621677	0.37161663
0.22599999	-0.17402805	0.34233513
0.22699999	-0.58990526	0.28174213
0.22799999	-0.82686394	0.21758120
0.22899999	-0.85165477	0.15944882
0.22999999	-0.66987574	0.11860237
0.23099999	-0.30607161	0.10100885
0.23199999	0.10497662	0.12137057
0.23299999	0.50261444	0.17651944
0.23399999	0.76417935	0.24080339
0.23499999	0.84953249	0.30499509
0.23599999	0.73677409	0.35153174
0.23699999	0.44445127	0.37333909
0.23799999	0.04204601	0.36180487
0.23899999	-0.41135579	0.31880537
0.23999999	-0.73009968	0.25744340
0.24099999	-0.86930978	0.18654650
0.24199999	-0.78980070	0.13398130
0.24299999	-0.50166094	0.10734498
0.24399999	-0.11358882	0.11318897
0.24499999	0.31797490	0.15074433
0.24599999	0.64932948	0.20903051
0.24699999	0.82966292	0.27928150
0.24799999	0.81874382	0.33772147
0.24899999	0.61964810	0.37589198
0.24999999	0.26131889	0.37881398
0.25099999	-0.20297121	0.34608760
0.25199999	-0.58301550	0.29060039
0.25299999	-0.82514149	0.22031865
0.25399999	-0.85393083	0.15911049
0.25499999	-0.66446233	0.11611097
0.25599999	-0.32277313	0.10457677
0.25699999	0.12210876	0.12638411
0.25799999	0.50648993	0.17292076
0.25899999	0.77279156	0.23711245
0.25999999	0.85411543	0.30139640
0.26099999	0.73791218	0.35654527
0.26199999	0.44721949	0.37706077
0.26299999	0.02657480	0.36008242
0.26399999	-0.38505784	0.31616017
0.26499999	-0.72831571	0.25132260
0.26599999	-0.86866385	0.18719243
0.26699999	-0.78632504	0.13327387
0.26799999	-0.51719368	0.10706816
0.26899999	-0.09894808	0.11251231
0.26999999	0.31194636	0.14736098
0.27099999	0.65452754	0.20610851
0.27199999	0.83153909	0.27334523
0.27299999	0.81517595	0.33938238
0.27399999	0.61242002	0.37453863
0.27499999	0.25596702	0.37395424
0.27599999	-0.16738436	0.34156618
0.27699999	-0.59657973	0.28158835
0.27799999	-0.83661419	0.21742742
0.27899999	-0.85411543	0.15867987
0.27999999	-0.66910678	0.12090920
0.28099999	-0.30591780	0.10999016
0.28199999	0.10497662	0.13035187
0.28299999	0.50261444	0.17882627
0.28399999	0.76417935	0.24003445
0.28499999	0.84953249	0.30484128
0.28599999	0.73692793	0.35153174
0.28699999	0.44522023	0.37333909
0.28799999	0.03973917	0.36180487
0.28899999	-0.42033711	0.31880537
0.28999999	-0.73908097	0.25744340
0.29099999	-0.87161660	0.18654650
0.29199999	-0.78918552	0.13398130
0.29299999	-0.50227606	0.10734498
0.29399999	-0.11128199	0.11318897
0.29499999	0.32692546	0.15074433
0.29599999	0.65831077	0.20918430
0.29699999	0.83196974	0.28005046
0.29799999	0.81797493	0.33541462
0.29899999	0.61949432	0.36687991
0.29999999	0.26131889	0.36980191
0.30099999	-0.20297121	0.34378076
0.30199999	-0.58316928	0.29136935
0.30299999	-0.82591045	0.22047244
0.30399999	-0.85147023	0.15911049
0.30499999	-0.65474284	0.11611097
0.30599999	-0.31612942	0.10442298
0.30699999	0.11543430	0.12561515
0.30799999	0.49670890	0.17541215
0.30899999	0.77030021	0.24689345
0.30999999	0.85503817	0.30810162
0.31099999	0.73883492	0.34990159
0.31199999	0.44491264	0.36731052
0.31299999	0.01756275	0.35762179
0.31399999	-0.39406988	0.31689838
0.31499999	-0.73062253	0.25147638
0.31599999	-0.86789495	0.18719243
0.31699999	-0.78617126	0.13327387
0.31799999	-0.51719368	0.10691437
0.31899999	-0.09894808	0.11174335
0.31999999	0.31194636	0.14969857
0.32099999	0.65452754	0.21512057
0.32199999	0.83169293	0.28235728
0.32299999	0.81594485	0.34171999
0.32399999	0.61011320	0.37376967
0.32499999	0.24698573	0.37376967
0.32599999	-0.17636564	0.34156618
0.32699999	-0.59891731	0.28158835
0.32799999	-0.83584523	0.21742742
0.32899999	-0.85396159	0.15867987
0.32999999	-0.66910678	0.12090920
0.33099999	-0.30591780	0.10999016
0.33199999	0.10497662	0.13019808
0.33299999	0.50261444	0.17805733
0.33399999	0.76417935	0.24234129
0.33499999	0.84953249	0.31382260
0.33599999	0.73692793	0.36054379
0.33699999	0.44522023	0.37567666
0.33799999	0.03973917	0.36103591
0.33899999	-0.42033711	0.31862080
0.33999999	-0.73908097	0.25744340
0.34099999	-0.87161660	0.18654650
0.34199999	-0.78903174	0.13398130
0.34299999	-0.50150716	0.10734498
0.34399999	-0.11358882	0.11318897
0.34499999	0.31797490	0.15074433
0.34599999	0.64948326	0.20918430
0.34699999	0.83043182	0.28005046
0.34799999	0.81640625	0.33556840
0.34899999	0.61066681	0.36764887
0.34999999	0.25233760	0.36749509
0.35099999	-0.20527805	0.33479947
0.35199999	-0.58224654	0.28238803
0.35299999	-0.82498771	0.21816561
0.35399999	-0.85377705	0.15987943
0.35499999	-0.66369343	0.11626476
0.35599999	-0.32507998	0.10442298
0.35699999	0.11312746	0.12561515
0.35799999	0.49747786	0.17525837
0.35899999	0.77045399	0.24612451
0.35999999	0.85488433	0.31040847
0.36099999	0.73806596	0.35885212
0.36199999	0.44721949	0.37629184
0.36299999	0.02657480	0.35992864
0.36399999	-0.38505784	0.31616017
0.36499999	-0.72831571	0.25132260
0.36599999	-0.86866385	0.18719243
0.36699999	-0.78632504	0.13327387
0.36799999	-0.51719368	0.10706816
0.36899999	-0.09894808	0.11251231
0.36999999	0.31194636	0.14751476
0.37099999	0.65452754	0.20687746
0.37199999	0.83169293	0.27103838
0.37299999	0.81594485	0.33040109
0.37399999	0.61011320	0.36555734
0.37499999	0.24698573	0.37161663
0.37599999	-0.17621186	0.34233513
0.37699999	-0.59814835	0.28174213
0.37799999	-0.83815205	0.21742742
0.37899999	-0.86297369	0.15867987
0.37999999	-0.67808807	0.12106299
0.38099999	-0.30822465	0.11075910
0.38199999	0.10571481	0.12786049
0.38299999	0.50276822	0.16904527
0.38399999	0.76402557	0.23335999
0.38499999	0.84876353	0.31151575
0.38599999	0.73923475	0.36131275
0.38699999	0.45420152	0.37583047
0.38799999	0.04872047	0.36103591
0.38899999	-0.41799951	0.31862080
0.38999999	-0.73984993	0.25744340
0.39099999	-0.87177044	0.18654650
0.39199999	-0.78903174	0.13413508
0.39299999	-0.50150716	0.10811393
0.39399999	-0.11358882	0.11088213
0.39499999	0.31797490	0.14173228
0.39599999	0.64948326	0.20017225
0.39699999	0.83043182	0.27774361
0.39799999	0.81640625	0.33618355
0.39899999	0.61066681	0.36703372
0.39999999	0.25233760	0.36980191
0.40099999	-0.20527805	0.34378076
0.40199999	-0.58224654	0.29136935
0.40299999	-0.82498771	0.22047244
0.40399999	-0.85377705	0.15911049
0.40499999	-0.66369343	0.11611097
0.40599999	-0.32507998	0.10442298
0.40699999	0.11312746	0.12561515
0.40799999	0.49747786	0.17525837
0.40899999	0.77045399	0.24612451
0.40999999	0.85503817	0.31040847
0.41099999	0.73883492	0.35885212
0.41199999	0.44491264	0.37629184
0.41299999	0.01756275	0.35992864
0.41399999	-0.39406988	0.31616017
0.41499999	-0.73062253	0.25132260
0.41599999	-0.86789495	0.18719243
0.41699999	-0.78617126	0.13327387
0.41799999	-0.51719368	0.10706816
0.41899999	-0.09894808	0.11251231
0.41999999	0.31194636	0.14751476
0.42099999	0.65452754	0.20687746
0.42199999	0.83169293	0.27103838
0.42299999	0.81594485	0.33040109
0.42399999	0.61011320	0.36555734
0.42499999	0.24698573	0.37161663
0.42599999	-0.17621186	0.34233513
0.42699999	-0.59814835	0.28174213
0.42799999	-0.83815205	0.21742742
0.42899999	-0.86297369	0.15867987
0.42999999	-0.67808807	0.12090920
0.43099999	-0.30822465	0.10999016
0.43199999	0.10571481	0.13035187
0.43299999	0.50276822	0.17882627
0.43399999	0.76417935	0.24003445
0.43499999	0.84953249	0.30484128
0.43599999	0.73692793	0.35153174
0.43699999	0.44522023	0.37333909
0.43799999	0.03958539	0.36180487
0.43899999	-0.42110604	0.31880537
0.43999999	-0.73674333	0.25744340
0.44099999	-0.86263531	0.18654650
0.44199999	-0.78005046	0.13398130
0.44299999	-0.49920028	0.10734498
0.44399999	-0.11435778	0.11318897
0.44499999	0.31782112	0.15074433
0.44599999	0.64948326	0.20918430
0.44699999	0.83043182	0.28005046
0.44799999	0.81640625	0.33541462
0.44899999	0.61066681	0.36687991
0.44999999	0.25233760	0.36980191
0.45099999	-0.20527805	0.34378076
0.45199999	-0.58224654	0.29136935
0.45299999	-0.82498771	0.22047244
0.45399999	-0.85377705	0.15911049
0.45499999	-0.66369343	0.11611097
0.45599999	-0.32507998	0.10457677
0.45699999	0.11312746	0.12638411
0.45799999	0.49747786	0.17292076
0.45899999	0.77045399	0.23711245
0.45999999	0.85488433	0.30139640
0.46099999	0.73806596	0.35654527
0.46199999	0.44721949	0.37706077
0.46299999	0.02657480	0.36008242
0.46399999	-0.38505784	0.31616017
0.46499999	-0.72831571	0.25132260
0.46599999	-0.86866385	0.18719243
0.46699999	-0.78632504	0.13327387
0.46799999	-0.51719368	0.10706816
0.46899999	-0.09894808	0.11251231
0.46999999	0.31194636	0.14751476
0.47099999	0.65452754	0.20687746
0.47199999	0.83169293	0.27103838
0.47299999	0.81594485	0.33040109
0.47399999	0.61011320	0.36540353
0.47499999	0.24698573	0.37084767
0.47599999	-0.17636564	0.34464198
0.47699999	-0.59891731	0.29072341
0.47799999	-0.83584523	0.22659326
0.47899999	-0.85396159	0.16175567
0.47999999	-0.66910678	0.11783341
0.48099999	-0.30591780	0.10085507
0.48199999	0.10497662	0.12137057
0.48299999	0.50261444	0.17651944
0.48399999	0.76402557	0.24080339
0.48499999	0.84876353	0.30499509
0.48599999	0.73908097	0.35153174
0.48699999	0.45343259	0.37333909
0.48799999	0.05105807	0.36180487
0.48899999	-0.40904897	0.31880537
0.48999999	-0.73086858	0.25744340
0.49099999	-0.86946356	0.18654650
0.49199999	-0.78995448	0.13398130
0.49299999	-0.50242984	0.10734498
0.49399999	-0.11128199	0.11318897
0.49499999	0.32692546	0.15074433
0.49599999	0.65831077	0.20918430
0.49699999	0.83196974	0.28005046
0.49799999	0.81797493	0.33541462
0.49899999	0.61949432	0.36687991
0.49999999	0.26131889	0.36980191
0.50099999	-0.20297121	0.34378076
0.50199999	-0.58301550	0.29136935
0.50299999	-0.82514149	0.22047244
0.50399999	-0.85377705	0.15911049
0.50499999	-0.66369343	0.11611097
0.50599999	-0.32492617	0.10457677
0.50699999	0.11389641	0.12638411
0.50799999	0.49517101	0.17292076
0.50899999	0.76147270	0.23711245
0.50999999	0.84590304	0.30139640
0.51099999	0.73575908	0.35654527
0.51199999	0.44814223	0.37706077
0.51299999	0.02749754	0.36008242
0.51399999	-0.38739541	0.31616017
0.51499999	-0.73729700	0.25132260
0.51599999	-0.87764519	0.18719243
0.51699999	-0.78863192	0.13327387
0.51799999	-0.51642472	0.10706816
0.51899999	-0.09879429	0.11251231
0.51999999	0.31194636	0.14736098
0.52099999	0.65452754	0.20610851
0.52199999	0.83169293	0.27334523
0.52299999	0.81594485	0.33938238
0.52399999	0.61011320	0.37453863
0.52499999	0.24698573	0.37395424
0.52599999	-0.17636564	0.34171999
0.52699999	-0.59891731	0.28235728
0.52799999	-0.83584523	0.21512057
0.52899999	-0.85396159	0.14969857
0.52999999	-0.66910678	0.11189715
0.53099999	-0.30591780	0.10768332
0.53199999	0.10497662	0.13112082
0.53299999	0.50261444	0.17898007
0.53399999	0.76417935	0.24003445
0.53499999	0.84953249	0.30484128
0.53599999	0.73677409	0.35153174
0.53699999	0.44445127	0.37333909
0.53799999	0.04204601	0.36180487
0.53899998	-0.41135579	0.31880537
0.53999998	-0.73009968	0.25759721
0.54099998	-0.86930978	0.18731545
0.54199998	-0.78980070	0.13167445
0.54299998	-0.50166094	0.09833292
0.54399998	-0.11374262	0.10436147
0.54499998	0.31720597	0.14917569
0.54599998	0.65179008	0.20746186
0.54699998	0.83944392	0.27045399
0.54799998	0.82541829	0.32874015
0.54899998	0.61297369	0.37355438
0.54999998	0.25156865	0.37958291
0.55099998	-0.20543183	0.34624138
0.55199998	-0.58224654	0.29060039
0.55299998	-0.82498771	0.22031865
0.55399998	-0.85377705	0.15911049
0.55499998	-0.66369343	0.11611097
0.55599998	-0.32507998	0.10442298
0.55699998	0.11312746	0.12561515
0.55799998	0.49747786	0.17525837
0.55899998	0.77045399	0.24612451
0.55999998	0.85488433	0.31040847
0.56099998	0.73806596	0.35885212
0.56199998	0.44721949	0.37629184
0.56299998	0.02657480	0.35992864
0.56399998	-0.38505784	0.31616017
0.56499998	-0.72831571	0.25132260
0.56599998	-0.86866385	0.18719243
0.56699998	-0.78632504	0.13327387
0.56799998	-0.51719368	0.10706816
0.56899998	-0.09894808	0.11251231
0.56999998	0.31194636	0.14736098
0.57099998	0.65452754	0.20610851
0.57199998	0.83169293	0.27334523
0.57299998	0.81594485	0.33938238
0.57399998	0.61011320	0.37453863
0.57499998	0.24698573	0.37395424
0.57599998	-0.17621186	0.34156618
0.57699998	-0.59814835	0.28158835
0.57799998	-0.83815205	0.21742742
0.57899998	-0.86297369	0.15867987
0.57999998	-0.67808807	0.12090920
0.58099998	-0.30822465	0.10999016
0.58199998	0.10571481	0.13035187
0.58299998	0.50276822	0.17882627
0.58399998	0.76402557	0.24003445
0.58499998	0.84876353	0.30484128
0.58599998	0.73908097	0.35153174
0.58699998	0.45343259	0.37333909
0.58799998	0.05105807	0.36180487
0.58899998	-0.40904897	0.31880537
0.58999998	-0.73102242	0.25744340
0.59099998	-0.87023252	0.18654650
0.59199998	-0.78749382	0.13413508
0.59299998	-0.49267963	0.10811393
0.59399998	-0.10476132	0.11088213
0.59499998	0.31951278	0.14173228
0.59599998	0.65105194	0.20017225
0.59699998	0.83929008	0.27774361
0.59799998	0.82541829	0.33618355
0.59899998	0.61297369	0.36703372
0.59999998	0.25156865	0.36980191
0.60099998	-0.20543183	0.34378076
0.60199998	-0.58224654	0.29136935
0.60299998	-0.82498771	0.22047244
0.60399998	-0.85377705	0.15911049
0.60499998	-0.66369343	0.11611097
0.60599998	-0.32507998	0.10442298
0.60699998	0.11312746	0.12561515
0.60799998	0.49747786	0.17525837
0.60899998	0.77045399	0.24612451
0.60999998	0.85503817	0.31040847
0.61099998	0.73883492	0.35885212
0.61199998	0.44506642	0.37629184
0.61299998	0.01833169	0.35992864
0.61399998	-0.39637673	0.31616017
0.61499998	-0.73963457	0.25132260
0.61599998	-0.87687624	0.18719243
0.61699998	-0.78847808	0.13327387
0.61799998	-0.51642472	0.10706816
0.61899998	-0.09879429	0.11251231
0.61999998	0.31194636	0.14751476
0.62099998	0.65452754	0.20687746
0.62199998	0.83169293	0.27103838
0.62299998	0.81594485	0.33040109
0.62399998	0.60995942	0.36555734
0.62499998	0.24621677	0.37161663
0.62599998	-0.17402805	0.34233513
0.62699998	-0.58990526	0.28174213
0.62799998	-0.82686394	0.21758120
0.62899998	-0.85165477	0.15944882
0.62999998	-0.66987574	0.11860237
0.63099998	-0.30607161	0.10100885
0.63199998	0.10497662	0.12121678
0.63299998	0.50261444	0.17575049
0.63399998	0.76417935	0.24311024
0.63499998	0.84953249	0.31397638
0.63599998	0.73692793	0.36054379
0.63699998	0.44522023	0.37567666
0.63799998	0.03973917	0.36103591
0.63899998	-0.42033711	0.31862080
0.63999998	-0.73923475	0.25744340
0.64099998	-0.87238556	0.18654650
0.64199998	-0.78672493	0.13398130
0.64299998	-0.49252585	0.10734498
0.64399998	-0.10476132	0.11318897
0.64499998	0.31951278	0.15074433
0.64599998	0.65105194	0.20918430
0.64699998	0.83929008	0.28005046
0.64799998	0.82541829	0.33541462
0.64899998	0.61297369	0.36687991
0.64999998	0.25156865	0.36980191
0.65099998	-0.20543183	0.34378076
0.65199998	-0.58224654	0.29136935
0.65299998	-0.82498771	0.22047244
0.65399998	-0.85377705	0.15911049
0.65499998	-0.66369343	0.11611097
0.65599998	-0.32507998	0.10442298
0.65699998	0.11312746	0.12561515
0.65799998	0.49747786	0.17525837
0.65899998	0.77045399	0.24612451
0.65999998	0.85488433	0.31040847
0.66099998	0.73806596	0.35885212
0.66199998	0.44721949	0.37629184
0.66299998	0.02657480	0.35992864
0.66399998	-0.38505784	0.31616017
0.66499998	-0.72831571	0.25132260
0.66599998	-0.86866385	0.18719243
0.66699998	-0.78632504	0.13327387
0.66799998	-0.51719368	0.10691437
0.66899998	-0.09894808	0.11174335
0.66999998	0.31194636	0.14969857
0.67099998	0.65452754	0.21512057
0.67199998	0.83169293	0.28235728
0.67299998	0.81594485	0.34171999
0.67399998	0.61011320	0.37376967
0.67499998	0.24698573	0.37376967
0.67599998	-0.17636564	0.34156618
0.67699998	-0.59891731	0.28158835
0.67799998	-0.83584523	0.21742742
0.67899998	-0.85396159	0.15867987
0.67999998	-0.66910678	0.12090920
0.68099998	-0.30591780	0.10999016
0.68199998	0.10497662	0.13035187
0.68299998	0.50261444	0.17882627
0.68399998	0.76417935	0.24003445
0.68499998	0.84953249	0.30484128
0.68599998	0.73677409	0.35153174
0.68699998	0.44445127	0.37333909
0.68799998	0.04204601	0.36180487
0.68899998	-0.41135579	0.31880537
0.68999998	-0.73009968	0.25744340
0.69099998	-0.86930978	0.18654650
0.69199998	-0.78980070	0.13398130
0.69299998	-0.50166094	0.10734498
0.69399998	-0.11358882	0.11318897
0.69499998	0.31797490	0.15074433
0.69599998	0.64932948	0.20918430
0.69699998	0.82966292	0.28005046
0.69799998	0.81874382	0.33556840
0.69899998	0.61964810	0.36764887
0.69999998	0.26131889	0.36749509
0.70099998	-0.20297121	0.33479947
0.70199998	-0.58301550	0.28238803
0.70299998	-0.82514149	0.21816561
0.70399998	-0.85377705	0.15987943
0.70499998	-0.66369343	0.11626476
0.70599998	-0.32507998	0.10457677
0.70699998	0.11312746	0.12638411
0.70799998	0.49747786	0.17292076
0.70899998	0.77045399	0.23711245
0.70999998	0.85488433	0.30139640
0.71099998	0.73806596	0.35654527
0.71199998	0.44737327	0.37706077
0.71299998	0.02734375	0.36008242
0.71399998	-0.38739541	0.31616017
0.71499998	-0.73729700	0.25132260
0.71599998	-0.87764519	0.18719243
0.71699998	-0.78863192	0.13327387
0.71799998	-0.51642472	0.10706816
0.71899998	-0.09879429	0.11251231
0.71999998	0.31194636	0.14751476
0.72099998	0.65452754	0.20687746
0.72199998	0.83169293	0.27103838
0.72299998	0.81594485	0.33040109
0.72399998	0.61011320	0.36555734
0.72499998	0.24698573	0.37161663
0.72599998	-0.17636564	0.34233513
0.72699998	-0.59891731	0.28174213
0.72799998	-0.83584523	0.21758120
0.72899998	-0.85396159	0.15944882
0.72999998	-0.66910678	0.11860237
0.73099998	-0.30591780	0.10100885
0.73199998	0.10497662	0.12137057
0.73299998	0.50261444	0.17651944
0.73399998	0.76417935	0.24080339
0.73499998	0.84953249	0.30499509
0.73599998	0.73677409	0.35153174
0.73699998	0.44445127	0.37333909
0.73799998	0.04204601	0.36180487
0.73899998	-0.41135579	0.31880537
0.73999998	-0.73009968	0.25744340
0.74099998	-0.86930978	0.18654650
0.74199998	-0.78980070	0.13398130
0.74299998	-0.50166094	0.10734498
0.74399998	-0.11358882	0.11334276
0.74499998	0.31797490	0.15151329
0.74599998	0.64948326	0.20684670
0.74699998	0.83043182	0.27106914
0.74799998	0.81640625	0.32640254
0.74899998	0.61066681	0.36457309
0.74999998	0.25233760	0.37057087
0.75099998	-0.20527805	0.34393454
0.75199998	-0.58224654	0.29136935
0.75299998	-0.82498771	0.22047244
0.75399998	-0.85377705	0.15911049
0.75499998	-0.66369343	0.11611097
0.75599998	-0.32507998	0.10457677
0.75699998	0.11312746	0.12638411
0.75799998	0.49763164	0.17292076
0.75899998	0.77122295	0.23711245
0.75999998	0.85257751	0.30139640
0.76099998	0.72908467	0.35654527
0.76199998	0.43839198	0.37706077
0.76299998	0.02500615	0.36008242
0.76399998	-0.38662648	0.31616017
0.76499998	-0.73714322	0.25132260
0.76599998	-0.87764519	0.18719243
0.76699998	-0.78863192	0.13327387
0.76799998	-0.51657850	0.10706816
0.76899998	-0.09953248	0.11251231
0.76999998	0.31425321	0.14751476
0.77099998	0.66347808	0.20687746
0.77199998	0.84064347	0.27103838
0.77299998	0.81825173	0.33040109
0.77399998	0.60919046	0.36540353
0.77499998	0.24606299	0.37084767
0.77599998	-0.17387426	0.34479576
0.77699998	-0.58913630	0.29149237
0.77799998	-0.82917076	0.22413263
0.77899998	-0.86066681	0.15200542
0.77999998	-0.67885703	0.11112820
0.78099998	-0.30837846	0.10752953
0.78199998	0.10571481	0.13112082
0.78299998	0.50276822	0.17898007
0.78399998	0.76402557	0.24003445
0.78499998	0.84876353	0.30484128
0.78599998	0.73923475	0.35153174
0.78699998	0.45420152	0.37333909
0.78799998	0.04872047	0.36180487
0.78899998	-0.41799951	0.31880537
0.78999998	-0.74000371	0.25744340
0.79099998	-0.87253934	0.18654650
0.79199998	-0.78672493	0.13398130
0.79299998	-0.49252585	0.10734498
0.79399998	-0.10460753	0.11334276
0.79499998	0.32028174	0.15151329
0.79599998	0.64871430	0.20669292
0.79699998	0.83027804	0.27030021
0.79799998	0.81656003	0.32874015
0.79899998	0.61143577	0.37355438
0.79999998	0.25000000	0.37958291
0.80099998	-0.21429011	0.34624138
0.80199998	-0.59125859	0.29060039
0.80299998	-0.82729453	0.22031865
0.80399998	-0.85300809	0.15911049
0.80499998	-0.66353959	0.11611097
0.80599998	-0.32492617	0.10457677
0.80699998	0.11389641	0.12638411
0.80799998	0.49517101	0.17292076
0.80899998	0.76147270	0.23711245
0.80999998	0.84605682	0.30139640
0.81099998	0.73652804	0.35654527
0.81199998	0.44568160	0.37706077
0.81299998	0.01771653	0.36008242
0.81399998	-0.39406988	0.31616017
0.81499998	-0.73062253	0.25132260
0.81599998	-0.86789495	0.18719243
0.81699998	-0.78617126	0.13327387
0.81799998	-0.51719368	0.10706816
0.81899998	-0.09894808	0.11251231
0.81999998	0.31194636	0.14751476
0.82099998	0.65452754	0.20687746
0.82199998	0.83169293	0.27103838
0.82299998	0.81594485	0.33040109
0.82399998	0.60995942	0.36555734
0.82499998	0.24621677	0.37161663
0.82599998	-0.17402805	0.34233513
0.82699998	-0.58990526	0.28174213
0.82799998	-0.82686394	0.21758120
0.82899998	-0.85165477	0.15944882
0.82999998	-0.66987574	0.11860237
0.83099998	-0.30607161	0.10100885
0.83199998	0.10497662	0.12137057
0.83299998	0.50261444	0.17651944
0.83399998	0.76417935	0.24080339
0.83499998	0.84953249	0.30499509
0.83599998	0.73692793	0.35171628
0.83699998	0.44522023	0.37410802
0.83799998	0.03973917	0.35946727
0.83899998	-0.42033711	0.30979329
0.83999998	-0.73908097	0.24843135
0.84099998	-0.87161660	0.18423967
0.84199998	-0.78903174	0.13475025
0.84299998	-0.50150716	0.10749877
0.84399998	-0.11374262	0.11318897
0.84499998	0.31720597	0.15074433
0.84599998	0.65179008	0.20918430
0.84699998	0.83944392	0.28005046
0.84799998	0.82541829	0.33541462
0.84899998	0.61297369	0.36687991
0.84999998	0.25156865	0.36980191
0.85099998	-0.20543183	0.34378076
0.85199998	-0.58224654	0.29136935
0.85299998	-0.82498771	0.22047244
0.85399998	-0.85377705	0.15911049
0.85499998	-0.66369343	0.11611097
0.85599998	-0.32507998	0.10457677
0.85699998	0.11312746	0.12638411
0.85799998	0.49747786	0.17292076
0.85899998	0.77045399	0.23711245
0.85999998	0.85488433	0.30139640
0.86099998	0.73806596	0.35654527
0.86199998	0.44721949	0.37706077
0.86299998	0.02657480	0.36008242
0.86399998	-0.38505784	0.31616017
0.86499998	-0.72831571	0.25132260
0.86599998	-0.86866385	0.18719243
0.86699998	-0.78632504	0.13327387
0.86799998	-0.51719368	0.10706816
0.86899998	-0.09894808	0.11251231
0.86999998	0.31194636	0.14751476
0.87099998	0.65452754	0.20687746
0.87199998	0.83169293	0.27103838
0.87299998	0.81594485	0.33040109
0.87399998	0.61011320	0.36555734
0.87499998	0.24698573	0.37161663
0.87599998	-0.17636564	0.34233513
0.87699998	-0.59891731	0.28174213
0.87799998	-0.83584523	0.21758120
0.87899998	-0.85396159	0.15944882
0.87999998	-0.66910678	0.11860237
0.88099998	-0.30591780	0.10100885
0.88199998	0.10497662	0.12121678
0.88299998	0.50261444	0.17575049
0.88399998	0.76402557	0.24311024
0.88499998	0.84876353	0.31397638
0.88599998	0.73923475	0.36054379
0.88699998	0.45420152	0.37567666
0.88799998	0.04856668	0.36103591
0.88899998	-0.41876847	0.31862080
0.88999998	-0.73751229	0.25759721
0.89099998	-0.86278909	0.18731545
0.89199997	-0.78005046	0.13167445
0.89299997	-0.49920028	0.09833292
0.89399997	-0.11435778	0.10420768
0.89499997	0.31782112	0.14840674
0.89599997	0.64932948	0.20992249
0.89699997	0.82966292	0.28020424
0.89799997	0.81874382	0.33541462
0.89899997	0.61964810	0.36687991
0.89999997	0.26131889	0.36980191
0.90099997	-0.20297121	0.34378076
0.90199997	-0.58301550	0.29136935
0.90299997	-0.82514149	0.22047244
0.90399997	-0.85377705	0.15911049
0.90499997	-0.66369343	0.11611097
0.90599997	-0.32507998	0.10442298
0.90699997	0.11312746	0.12561515
0.90799997	0.49747786	0.17541215
0.90899997	0.77045399	0.24689345
0.90999997	0.85503817	0.30810162
0.91099997	0.73883492	0.34990159
0.91199997	0.44491264	0.36731052
0.91299997	0.01756275	0.35762179
0.91399997	-0.39406988	0.31689838
0.91499997	-0.73062253	0.25147638
0.91599997	-0.86789495	0.18719243
0.91699997	-0.78617126	0.13327387
0.91799997	-0.51719368	0.10691437
0.91899997	-0.09894808	0.11174335
0.91999997	0.31194636	0.14985237
0.92099997	0.65452754	0.21588951
0.92199997	0.83169293	0.28001967
0.92299997	0.81594485	0.33270791
0.92399997	0.61011320	0.36463460
0.92499997	0.24698573	0.37069389
0.92599997	-0.17636564	0.34479576
0.92699997	-0.59891731	0.29149237
0.92799997	-0.83584523	0.22413263
0.92899997	-0.85396159	0.15200542
0.92999997	-0.66910678	0.11112820
0.93099997	-0.30591780	0.10752953
0.93199997	0.10497662	0.13112082
0.93299997	0.50261444	0.17898007
0.93399997	0.76417935	0.24003445
0.93499997	0.84953249	0.30484128
0.93599997	0.73677409	0.35153174
0.93699997	0.44445127	0.37333909
0.93799997	0.04204601	0.36180487
0.93899997	-0.41135579	0.31880537
0.93999997	-0.73009968	0.25759721
0.94099997	-0.86930978	0.18731545
0.94199997	-0.78980070	0.13167445
0.94299997	-0.50166094	0.09833292
0.94399997	-0.11358882	0.10420768
0.94499997	0.31797490	0.14840674
0.94599997	0.64948326	0.20992249
0.94699997	0.83043182	0.28020424
0.94799997	0.81640625	0.33541462
0.94899997	0.61066681	0.36687991
0.94999997	0.25233760	0.36980191
0.95099997	-0.20527805	0.34378076
0.95199997	-0.58209276	0.29136935
0.95299997	-0.82421875	0.22047244
0.95399997	-0.85611469	0.15911049
0.95499997	-0.67270547	0.11611097
0.95599997	-0.33409202	0.10442298
0.95699997	0.11078987	0.12561515
0.95799997	0.49824679	0.17525837
0.95899997	0.77060777	0.24612451
0.95999997	0.85488433	0.31040847
0.96099997	0.73806596	0.35885212
0.96199997	0.44721949	0.37629184
0.96299997	0.02657480	0.35992864
0.96399997	-0.38505784	0.31616017
0.96499997	-0.72831571	0.25132260
0.96599997	-0.86866385	0.18719243
0.96699997	-0.78632504	0.13327387
0.96799997	-0.51719368	0.10706816
0.96899997	-0.09894808	0.11251231
0.96999997	0.31194636	0.14751476
0.97099997	0.65452754	0.20687746
0.97199997	0.83169293	0.27103838
0.97299997	0.81594485	0.33040109
0.97399997	0.60995942	0.36555734
0.97499997	0.24621677	0.37161663
0.97599997	-0.17402805	0.34248891
0.97699997	-0.58990526	0.28251109
0.97799997	-0.82686394	0.21512057
0.97899997	-0.85165477	0.14969857
0.97999997	-0.66987574	0.11189715
0.98099997	-0.30607161	0.10768332
0.98199997	0.10497662	0.13112082
0.98299997	0.50261444	0.17898007
0.98399997	0.76402557	0.24003445
0.98499997	0.84876353	0.30484128
0.98599997	0.73923475	0.35153174
0.98699997	0.45420152	0.37333909
0.98799997	0.04872047	0.36180487
0.98899997	-0.41799951	0.31880537
0.98999997	-0.74000371	0.25744340
0.99099997	-0.87253934	0.18654650
0.99199997	-0.78672493	0.13398130
0.99299997	-0.49252585	0.10734498
0.99399997	-0.10460753	0.11318897
0.99499997	0.32028174	0.15074433
0.99599997	0.64871430	0.20918430
0.99699997	0.83027804	0.28005046
0.99799997	0.81640625	0.33541462
0.99899997	0.61066681	0.36687991
0.99999997	0.25233760	0.36995572
1.00099997	-0.20527805	0.34454972
1.00199997	-0.58224654	0.28903174
1.00299997	-0.82498771	0.21149114
1.00399997	-0.85377705	0.15012918
1.00499997	-0.66369343	0.11380413
1.00599997	-0.32507998	0.10516117
1.00699997	0.11312746	0.12576894
1.00799997	0.49747786	0.17541215
1.00899997	0.77045399	0.24689345
1.00999997	0.85503817	0.30810162
1.01099997	0.73883492	0.34990159
1.01199997	0.44506642	0.36731052
1.01299997	0.01833169	0.35762179
1.01399997	-0.39637673	0.31689838
1.01499997	-0.73963457	0.25147638
1.01599997	-0.87687624	0.18719243
1.01699997	-0.78847808	0.13327387
1.01799997	-0.51642472	0.10706816
1.01899997	-0.09879429	0.11251231
1.01999997	0.31194636	0.14736098
1.02099997	0.65452754	0.20610851
1.02199997	0.83169293	0.27334523
1.02299997	0.81594485	0.33938238
1.02399997	0.61011320	0.37438485
1.02499997	0.24698573	0.37318528
1.02599997	-0.17636564	0.34387302
1.02699997	-0.59891731	0.29056963
1.02799997	-0.83584523	0.22643946
1.02899997	-0.85396159	0.16101746
1.02999997	-0.66926056	0.12014025
1.03099997	-0.30668676	0.10983637
1.03199997	0.10728347	0.13035187
1.03299997	0.51159573	0.17882627
1.03399997	0.77319145	0.24003445
1.03499997	0.85187006	0.30484128
1.03599997	0.73615897	0.35153174
1.03699997	0.44506642	0.37333909
1.03799997	0.03973917	0.36180487
1.03899997	-0.42033711	0.31880537
1.03999997	-0.73908097	0.25744340
1.04099997	-0.87161660	0.18654650
1.04199997	-0.78903174	0.13398130
1.04299997	-0.50150716	0.10734498
1.04399997	-0.11374262	0.11334276
1.04499997	0.31720597	0.15151329
1.04599997	0.65179008	0.20684670
1.04699997	0.83944392	0.27106914
1.04799997	0.82541829	0.32640254
1.04899997	0.61297369	0.36457309
1.04999997	0.25156865	0.37057087
1.05099997	-0.20543183	0.34393454
1.05199997	-0.58224654	0.29136935
1.05299997	-0.82498771	0.22047244
1.05399997	-0.85377705	0.15911049
1.05499997	-0.66369343	0.11611097
1.05599997	-0.32507998	0.10457677
1.05699997	0.11312746	0.12638411
1.05799997	0.49747786	0.17292076
1.05899997	0.77045399	0.23711245
1.05999997	0.85503817	0.30139640
1.06099997	0.73883492	0.35654527
1.06199997	0.44491264	0.37706077
1.06299997	0.01756275	0.36008242
1.06399997	-0.39406988	0.31616017
1.06499997	-0.73062253	0.25132260
1.06599997	-0.86789495	0.18719243
1.06699997	-0.78617126	0.13327387
1.06799997	-0.51719368	0.10706816
1.06899997	-0.09894808	0.11251231
1.06999997	0.31194636	0.14751476
1.07099997	0.65452754	0.20687746
1.07199997	0.83169293	0.27103838
1.07299997	0.81594485	0.33040109
1.07399997	0.61011320	0.36555734
1.07499997	0.24698573	0.37161663
1.07599997	-0.17621186	0.34233513
1.07699997	-0.59814835	0.28174213
1.07799997	-0.83815205	0.21758120
1.07899997	-0.86297369	0.15944882
1.07999997	-0.67808807	0.11860237
1.08099997	-0.30822465	0.10100885
1.08199997	0.10571481	0.12137057
1.08299997	0.50276822	0.17651944
1.08399997	0.76402557	0.24080339
1.08499997	0.84876353	0.30499509
1.08599997	0.73908097	0.35153174
1.08699997	0.45343259	0.37333909
1.08799997	0.05105807	0.36180487
1.08899997	-0.40904897	0.31880537
1.08999997	-0.73102242	0.25744340
1.09099997	-0.87023252	0.18654650
1.09199997	-0.78749382	0.13398130
1.09299997	-0.49267963	0.10734498
1.09399997	-0.10460753	0.11318897
1.09499997	0.32028174	0.15074433
1.09599997	0.64856052	0.20918430
1.09699997	0.82950908	0.28005046
1.09799997	0.81874382	0.33541462
1.09899997	0.61964810	0.36687991
1.09999997	0.26131889	0.36980191
1.10099997	-0.20297121	0.34378076
1.10199997	-0.58301550	0.29136935
1.10299997	-0.82514149	0.22047244
1.10399997	-0.85377705	0.15911049
1.10499997	-0.66369343	0.11611097
1.10599997	-0.32507998	0.10442298
1.10699997	0.11312746	0.12561515
1.10799997	0.49747786	0.17525837
1.10899997	0.77045399	0.24612451
1.10999997	0.85503817	0.31040847
1.11099997	0.73883492	0.35885212
1.11199997	0.44491264	0.37629184
1.11299997	0.01756275	0.35992864
1.11399997	-0.39406988	0.31616017
1.11499997	-0.73062253	0.25132260
1.11599997	-0.86789495	0.18719243
1.11699997	-0.78617126	0.13327387
1.11799997	-0.51719368	0.10706816
1.11899997	-0.09894808	0.11251231
1.11999997	0.31194636	0.14751476
1.12099997	0.65452754	0.20687746
1.12199997	0.83169293	0.27103838
1.12299997	0.81594485	0.33040109
1.12399997	0.61011320	0.36540353
1.12499997	0.24698573	0.37084767
1.12599997	-0.17636564	0.34464198
1.12699997	-0.59891731	0.29072341
1.12799997	-0.83584523	0.22659326
1.12899997	-0.85396159	0.16175567
1.12999997	-0.66910678	0.11783341
1.13099997	-0.30591780	0.10085507
1.13199997	0.10497662	0.12137057
1.13299997	0.50261444	0.17651944
1.13399997	0.76417935	0.24080339
1.13499997	0.84953249	0.30499509
1.13599997	0.73677409	0.35153174
1.13699997	0.44445127	0.37333909
1.13799997	0.04204601	0.36180487
1.13899997	-0.41135579	0.31880537
1.13999997	-0.73009968	0.25744340
1.14099997	-0.86930978	0.18654650
1.14199997	-0.78980070	0.13398130
1.14299997	-0.50166094	0.10734498
1.14399997	-0.11358882	0.11318897
1.14499997	0.31797490	0.15074433
1.14599997	0.64948326	0.20903051
1.14699997	0.83043182	0.27928150
1.14799997	0.81640625	0.33787525
1.14899997	0.61066681	0.37666091
1.14999997	0.25233760	0.37650713
1.15099997	-0.20527805	0.33710629
1.15199997	-0.58224654	0.28161910
1.15299997	-0.82498771	0.21801181
1.15399997	-0.85393083	0.15987943
1.15499997	-0.66446233	0.11626476
1.15599997	-0.32277313	0.10457677
1.15699997	0.12210876	0.12638411
1.15799997	0.50648993	0.17292076
1.15899997	0.77279156	0.23711245
1.15999997	0.85411543	0.30139640
1.16099997	0.73791218	0.35654527
1.16199997	0.44737327	0.37706077
1.16299997	0.02734375	0.36008242
1.16399997	-0.38739541	0.31616017
1.16499997	-0.73729700	0.25132260
1.16599997	-0.87779897	0.18719243
1.16699997	-0.78940082	0.13327387
1.16799997	-0.51411784	0.10706816
1.16899997	-0.08978223	0.11251231
1.16999997	0.32092765	0.14736098
1.17099997	0.65683442	0.20610851
1.17199997	0.83092397	0.27334523
1.17299997	0.81579107	0.33938238
1.17399997	0.61011320	0.37453863
1.17499997	0.24698573	0.37395424
1.17599997	-0.17621186	0.34156618
1.17699997	-0.59814835	0.28158835
1.17799997	-0.83815205	0.21742742
1.17899997	-0.86297369	0.15867987
1.17999997	-0.67808807	0.12090920
1.18099997	-0.30822465	0.10999016
1.18199997	0.10571481	0.13035187
1.18299997	0.50276822	0.17882627
1.18399997	0.76417935	0.24003445
1.18499997	0.84953249	0.30484128
1.18599997	0.73692793	0.35153174
1.18699997	0.44522023	0.37333909
1.18799997	0.03973917	0.36180487
1.18899997	-0.42033711	0.31880537
1.18999997	-0.73908097	0.25744340
1.19099997	-0.87161660	0.18654650
1.19199997	-0.78903174	0.13398130
1.19299997	-0.50150716	0.10734498
1.19399997	-0.11374262	0.11334276
1.19499997	0.31720597	0.15151329
1.19599997	0.65179008	0.20684670
1.19699997	0.83944392	0.27106914
1.19799997	0.82541829	0.32640254
1.19899997	0.61297369	0.36457309
1.19999997	0.25156865	0.37057087
1.20099997	-0.20543183	0.34393454
1.20199997	-0.58224654	0.29136935
1.20299997	-0.82498771	0.22047244
1.20399997	-0.85377705	0.15911049
1.20499997	-0.66369343	0.11611097
1.20599997	-0.32507998	0.10457677
1.20699997	0.11312746	0.12638411
1.20799997	0.49747786	0.17307456
1.20899997	0.77045399	0.23788139
1.20999997	0.85503817	0.29908955
1.21099997	0.73883492	0.34756398
1.21199997	0.44491264	0.36807948
1.21299997	0.01756275	0.35777560
1.21399997	-0.39406988	0.31689838
1.21499997	-0.73062253	0.25147638
1.21599997	-0.86789495	0.18719243
1.21699997	-0.78617126	0.13327387
1.21799997	-0.51719368	0.10706816
1.21899997	-0.09894808	0.11251231
1.21999997	0.31194636	0.14736098
1.22099997	0.65452754	0.20610851
1.22199997	0.83184671	0.27334523
1.22299997	0.81671381	0.33938238
1.22399997	0.60765254	0.37453863
1.22499997	0.23723549	0.37395424
1.22599997	-0.18304011	0.34156618
1.22699997	-0.59221208	0.28158835
1.22799997	-0.82609499	0.21742742
1.22899997	-0.85150099	0.15867987
1.22999997	-0.66987574	0.12090920
1.23099997	-0.30607161	0.10999016
1.23199997	0.10497662	0.13035187
1.23299997	0.50261444	0.17882627
1.23399997	0.76417935	0.24003445
1.23499997	0.84953249	0.30484128
1.23599997	0.73692793	0.35153174
1.23699997	0.44522023	0.37333909
1.23799997	0.03958539	0.36180487
1.23899997	-0.42110604	0.31880537
1.23999997	-0.73674333	0.25744340
1.24099997	-0.86263531	0.18654650
1.24199997	-0.78005046	0.13398130
1.24299997	-0.49920028	0.10734498
1.24399997	-0.11435778	0.11318897
1.24499997	0.31782112	0.15074433
1.24599996	0.64948326	0.20918430
1.24699996	0.83043182	0.28005046
1.24799996	0.81640625	0.33541462
1.24899996	0.61066681	0.36687991
1.24999996	0.25233760	0.36980191
1.25099996	-0.20527805	0.34378076
1.25199996	-0.58224654	0.29136935
1.25299996	-0.82498771	0.22047244
1.25399996	-0.85377705	0.15911049
1.25499996	-0.66369343	0.11611097
1.25599996	-0.32507998	0.10457677
1.25699996	0.11312746	0.12638411
1.25799996	0.49747786	0.17292076
1.25899996	0.77045399	0.23711245
1.25999996	0.85488433	0.30139640
1.26099996	0.73806596	0.35654527
1.26199996	0.44721949	0.37706077
1.26299996	0.02657480	0.36008242
1.26399996	-0.38505784	0.31616017
1.26499996	-0.72831571	0.25132260
1.26599996	-0.86866385	0.18719243
1.26699996	-0.78632504	0.13327387
1.26799996	-0.51719368	0.10706816
1.26899996	-0.09894808	0.11251231
1.26999996	0.31194636	0.14736098
1.27099996	0.65452754	0.20610851
1.27199996	0.83169293	0.27334523
1.27299996	0.81594485	0.33938238
1.27399996	0.60995942	0.37438485
1.27499996	0.24621677	0.37318528
1.27599996	-0.17402805	0.34387302
1.27699996	-0.58990526	0.29056963
1.27799996	-0.82686394	0.22659326
1.27899996	-0.85165477	0.16175567
1.27999996	-0.66987574	0.11783341
1.28099996	-0.30607161	0.10085507
1.28199996	0.10497662	0.12137057
1.28299996	0.50261444	0.17651944
1.28399996	0.76417935	0.24080339
1.28499996	0.84953249	0.30499509
1.28599996	0.73692793	0.35153174
1.28699996	0.44522023	0.37333909
1.28799996	0.03973917	0.36180487
1.28899996	-0.42033711	0.31880537
1.28999996	-0.73923475	0.25744340
1.29099996	-0.87238556	0.18654650
1.29199996	-0.78672493	0.13398130
1.29299996	-0.49252585	0.10734498
1.29399996	-0.10460753	0.11318897
1.29499996	0.32028174	0.15074433
1.29599996	0.64871430	0.20918430
1.29699996	0.83027804	0.28005046
1.29799996	0.81640625	0.33541462
1.29899996	0.61066681	0.36687991
1.29999996	0.25233760	0.36980191
1.30099996	-0.20527805	0.34378076
1.30199996	-0.58224654	0.29136935
1.30299996	-0.82498771	0.22047244
1.30399996	-0.85377705	0.15911049
1.30499996	-0.66369343	0.11611097
1.30599996	-0.32507998	0.10457677
1.30699996	0.11312746	0.12638411
1.30799996	0.49747786	0.17292076
1.30899996	0.77045399	0.23711245
1.30999996	0.85503817	0.30139640
1.31099996	0.73883492	0.35654527
1.31199996	0.44506642	0.37706077
1.31299996	0.01833169	0.36008242
1.31399996	-0.39637673	0.31616017
1.31499996	-0.73963457	0.25132260
1.31599996	-0.87687624	0.18719243
1.31699996	-0.78847808	0.13327387
1.31799996	-0.51642472	0.10706816
1.31899996	-0.09879429	0.11251231
1.31999996	0.31194636	0.14751476
1.32099996	0.65452754	0.20687746
1.32199996	0.83169293	0.27103838
1.32299996	0.81594485	0.33040109
1.32399996	0.60995942	0.36540353
1.32499996	0.24621677	0.37084767
1.32599996	-0.17402805	0.34464198
1.32699996	-0.58990526	0.29072341
1.32799996	-0.82686394	0.22643946
1.32899996	-0.85165477	0.16101746
1.32999996	-0.66987574	0.12014025
1.33099996	-0.30607161	0.10983637
1.33199996	0.10497662	0.13019808
1.33299996	0.50261444	0.17805733
1.33399996	0.76417935	0.24234129
1.33499996	0.84953249	0.31382260
1.33599996	0.73677409	0.36054379
1.33699996	0.44445127	0.37567666
1.33799996	0.04204601	0.36103591
1.33899996	-0.41135579	0.31862080
1.33999996	-0.73009968	0.25744340
1.34099996	-0.86930978	0.18654650
1.34199996	-0.78980070	0.13398130
1.34299996	-0.50166094	0.10734498
1.34399996	-0.11358882	0.11334276
1.34499996	0.31797490	0.15151329
1.34599996	0.64948326	0.20684670
1.34699996	0.83043182	0.27106914
1.34799996	0.81640625	0.32640254
1.34899996	0.61066681	0.36457309
1.34999996	0.25233760	0.37057087
1.35099996	-0.20527805	0.34393454
1.35199996	-0.58224654	0.29136935
1.35299996	-0.82498771	0.22047244
1.35399996	-0.85377705	0.15911049
1.35499996	-0.66369343	0.11611097
1.35599996	-0.32507998	0.10457677
1.35699996	0.11312746	0.12638411
1.35799996	0.49747786	0.17292076
1.35899996	0.77045399	0.23711245
1.35999996	0.85488433	0.30139640
1.36099996	0.73806596	0.35654527
1.36199996	0.44721949	0.37706077
1.36299996	0.02657480	0.36008242
1.36399996	-0.38505784	0.31616017
1.36499996	-0.72831571	0.25132260
1.36599996	-0.86881769	0.18719243
1.36699996	-0.78709400	0.13327387
1.36799996	-0.51485604	0.10706816
1.36899996	-0.08993603	0.11251231
1.36999996	0.32092765	0.14751476
1.37099996	0.65683442	0.20687746
1.37199996	0.83092397	0.27103838
1.37299996	0.81579107	0.33040109
1.37399996	0.61011320	0.36555734
1.37499996	0.24698573	0.37161663
1.37599996	-0.17636564	0.34233513
1.37699996	-0.59891731	0.28174213
1.37799996	-0.83584523	0.21758120
1.37899996	-0.85396159	0.15944882
1.37999996	-0.66910678	0.11860237
1.38099996	-0.30591780	0.10100885
1.38199996	0.10497662	0.12137057
1.38299996	0.50261444	0.17651944
1.38399996	0.76402557	0.24080339
1.38499996	0.84876353	0.30499509
1.38599996	0.73923475	0.35153174
1.38699996	0.45420152	0.37333909
1.38799996	0.04872047	0.36180487
1.38899996	-0.41799951	0.31880537
1.38999996	-0.74000371	0.25744340
1.39099996	-0.87253934	0.18654650
1.39199996	-0.78672493	0.13398130
1.39299996	-0.49252585	0.10734498
1.39399996	-0.10460753	0.11318897
1.39499996	0.32028174	0.15074433
1.39599996	0.64871430	0.20918430
1.39699996	0.83027804	0.28005046
1.39799996	0.81640625	0.33541462
1.39899996	0.61066681	0.36687991
1.39999996	0.25233760	0.36980191
1.40099996	-0.20527805	0.34378076
1.40199996	-0.58224654	0.29136935
1.40299996	-0.82498771	0.22047244
1.40399996	-0.85377705	0.15911049
1.40499996	-0.66369343	0.11611097
1.40599996	-0.32507998	0.10442298
1.40699996	0.11312746	0.12561515
1.40799996	0.49747786	0.17541215
1.40899996	0.77045399	0.24689345
1.40999996	0.85503817	0.30810162
1.41099996	0.73883492	0.34990159
1.41199996	0.44491264	0.36731052
1.41299996	0.01756275	0.35762179
1.41399996	-0.39406988	0.31689838
1.41499996	-0.73062253	0.25147638
1.41599996	-0.86789495	0.18719243
1.41699996	-0.78617126	0.13327387
1.41799996	-0.51719368	0.10706816
1.41899996	-0.09894808	0.11251231
1.41999996	0.31194636	0.14736098
1.42099996	0.65452754	0.20610851
1.42199996	0.83169293	0.27334523
1.42299996	0.81594485	0.33938238
1.42399996	0.61011320	0.37453863
1.42499996	0.24698573	0.37395424
1.42599996	-0.17636564	0.34156618
1.42699996	-0.59891731	0.28158835
1.42799996	-0.83584523	0.21758120
1.42899996	-0.85396159	0.15944882
1.42999996	-0.66910678	0.11860237
1.43099996	-0.30591780	0.10100885
1.43199996	0.10497662	0.12137057
1.43299996	0.50261444	0.17651944
1.43399996	0.76417935	0.24080339
1.43499996	0.84953249	0.30499509
1.43599996	0.73677409	0.35153174
1.43699996	0.44445127	0.37333909
1.43799996	0.04204601	0.36180487
1.43899996	-0.41135579	0.31880537
1.43999996	-0.73009968	0.25744340
1.44099996	-0.86930978	0.18654650
1.44199996	-0.78980070	0.13398130
1.44299996	-0.50166094	0.10734498
1.44399996	-0.11358882	0.11334276
1.44499996	0.31797490	0.15151329
1.44599996	0.64948326	0.20684670
1.44699996	0.83043182	0.27106914
1.44799996	0.81640625	0.32655635
1.44899996	0.61066681	0.36534202
1.44999996	0.25233760	0.36826402
1.45099996	-0.20527805	0.33495325
1.45199996	-0.58224654	0.28238803
1.45299996	-0.82498771	0.21816561
1.45399996	-0.85393083	0.15987943
1.45499996	-0.66446233	0.11626476
1.45599996	-0.32277313	0.10457677
1.45699996	0.12210876	0.12638411
1.45799996	0.50648993	0.17292076
1.45899996	0.77279156	0.23711245
1.45999996	0.85411543	0.30139640
1.46099996	0.73791218	0.35654527
1.46199996	0.44721949	0.37706077
1.46299996	0.02657480	0.36008242
1.46399996	-0.38505784	0.31616017
1.46499996	-0.72831571	0.25132260
1.46599996	-0.86866385	0.18719243
1.46699996	-0.78632504	0.13327387
1.46799996	-0.51719368	0.10706816
1.46899996	-0.09894808	0.11251231
1.46999996	0.31194636	0.14751476
1.47099996	0.65452754	0.20687746
1.47199996	0.83169293	0.27103838
1.47299996	0.81594485	0.33040109
1.47399996	0.61011320	0.36555734
1.47499996	0.24698573	0.37161663
1.47599996	-0.17621186	0.34248891
1.47699996	-0.59814835	0.28251109
1.47799996	-0.83815205	0.21512057
1.47899996	-0.86297369	0.14969857
1.47999996	-0.67808807	0.11189715
1.48099996	-0.30822465	0.10768332
1.48199996	0.10571481	0.13112082
1.48299996	0.50276822	0.17898007
1.48399996	0.76402557	0.24003445
1.48499996	0.84876353	0.30484128
1.48599996	0.73908097	0.35153174
1.48699996	0.45343259	0.37333909
1.48799996	0.05105807	0.36180487
1.48899996	-0.40904897	0.31880537
1.48999996	-0.73102242	0.25744340
1.49099996	-0.87023252	0.18654650
1.49199996	-0.78749382	0.13398130
1.49299996	-0.49267963	0.10734498
1.49399996	-0.10476132	0.11318897
1.49499996	0.31951278	0.15074433
1.49599996	0.65105194	0.20903051
1.49699996	0.83929008	0.27928150
1.49799996	0.82541829	0.33772147
1.49899996	0.61297369	0.37589198
1.49999996	0.25156865	0.37881398
1.50099996	-0.20543183	0.34608760
1.50199996	-0.58224654	0.29060039
1.50299996	-0.82498771	0.22031865
1.50399996	-0.85377705	0.15911049
1.50499996	-0.66369343	0.11611097
1.50599996	-0.32507998	0.10457677
1.50699996	0.11312746	0.12638411
1.50799996	0.49747786	0.17292076
1.50899996	0.77045399	0.23711245
1.50999996	0.85503817	0.30139640
1.51099996	0.73883492	0.35654527
1.51199996	0.44506642	0.37706077
1.51299996	0.01833169	0.36008242
1.51399996	-0.39637673	0.31616017
1.51499996	-0.73963457	0.25132260
1.51599996	-0.87703001	0.18719243
1.51699996	-0.78924704	0.13327387
1.51799996	-0.51411784	0.10706816
1.51899996	-0.08978223	0.11251231
1.51999996	0.32092765	0.14751476
1.52099996	0.65683442	0.20687746
1.52199996	0.83092397	0.27103838
1.52299996	0.81579107	0.33040109
1.52399996	0.61011320	0.36540353
1.52499996	0.24698573	0.37084767
1.52599996	-0.17636564	0.34464198
1.52699996	-0.59891731	0.29072341
1.52799996	-0.83584523	0.22643946
1.52899996	-0.85396159	0.16101746
1.52999996	-0.66910678	0.12014025
1.53099996	-0.30591780	0.10983637
1.53199996	0.10497662	0.13035187
1.53299996	0.50261444	0.17882627
1.53399996	0.76417935	0.24003445
1.53499996	0.84953249	0.30484128
1.53599996	0.73692793	0.35153174
1.53699996	0.44522023	0.37333909
1.53799996	0.03958539	0.36180487
1.53899996	-0.42110604	0.31880537
1.53999996	-0.73674333	0.25744340
1.54099996	-0.86263531	0.18654650
1.54199996	-0.78005046	0.13398130
1.54299996	-0.49920028	0.10734498
1.54399996	-0.11451156	0.11318897
1.54499996	0.31705216	0.15074433
1.54599996	0.65179008	0.20918430
1.54699996	0.83944392	0.28005046
1.54799996	0.82541829	0.33541462
1.54899996	0.61297369	0.36687991
1.54999996	0.25156865	0.36980191
1.55099996	-0.20543183	0.34378076
1.55199996	-0.58224654	0.29136935
1.55299996	-0.82498771	0.22047244
1.55399996	-0.85393083	0.15911049
1.55499996	-0.66446233	0.11611097
1.55599996	-0.32277313	0.10457677
1.55699996	0.12210876	0.12638411
1.55799996	0.50648993	0.17292076
1.55899996	0.77279156	0.23711245
1.55999996	0.85411543	0.30139640
1.56099996	0.73791218	0.35654527
1.56199996	0.44737327	0.37706077
1.56299996	0.02734375	0.36008242
1.56399996	-0.38739541	0.31616017
1.56499996	-0.73729700	0.25132260
1.56599996	-0.87764519	0.18719243
1.56699996	-0.78863192	0.13327387
1.56799996	-0.51642472	0.10706816
1.56899996	-0.09879429	0.11251231
1.56999996	0.31194636	0.14751476
1.57099996	0.65452754	0.20687746
1.57199996	0.83169293	0.27103838
1.57299996	0.81594485	0.33040109
1.57399996	0.60995942	0.36555734
1.57499996	0.24621677	0.37161663
1.57599996	-0.17402805	0.34233513
1.57699996	-0.58990526	0.28174213
1.57799996	-0.82686394	0.21742742
1.57899996	-0.85165477	0.15867987
1.57999996	-0.66987574	0.12090920
1.58099996	-0.30607161	0.10999016
1.58199996	0.10497662	0.13035187
1.58299996	0.50261444	0.17882627
1.58399996	0.76417935	0.24003445
1.58499996	0.84953249	0.30484128
1.58599996	0.73692793	0.35153174
1.58699996	0.44522023	0.37333909
1.58799996	0.03973917	0.36180487
1.58899996	-0.42033711	0.31880537
1.58999996	-0.73908097	0.25744340
1.59099996	-0.87161660	0.18654650
1.59199996	-0.78903174	0.13413508
1.59299996	-0.50150716	0.10811393
1.59399996	-0.11358882	0.11103593
1.59499996	0.31797490	0.14250124
1.59599996	0.64948326	0.19786540
1.59699996	0.83043182	0.26873153
1.59799996	0.81656003	0.32717150
1.59899995	0.61143577	0.36472687
1.59999995	0.25000000	0.37057087
1.60099995	-0.21429011	0.34393454
1.60199995	-0.59125859	0.29136935
1.60299995	-0.82729453	0.22047244
1.60399995	-0.85300809	0.15911049
1.60499995	-0.66353959	0.11611097
1.60599995	-0.32507998	0.10442298
1.60699995	0.11312746	0.12561515
1.60799995	0.49747786	0.17525837
1.60899995	0.77045399	0.24612451
1.60999995	0.85503817	0.31040847
1.61099995	0.73883492	0.35885212
1.61199995	0.44491264	0.37629184
1.61299995	0.01756275	0.35992864
1.61399995	-0.39406988	0.31616017
1.61499995	-0.73062253	0.25132260
1.61599995	-0.86789495	0.18719243
1.61699995	-0.78617126	0.13327387
1.61799995	-0.51719368	0.10706816
1.61899995	-0.09894808	0.11251231
1.61999995	0.31194636	0.14751476
1.62099995	0.65452754	0.20687746
1.62199995	0.83184671	0.27103838
1.62299995	0.81671381	0.33040109
1.62399995	0.60765254	0.36555734
1.62499995	0.23723549	0.37161663
1.62599995	-0.18304011	0.34233513
1.62699995	-0.59221208	0.28174213
1.62799995	-0.82609499	0.21742742
1.62899995	-0.85150099	0.15867987
1.62999995	-0.66987574	0.12090920
1.63099995	-0.30607161	0.10999016
1.63199995	0.10497662	0.13035187
1.63299995	0.50261444	0.17882627
1.63399995	0.76417935	0.24003445
1.63499995	0.84953249	0.30484128
1.63599995	0.73692793	0.35171628
1.63699995	0.44522023	0.37410802
1.63799995	0.03973917	0.35946727
1.63899995	-0.42033711	0.30979329
1.63999995	-0.73908097	0.24843135
1.64099995	-0.87161660	0.18423967
1.64199995	-0.78903174	0.13475025
1.64299995	-0.50150716	0.10749877
1.64399995	-0.11358882	0.11318897
1.64499995	0.31797490	0.15074433
1.64599995	0.64948326	0.20918430
1.64699995	0.83043182	0.28005046
1.64799995	0.81640625	0.33541462
1.64899995	0.61066681	0.36687991
1.64999995	0.25233760	0.36980191
1.65099995	-0.20527805	0.34378076
1.65199995	-0.58224654	0.29136935
1.65299995	-0.82498771	0.22047244
1.65399995	-0.85393083	0.15911049
1.65499995	-0.66446233	0.11611097
1.65599995	-0.32277313	0.10442298
1.65699995	0.12210876	0.12561515
1.65799995	0.50648993	0.17525837
1.65899995	0.77279156	0.24612451
1.65999995	0.85426921	0.31040847
1.66099995	0.73868108	0.35885212
1.66199995	0.44491264	0.37629184
1.66299995	0.01756275	0.35992864
1.66399995	-0.39406988	0.31616017
1.66499995	-0.73062253	0.25132260
1.66599995	-0.86804873	0.18719243
1.66699995	-0.78694022	0.13327387
1.66799995	-0.51485604	0.10706816
1.66899995	-0.08993603	0.11251231
1.66999995	0.32092765	0.14751476
1.67099995	0.65683442	0.20687746
1.67199995	0.83092397	0.27103838
1.67299995	0.81579107	0.33040109
1.67399995	0.61011320	0.36540353
1.67499995	0.24698573	0.37084767
1.67599995	-0.17636564	0.34479576
1.67699995	-0.59891731	0.29149237
1.67799995	-0.83584523	0.22413263
1.67899995	-0.85396159	0.15200542
1.67999995	-0.66910678	0.11112820
1.68099995	-0.30591780	0.10752953
1.68199995	0.10497662	0.13112082
1.68299995	0.50261444	0.17898007
1.68399995	0.76417935	0.24003445
1.68499995	0.84953249	0.30484128
1.68599995	0.73692793	0.35153174
1.68699995	0.44522023	0.37333909
1.68799995	0.03973917	0.36180487
1.68899995	-0.42033711	0.31880537
1.68999995	-0.73908097	0.25744340
1.69099995	-0.87161660	0.18654650
1.69199995	-0.78903174	0.13398130
1.69299995	-0.50150716	0.10734498
1.69399995	-0.11358882	0.11318897
1.69499995	0.31797490	0.15074433
1.69599995	0.64948326	0.20918430
1.69699995	0.83043182	0.28005046
1.69799995	0.81640625	0.33541462
1.69899995	0.61066681	0.36687991
1.69999995	0.25233760	0.36980191
1.70099995	-0.20527805	0.34378076
1.70199995	-0.58224654	0.29136935
1.70299995	-0.82498771	0.22047244
1.70399995	-0.85377705	0.15911049
1.70499995	-0.66369343	0.11611097
1.70599995	-0.32507998	0.10442298
1.70699995	0.11312746	0.12561515
1.70799995	0.49747786	0.17525837
1.70899995	0.77045399	0.24612451
1.70999995	0.85503817	0.31040847
1.71099995	0.73883492	0.35885212
1.71199995	0.44506642	0.37629184
1.71299995	0.01833169	0.35992864
1.71399995	-0.39637673	0.31616017
1.71499995	-0.73963457	0.25132260
1.71599995	-0.87687624	0.18719243
1.71699995	-0.78847808	0.13327387
1.71799995	-0.51642472	0.10691437
1.71899995	-0.09879429	0.11174335
1.71999995	0.31194636	0.14985237
1.72099995	0.65452754	0.21588951
1.72199995	0.83169293	0.28001967
1.72299995	0.81594485	0.33270791
1.72399995	0.61011320	0.36478838
1.72499995	0.24698573	0.37146285
1.72599995	-0.17636564	0.34233513
1.72699995	-0.59891731	0.28174213
1.72799995	-0.83584523	0.21742742
1.72899995	-0.85396159	0.15867987
1.72999995	-0.66910678	0.12090920
1.73099995	-0.30591780	0.10999016
1.73199995	0.10497662	0.13035187
1.73299995	0.50261444	0.17882627
1.73399995	0.76417935	0.24003445
1.73499995	0.84953249	0.30484128
1.73599995	0.73692793	0.35153174
1.73699995	0.44522023	0.37333909
1.73799995	0.03958539	0.36180487
1.73899995	-0.42110604	0.31880537
1.73999995	-0.73689717	0.25744340
1.74099995	-0.86337352	0.18654650
1.74199995	-0.77789742	0.13398130
1.74299995	-0.49098793	0.10734498
1.74399995	-0.10322343	0.11318897
1.74499995	0.32834029	0.15074433
1.74599995	0.66000247	0.20918430
1.74699995	0.84159696	0.28005046
1.74799995	0.82464933	0.33541462
1.74899995	0.61281985	0.36687991
1.74999995	0.25156865	0.36980191
1.75099995	-0.20543183	0.34378076
1.75199995	-0.58224654	0.29136935
1.75299995	-0.82498771	0.22047244
1.75399995	-0.85377705	0.15911049
1.75499995	-0.66369343	0.11611097
1.75599995	-0.32507998	0.10442298
1.75699995	0.11312746	0.12561515
1.75799995	0.49747786	0.17525837
1.75899995	0.77045399	0.24612451
1.75999995	0.85488433	0.31040847
1.76099995	0.73806596	0.35885212
1.76199995	0.44737327	0.37629184
1.76299995	0.02734375	0.35992864
1.76399995	-0.38754922	0.31616017
1.76499995	-0.73806596	0.25132260
1.76599995	-0.87533832	0.18719243
1.76699995	-0.77968132	0.13327387
1.76799995	-0.50744343	0.10706816
1.76899995	-0.09645669	0.11251231
1.76999995	0.31117740	0.14736098
1.77099995	0.65437376	0.20610851
1.77199995	0.83169293	0.27334523
1.77299995	0.81594485	0.33938238
1.77399995	0.61011320	0.37453863
1.77499995	0.24698573	0.37395424
1.77599995	-0.17636564	0.34156618
1.77699995	-0.59891731	0.28158835
1.77799995	-0.83584523	0.21742742
1.77899995	-0.85396159	0.15867987
1.77999995	-0.66910678	0.12090920
1.78099995	-0.30591780	0.10999016
1.78199995	0.10497662	0.13019808
1.78299995	0.50261444	0.17805733
1.78399995	0.76402557	0.24234129
1.78499995	0.84876353	0.31382260
1.78599995	0.73908097	0.36054379
1.78699995	0.45343259	0.37567666
1.78799995	0.05105807	0.36103591
1.78899995	-0.40904897	0.31862080
1.78999995	-0.73102242	0.25744340
1.79099995	-0.87023252	0.18654650
1.79199995	-0.78749382	0.13398130
1.79299995	-0.49267963	0.10734498
1.79399995	-0.10460753	0.11334276
1.79499995	0.32028174	0.15151329
1.79599995	0.64856052	0.20684670
1.79699995	0.82950908	0.27106914
1.79799995	0.81889760	0.32655635
1.79899995	0.62041706	0.36534202
1.79999995	0.25901204	0.36826402
1.80099995	-0.21195251	0.33495325
1.80199995	-0.59202754	0.28238803
1.80299995	-0.82744831	0.21816561
1.80399995	-0.85300809	0.15987943
1.80499995	-0.66353959	0.11626476
1.80599995	-0.32507998	0.10457677
1.80699995	0.11312746	0.12638411
1.80799995	0.49747786	0.17292076
1.80899995	0.77045399	0.23711245
1.80999995	0.85488433	0.30139640
1.81099995	0.73806596	0.35654527
1.81199995	0.44721949	0.37706077
1.81299995	0.02657480	0.36008242
1.81399995	-0.38524237	0.31616017
1.81499995	-0.72905391	0.25132260
1.81599995	-0.86635703	0.18719243
1.81699995	-0.77734375	0.13327387
1.81799995	-0.50821233	0.10706816
1.81899995	-0.09661048	0.11251231
1.81999995	0.31117740	0.14751476
1.82099995	0.65437376	0.20687746
1.82199995	0.83169293	0.27103838
1.82299995	0.81594485	0.33040109
1.82399995	0.61011320	0.36555734
1.82499995	0.24698573	0.37161663
1.82599995	-0.17636564	0.34233513
1.82699995	-0.59891731	0.28174213
1.82799995	-0.83584523	0.21758120
1.82899995	-0.85396159	0.15944882
1.82999995	-0.66910678	0.11860237
1.83099995	-0.30591780	0.10100885
1.83199995	0.10497662	0.12137057
1.83299995	0.50261444	0.17651944
1.83399995	0.76417935	0.24080339
1.83499995	0.84953249	0.30499509
1.83599995	0.73692793	0.35153174
1.83699995	0.44522023	0.37333909
1.83799995	0.03973917	0.36180487
1.83899995	-0.42033711	0.31880537
1.83999995	-0.73923475	0.25744340
1.84099995	-0.87238556	0.18654650
1.84199995	-0.78672493	0.13398130
1.84299995	-0.49252585	0.10734498
1.84399995	-0.10476132	0.11318897
1.84499995	0.31951278	0.15074433
1.84599995	0.65105194	0.20918430
1.84699995	0.83929008	0.28005046
1.84799995	0.82541829	0.33541462
1.84899995	0.61297369	0.36687991
1.84999995	0.25156865	0.36980191
1.85099995	-0.20543183	0.34378076
1.85199995	-0.58224654	0.29136935
1.85299995	-0.82498771	0.22047244
1.85399995	-0.85393083	0.15911049
1.85499995	-0.66446233	0.11611097
1.85599995	-0.32277313	0.10442298
1.85699995	0.12210876	0.12561515
1.85799995	0.50648993	0.17541215
1.85899995	0.77279156	0.24689345
1.85999995	0.85411543	0.30810162
1.86099995	0.73791218	0.34990159
1.86199995	0.44721949	0.36731052
1.86299995	0.02657480	0.35762179
1.86399995	-0.38505784	0.31689838
1.86499995	-0.72831571	0.25147638
1.86599995	-0.86866385	0.18719243
1.86699995	-0.78632504	0.13327387
1.86799995	-0.51719368	0.10706816
1.86899995	-0.09894808	0.11251231
1.86999995	0.31194636	0.14751476
1.87099995	0.65452754	0.20687746
1.87199995	0.83169293	0.27103838
1.87299995	0.81594485	0.33040109
1.87399995	0.61011320	0.36555734
1.87499995	0.24698573	0.37161663
1.87599995	-0.17636564	0.34233513
1.87699995	-0.59891731	0.28174213
1.87799995	-0.83584523	0.21758120
1.87899995	-0.85396159	0.15944882
1.87999995	-0.66910678	0.11860237
1.88099995	-0.30591780	0.10100885
1.88199995	0.10497662	0.12137057
1.88299995	0.50261444	0.17651944
1.88399995	0.76417935	0.24080339
1.88499995	0.84953249	0.30499509
1.88599995	0.73692793	0.35153174
1.88699995	0.44522023	0.37333909
1.88799995	0.03973917	0.36180487
1.88899995	-0.42033711	0.31880537
1.88999995	-0.73923475	0.25759721
1.89099995	-0.87238556	0.18731545
1.89199995	-0.78672493	0.13167445
1.89299995	-0.49252585	0.09833292
1.89399995	-0.10460753	0.10420768
1.89499995	0.32028174	0.14840674
1.89599995	0.64871430	0.20992249
1.89699995	0.83027804	0.28020424
1.89799995	0.81640625	0.33541462
1.89899995	0.61066681	0.36687991
1.89999995	0.25233760	0.36980191
1.90099995	-0.20527805	0.34378076
1.90199995	-0.58224654	0.29136935
1.90299995	-0.82498771	0.22047244
1.90399995	-0.85377705	0.15911049
1.90499995	-0.66369343	0.11611097
1.90599995	-0.32507998	0.10442298
1.90699995	0.11312746	0.12561515
1.90799995	0.49747786	0.17525837
1.90899995	0.77045399	0.24612451
1.90999995	0.85503817	0.31040847
1.91099995	0.73883492	0.35885212
1.91199995	0.44491264	0.37629184
1.91299995	0.01756275	0.35992864
1.91399995	-0.39406988	0.31616017
1.91499995	-0.73062253	0.25132260
1.91599995	-0.86804873	0.18719243
1.91699995	-0.78694022	0.13327387
1.91799995	-0.51485604	0.10706816
1.91899995	-0.08993603	0.11251231
1.91999995	0.32092765	0.14751476
1.92099995	0.65683442	0.20687746
1.92199995	0.83092397	0.27103838
1.92299995	0.81579107	0.33040109
1.92399995	0.61011320	0.36555734
1.92499995	0.24698573	0.37161663
1.92599995	-0.17636564	0.34233513
1.92699995	-0.59891731	0.28174213
1.92799995	-0.83584523	0.21758120
1.92899995	-0.85396159	0.15944882
1.92999995	-0.66910678	0.11860237
1.93099995	-0.30591780	0.10100885
1.93199995	0.10513041	0.12137057
1.93299995	0.50338334	0.17651944
1.93399995	0.76187253	0.24080339
1.93499995	0.84055120	0.30499509
1.93599995	0.72791582	0.35153174
1.93699995	0.44288263	0.37333909
1.93799995	0.04050812	0.36180487
1.93899995	-0.42018330	0.31880537
1.93999995	-0.73908097	0.25744340
1.94099995	-0.87161660	0.18654650
1.94199995	-0.78903174	0.13398130
1.94299995	-0.50150716	0.10734498
1.94399995	-0.11374262	0.11334276
1.94499995	0.31720597	0.15151329
1.94599995	0.65179008	0.20669292
1.94699995	0.83944392	0.27030021
1.94799995	0.82541829	0.32889396
1.94899995	0.61297369	0.37432334
1.94999995	0.25156865	0.37727609
1.95099995	-0.20543183	0.33726010
1.95199995	-0.58224654	0.28161910
1.95299994	-0.82498771	0.21801181
1.95399994	-0.85393083	0.15987943
1.95499994	-0.66446233	0.11626476
1.95599994	-0.32277313	0.10442298
1.95699994	0.12210876	0.12561515
1.95799994	0.50648993	0.17525837
1.95899994	0.77279156	0.24612451
1.95999994	0.85411543	0.31040847
1.96099994	0.73791218	0.35885212
1.96199994	0.44721949	0.37629184
1.96299994	0.02657480	0.35992864
1.96399994	-0.38505784	0.31616017
1.96499994	-0.72831571	0.25132260
1.96599994	-0.86881769	0.18719243
1.96699994	-0.78709400	0.13327387
1.96799994	-0.51485604	0.10706816
1.96899994	-0.08993603	0.11251231
1.96999994	0.32092765	0.14751476
1.97099994	0.65683442	0.20687746
1.97199994	0.83092397	0.27103838
1.97299994	0.81579107	0.33040109
1.97399994	0.61011320	0.36540353
1.97499994	0.24698573	0.37084767
1.97599994	-0.17621186	0.34464198
1.97699994	-0.59814835	0.29072341
1.97799994	-0.83833659	0.22659326
1.97899994	-0.86374259	0.16175567
1.97999994	-0.67578125	0.11783341
1.98099994	-0.29921260	0.10085507
1.98199994	0.11472687	0.12137057
1.98299994	0.50507504	0.17651944
1.98399994	0.76341045	0.24080339
1.98499994	0.84937871	0.30499509
1.98599994	0.73692793	0.35153174
1.98699994	0.44522023	0.37333909
1.98799994	0.03958539	0.36180487
1.98899994	-0.42110604	0.31880537
1.98999994	-0.73689717	0.25744340
1.99099994	-0.86337352	0.18654650
1.99199994	-0.77774358	0.13413508
1.99299994	-0.49021900	0.10811393
1.99399994	-0.10537647	0.11088213
1.99499994	0.32012796	0.14173228
1.99599994	0.64871430	0.20001845
1.99699994	0.83027804	0.27697465
1.99799994	0.81640625	0.33849040
1.99899994	0.61066681	0.37604576
1.99999994	0.25233760	0.37881398
2.00099994	-0.20527805	0.34608760
2.00199994	-0.58224654	0.29060039
2.00299994	-0.82498771	0.22031865
