Time	Channel A	Channel B
(us)	(V)	(V)

-0.00400000	-0.85030144	0.15944882
-0.00300000	-0.63238192	0.21758120
-0.00200000	-0.27928150	0.28158835
-0.00100000	0.15769562	0.34156618
0.00000000	0.53312624	0.37376967
0.00100000	0.79038507	0.37376967
0.00200000	0.85460752	0.34171999
0.00300000	0.71662772	0.28235728
0.00400000	0.40821850	0.21512057
0.00500000	-0.02392963	0.14969857
0.00600000	-0.43282479	0.11174335
0.00700000	-0.75968874	0.10691437
0.00800000	-0.87663019	0.13327387
0.00900000	-0.76703984	0.18719243
0.01000000	-0.47742373	0.25132260
0.01100000	-0.04825911	0.31616017
0.01200000	0.35968259	0.35992864
0.01300000	0.68590057	0.37629184
0.01400000	0.83965921	0.35869834
0.01500000	0.79669046	0.30963951
0.01600000	0.57037401	0.24843135
0.01700000	0.19635826	0.18423967
0.01800000	-0.22376353	0.13475025
0.01900000	-0.62875247	0.10749877
0.02000000	-0.84845597	0.11318897
0.02100000	-0.85266978	0.15074433
0.02200000	-0.64745325	0.20918430
0.02300000	-0.26064223	0.28005046
0.02400000	0.15625000	0.33556840
0.02500000	0.54176921	0.36764887
0.02600000	0.78561759	0.36764887
0.02700000	0.84977853	0.33556840
0.02800000	0.71699679	0.28005046
0.02900000	0.40954110	0.20918430
0.03000000	-0.00485974	0.15089813
0.03100000	-0.46613559	0.11395792
0.03200000	-0.77039248	0.10516117
0.03300000	-0.87509227	0.12576894
0.03400000	-0.76587105	0.17525837
0.03500000	-0.45595473	0.24612451
0.03600000	-0.06250000	0.31040847
0.03700000	0.35636073	0.35885212
0.03800000	0.67325908	0.37644562
0.03900000	0.83968997	0.36069760
0.04000000	0.80564100	0.31382260
0.04100000	0.57809424	0.24234129
0.04200000	0.20497048	0.17821112
0.04300000	-0.25873524	0.13096702
0.04400000	-0.62709153	0.10768332
0.04500000	-0.84799457	0.11189715
0.04600000	-0.85030144	0.14969857
0.04700000	-0.63238192	0.21512057
0.04800000	-0.27928150	0.28235728
0.04900000	0.15769562	0.34171999
0.05000000	0.53312624	0.37376967
0.05100000	0.79038507	0.37376967
0.05200000	0.85476130	0.34171999
0.05300000	0.71739668	0.28235728
0.05400000	0.40591165	0.21527436
0.05500000	-0.03291092	0.15043676
0.05600000	-0.44177535	0.10959031
0.05700000	-0.76199555	0.09870202
0.05800000	-0.87586123	0.12198573
0.05900000	-0.76688606	0.17590427
0.06000000	-0.47742373	0.24311024
0.06100000	-0.04825911	0.31397638
0.06200000	0.35952878	0.36069760
0.06300000	0.68513167	0.37644562
0.06400000	0.84196603	0.35869834
0.06500000	0.80564100	0.30963951
0.06600000	0.57935530	0.24843135
0.06700000	0.19866511	0.18423967
0.06800000	-0.22468626	0.13459645
0.06900000	-0.62967521	0.10672982
0.07000000	-0.84611833	0.11552657
0.07100000	-0.84368849	0.15972564
0.07200000	-0.63847196	0.21801181
0.07300000	-0.25833538	0.28161910
0.07400000	0.15548106	0.33710629
0.07500000	0.54161543	0.37650713
0.07600000	0.78561759	0.37666091
0.07700000	0.84977853	0.33787525
0.07800000	0.71684301	0.27946603
0.07900000	0.40877214	0.20976870
0.08000000	-0.00255290	0.14840674
0.08100000	-0.45715427	0.10420768
0.08200000	-0.76144195	0.09833292
0.08300000	-0.87278545	0.13167445
0.08400000	-0.76679379	0.18731545
0.08500000	-0.45687747	0.25759721
0.08600000	-0.06019316	0.31862080
0.08700000	0.36531126	0.36103591
0.08800000	0.68220967	0.37567666
0.08900000	0.84199679	0.36054379
0.09000000	0.80471826	0.31397638
0.09100000	0.57717150	0.24311024
0.09200000	0.20712352	0.17590427
0.09300000	-0.25049213	0.12198573
0.09400000	-0.61577266	0.09870202
0.09500000	-0.83667570	0.10959031
0.09600000	-0.84208906	0.15043676
0.09700000	-0.63019806	0.21527436
0.09800000	-0.28005046	0.28251109
0.09900000	0.15754183	0.34248891
0.10000000	0.53312624	0.37146285
0.10100000	0.79038507	0.36478838
0.10200000	0.85460752	0.33270791
0.10300000	0.71662772	0.28001967
0.10400000	0.40821850	0.21588951
0.10500000	-0.02392963	0.14985237
0.10600000	-0.43264025	0.11174335
0.10700000	-0.75891978	0.10691437
0.10800000	-0.87893701	0.13327387
0.10900000	-0.77605194	0.18719243
0.11000000	-0.48640501	0.25132260
0.11100000	-0.05059670	0.31616017
0.11200000	0.36026698	0.35992864
0.11300000	0.68528545	0.37629184
0.11400000	0.84196603	0.35869834
0.11500000	0.80564100	0.30963951
0.11600000	0.57935530	0.24843135
0.11700000	0.19866511	0.18423967
0.11800000	-0.22453249	0.13459645
0.11900000	-0.62890625	0.10672982
0.12000000	-0.84845597	0.11552657
0.12100000	-0.85266978	0.15972564
0.12200000	-0.64745325	0.21816561
0.12300000	-0.26064223	0.28238803
0.12400000	0.15625000	0.33479947
0.12500000	0.54176921	0.36749509
0.12600000	0.78561759	0.36764887
0.12700000	0.84977853	0.33556840
0.12800000	0.71684301	0.28020424
0.12900000	0.40877214	0.20992249
0.13000000	-0.00239911	0.14840674
0.13100000	-0.45641610	0.10420768
0.13200000	-0.76374876	0.09833292
0.13300000	-0.88176674	0.13167445
0.13400000	-0.77577507	0.18731545
0.13500000	-0.45918429	0.25759721
0.13600000	-0.05942421	0.31862080
0.13700000	0.36549580	0.36103591
0.13800000	0.68205583	0.37567666
0.13900000	0.84122783	0.36054379
0.14000000	0.80717891	0.31382260
0.14100000	0.58692175	0.24234129
0.14200000	0.21395177	0.17821112
0.14300000	-0.25639763	0.13096702
0.14400000	-0.62782973	0.10768332
0.14500000	-0.84814835	0.11189715
0.14600000	-0.85045522	0.14969857
0.14700000	-0.63315082	0.21512057
0.14800000	-0.27694389	0.28235728
0.14900000	0.16670768	0.34171999
0.15000000	0.54213828	0.37395424
0.15100000	0.79269195	0.37453863
0.15200000	0.85402310	0.33938238
0.15300000	0.71724284	0.27334523
0.15400000	0.40591165	0.20626231
0.15500000	-0.03291092	0.14812993
0.15600000	-0.44177535	0.11020546
0.15700000	-0.76199555	0.09808686
0.15800000	-0.87586123	0.12429257
0.15900000	-0.76688606	0.18485482
0.16000000	-0.47742373	0.25209153
0.16100000	-0.04825911	0.31631398
0.16200000	0.35952878	0.35992864
0.16300000	0.68513167	0.37629184
0.16400000	0.84196603	0.35869834
0.16500000	0.80564100	0.30963951
0.16600000	0.57935530	0.24858513
0.16700000	0.19866511	0.18500862
0.16800000	-0.22468626	0.13228962
0.16900000	-0.62967521	0.09771776
0.17000000	-0.84596455	0.10636073
0.17100000	-0.84291953	0.15664986
0.17200000	-0.64077878	0.22124138
0.17300000	-0.26731667	0.29152313
0.17400000	0.14646900	0.34378076
0.17500000	0.53930855	0.36980191
0.17600000	0.78638655	0.36687991
0.17700000	0.84993231	0.33541462
0.17800000	0.71684301	0.28005046
0.17900000	0.40877214	0.20918430
0.18000000	-0.00255290	0.15074433
0.18100000	-0.45715427	0.11318897
0.18200000	-0.76144195	0.10734498
0.18300000	-0.87278545	0.13398130
0.18400000	-0.76679379	0.18654650
0.18499999	-0.45687747	0.25744340
0.18599999	-0.06019316	0.31862080
0.18699999	0.36531126	0.36103591
0.18799999	0.68220967	0.37567666
0.18899999	0.84199679	0.36054379
0.18999999	0.80487204	0.31397638
0.19099999	0.57794046	0.24311024
0.19199999	0.20497048	0.17590427
0.19299999	-0.25873524	0.12198573
0.19399999	-0.62690699	0.09870202
0.19499999	-0.84722567	0.10959031
0.19599999	-0.85279280	0.15043676
0.19699999	-0.64213216	0.21527436
0.19799999	-0.28595597	0.28235728
0.19899999	0.16440083	0.34171999
0.19999999	0.54290724	0.37376967
0.20099999	0.79284573	0.37376967
0.20199999	0.85383856	0.34171999
0.20299999	0.71647394	0.28235728
0.20399999	0.40821850	0.21527436
0.20499999	-0.02392963	0.15043676
0.20599999	-0.43282479	0.10943651
0.20699999	-0.75968874	0.09793307
0.20799999	-0.87663019	0.12429257
0.20899999	-0.76703984	0.18485482
0.20999999	-0.47742373	0.25209153
0.21099999	-0.04825911	0.31631398
0.21199999	0.35952878	0.35992864
0.21299999	0.68513167	0.37629184
0.21399999	0.84196603	0.35869834
0.21499999	0.80564100	0.30963951
0.21599999	0.57935530	0.24843135
0.21699999	0.19866511	0.18423967
0.21799999	-0.22453249	0.13475025
0.21899999	-0.62890625	0.10749877
0.21999999	-0.84845597	0.11303519
0.22099999	-0.85266978	0.14997539
0.22199999	-0.64745325	0.21149114
0.22299999	-0.26064223	0.28903174
0.22399999	0.15625000	0.34454972
0.22499999	0.54176921	0.36995572
0.22599999	0.78561759	0.36687991
0.22699999	0.84977853	0.33541462
0.22799999	0.71684301	0.28005046
0.22899999	0.40877214	0.20918430
0.22999999	-0.00255290	0.15089813
0.23099999	-0.45715427	0.11395792
0.23199999	-0.76144195	0.10516117
0.23299999	-0.87278545	0.12576894
0.23399999	-0.76679379	0.17525837
0.23499999	-0.45687747	0.24612451
0.23599999	-0.06019316	0.31040847
0.23699999	0.36531126	0.35885212
0.23799999	0.68220967	0.37644562
0.23899999	0.84199679	0.36069760
0.23999999	0.80487204	0.31397638
0.24099999	0.57794046	0.24311024
0.24199999	0.20497048	0.17590427
0.24299999	-0.25873524	0.12198573
0.24399999	-0.62709153	0.09870202
0.24499999	-0.84799457	0.10959031
0.24599999	-0.85030144	0.15043676
0.24699999	-0.63238192	0.21527436
0.24799999	-0.27912772	0.28235728
0.24899999	0.15846457	0.34171999
0.24999999	0.53066558	0.37376967
0.25099999	0.78063482	0.37376967
0.25199999	0.84811759	0.34171999
0.25299999	0.72407109	0.28235728
0.25399999	0.41566190	0.21512057
0.25499999	-0.03045030	0.14969857
0.25599999	-0.44254428	0.11174335
0.25699999	-0.76214933	0.10691437
0.25799999	-0.87570745	0.13327387
0.25899999	-0.76611710	0.18719243
0.25999999	-0.47973055	0.25132260
0.26099999	-0.05724040	0.31616017
0.26199999	0.35054749	0.35992864
0.26299999	0.68282479	0.37629184
0.26399999	0.84273499	0.35885212
0.26499999	0.80579478	0.31040847
0.26599999	0.57935530	0.24612451
0.26699999	0.19866511	0.17525837
0.26799999	-0.22468626	0.12576894
0.26899999	-0.62967521	0.10516117
0.26999999	-0.84611833	0.11395792
0.27099999	-0.84368849	0.15089813
0.27199999	-0.63847196	0.20903051
0.27299999	-0.25833538	0.27928150
0.27399999	0.15548106	0.33787525
0.27499999	0.54161543	0.37666091
0.27599999	0.78561759	0.37666091
0.27699999	0.84977853	0.33787525
0.27799999	0.71684301	0.27928150
0.27899999	0.40877214	0.20903051
0.27999999	-0.00255290	0.15089813
0.28099999	-0.45715427	0.11395792
0.28199999	-0.76128817	0.10500738
0.28299999	-0.87201649	0.12500000
0.28399999	-0.76910067	0.17756520
0.28499999	-0.46582800	0.25510579
0.28599999	-0.06914370	0.31954354
0.28699999	0.36300442	0.36195865
0.28799999	0.68297857	0.37333909
0.28899999	0.84215057	0.35153174
0.28999999	0.80487204	0.30484128
0.29099999	0.57794046	0.24003445
0.29199999	0.20497048	0.17898007
0.29299999	-0.25873524	0.13112082
0.29399999	-0.62690699	0.10768332
0.29499999	-0.84722567	0.11189715
0.29599999	-0.85263902	0.14969857
0.29699999	-0.64136320	0.21512057
0.29799999	-0.28826278	0.28235728
0.29899999	0.15538877	0.34171999
0.29999999	0.53404897	0.37376967
0.30099999	0.79130781	0.37376967
0.30199999	0.85230070	0.34171999
0.30299999	0.70764643	0.28235728
0.30399999	0.39923722	0.21512057
0.30499999	-0.02626722	0.14969857
0.30599999	-0.43205586	0.11174335
0.30699999	-0.75953496	0.10691437
0.30799999	-0.87663019	0.13327387
0.30899999	-0.76703984	0.18719243
0.30999999	-0.47742373	0.25132260
0.31099999	-0.04825911	0.31616017
0.31199999	0.35952878	0.35992864
0.31299999	0.68513167	0.37629184
0.31399999	0.84181225	0.35869834
0.31499999	0.80490279	0.30963951
0.31599999	0.58181596	0.24843135
0.31699999	0.20841536	0.18423967
0.31799999	-0.21785802	0.13475025
0.31899999	-0.63558072	0.10749877
0.31999999	-0.85817546	0.11303519
0.32099999	-0.85513043	0.14997539
0.32199999	-0.64668429	0.21149114
0.32299999	-0.26048842	0.28903174
0.32399999	0.15625000	0.34454972
0.32499999	0.54176921	0.36995572
0.32599999	0.78561759	0.36687991
0.32699999	0.84977853	0.33541462
0.32799999	0.71684301	0.28005046
0.32899999	0.40877214	0.20918430
0.32999999	-0.00239911	0.15074433
0.33099999	-0.45641610	0.11318897
0.33199999	-0.76374876	0.10734498
0.33299999	-0.88176674	0.13398130
0.33399999	-0.77577507	0.18654650
0.33499999	-0.45918429	0.25744340
0.33599999	-0.05942421	0.31862080
0.33699999	0.36549580	0.36103591
0.33799999	0.68220967	0.37552288
0.33899999	0.84199679	0.35977486
0.33999999	0.80487204	0.31616017
0.34099999	0.57794046	0.25132260
0.34199999	0.20497048	0.18719243
0.34299999	-0.25873524	0.13327387
0.34399999	-0.62709153	0.10691437
0.34499999	-0.84799457	0.11174335
0.34599999	-0.85030144	0.14969857
0.34699999	-0.63238192	0.21512057
0.34799999	-0.27928150	0.28235728
0.34899999	0.15769562	0.34171999
0.34999999	0.53312624	0.37395424
0.35099999	0.79038507	0.37453863
0.35199999	0.85476130	0.33938238
0.35299999	0.71739668	0.27334523
0.35399999	0.40591165	0.20626231
0.35499999	-0.03291092	0.14812993
0.35599999	-0.44177535	0.11020546
0.35699999	-0.76199555	0.09808686
0.35799999	-0.87570745	0.12429257
0.35899999	-0.76611710	0.18485482
0.35999999	-0.47973055	0.25209153
0.36099999	-0.05724040	0.31631398
0.36199999	0.35054749	0.35992864
0.36299999	0.68282479	0.37629184
0.36399999	0.84273499	0.35885212
0.36499999	0.80579478	0.31040847
0.36599999	0.57935530	0.24612451
0.36699999	0.19866511	0.17525837
0.36799999	-0.22468626	0.12561515
0.36899999	-0.62967521	0.10442298
0.36999999	-0.84611833	0.11626476
0.37099999	-0.84368849	0.15987943
0.37199999	-0.63847196	0.21816561
0.37299999	-0.25833538	0.28238803
0.37399999	0.15548106	0.33479947
0.37499999	0.54161543	0.36749509
0.37599999	0.78561759	0.36764887
0.37699999	0.84977853	0.33556840
0.37799999	0.71684301	0.28020424
0.37899999	0.40877214	0.20992249
0.37999999	-0.00255290	0.14840674
0.38099999	-0.45715427	0.10420768
0.38199999	-0.76128817	0.09848671
0.38299999	-0.87201649	0.13244340
0.38399999	-0.76910067	0.18500862
0.38499999	-0.46582800	0.24858513
0.38599999	-0.06914370	0.30979329
0.38699999	0.36300442	0.35946727
0.38799999	0.68297857	0.37395424
0.38899999	0.84215057	0.35094735
0.38999999	0.80487204	0.30730191
0.39099999	0.57794046	0.24978469
0.39199999	0.20481668	0.18562376
0.39299999	-0.25950417	0.12444635
0.39399999	-0.62475395	0.09793307
0.39499999	-0.83901328	0.10943651
0.39599999	-0.84132010	0.15043676
0.39699999	-0.63004428	0.21527436
0.39799999	-0.28005046	0.28251109
0.39899999	0.15754183	0.34248891
0.39999999	0.53312624	0.37146285
0.40099999	0.79038507	0.36478838
0.40199999	0.85460752	0.33270791
0.40299999	0.71662772	0.28001967
0.40399999	0.40821850	0.21588951
0.40499999	-0.02392963	0.14985237
0.40599999	-0.43282479	0.11174335
0.40699999	-0.75968874	0.10691437
0.40799999	-0.87647635	0.13327387
0.40899999	-0.76627094	0.18719243
0.40999999	-0.47988436	0.25132260
0.41099999	-0.05800935	0.31616017
0.41199999	0.35285434	0.35992864
0.41299999	0.69180608	0.37629184
0.41399999	0.85171628	0.35869834
0.41499999	0.80813235	0.30963951
0.41599999	0.57858634	0.24843135
0.41699999	0.19851132	0.18423967
0.41799999	-0.22453249	0.13475025
0.41899999	-0.62890625	0.10749877
0.41999999	-0.84845597	0.11318897
0.42099999	-0.85266978	0.15074433
0.42199999	-0.64745325	0.20903051
0.42299999	-0.26064223	0.27928150
0.42399999	0.15625000	0.33787525
0.42499999	0.54176921	0.37666091
0.42599999	0.78561759	0.37666091
0.42699999	0.84977853	0.33787525
0.42799999	0.71684301	0.27928150
0.42899999	0.40877214	0.20903051
0.42999999	-0.00255290	0.15089813
0.43099999	-0.45715427	0.11395792
0.43199999	-0.76144195	0.10516117
0.43299999	-0.87278545	0.12576894
0.43399999	-0.76679379	0.17525837
0.43499999	-0.45687747	0.24612451
0.43599999	-0.06019316	0.31040847
0.43699999	0.36531126	0.35885212
0.43799999	0.68205583	0.37629184
0.43899999	0.84122783	0.35992864
0.43999999	0.80702507	0.31631398
0.44099999	0.58615279	0.25209153
0.44199999	0.21628937	0.18485482
0.44299999	-0.24741633	0.12429257
0.44399999	-0.61884844	0.09793307
0.44499999	-0.84584153	0.10943651
0.44599999	-0.85107034	0.15043676
0.44699999	-0.63253570	0.21527436
0.44799999	-0.27912772	0.28235728
0.44899999	0.15846457	0.34171999
0.44999999	0.53081942	0.37376967
0.45099999	0.78140378	0.37376967
0.45199999	0.84565699	0.34171999
0.45299999	0.71432084	0.28235728
0.45399999	0.40898746	0.21527436
0.45499999	-0.02377584	0.15043676
0.45599999	-0.43282479	0.10943651
0.45699999	-0.75968874	0.09793307
0.45799999	-0.87663019	0.12429257
0.45899999	-0.76703984	0.18485482
0.45999999	-0.47742373	0.25209153
0.46099999	-0.04825911	0.31631398
0.46199999	0.35952878	0.35992864
0.46299999	0.68513167	0.37629184
0.46399999	0.84196603	0.35885212
0.46499999	0.80564100	0.31040847
0.46599999	0.57935530	0.24612451
0.46699999	0.19866511	0.17525837
0.46799999	-0.22453249	0.12576894
0.46899999	-0.62890625	0.10516117
0.46999999	-0.84845597	0.11380413
0.47099999	-0.85266978	0.15012918
0.47199999	-0.64745325	0.21149114
0.47299999	-0.26064223	0.28903174
0.47399999	0.15625000	0.34454972
0.47499999	0.54176921	0.36995572
0.47599999	0.78561759	0.36687991
0.47699999	0.84977853	0.33541462
0.47799999	0.71684301	0.28005046
0.47899999	0.40877214	0.20918430
0.47999999	-0.00255290	0.15074433
0.48099999	-0.45715427	0.11318897
0.48199999	-0.76128817	0.10749877
0.48299999	-0.87201649	0.13475025
0.48399999	-0.76910067	0.18423967
0.48499999	-0.46582800	0.24843135
0.48599999	-0.06914370	0.30979329
0.48699999	0.36300442	0.35946727
0.48799999	0.68297857	0.37410802
0.48899999	0.84215057	0.35171628
0.48999999	0.80487204	0.30499509
0.49099999	0.57794046	0.24080339
0.49199999	0.20481668	0.17667323
0.49299999	-0.25950417	0.12213952
0.49399999	-0.62475395	0.09870202
0.49499999	-0.83901328	0.10959031
0.49599999	-0.84132010	0.15043676
0.49699999	-0.63004428	0.21527436
0.49799999	-0.28005046	0.28235728
0.49899999	0.15754183	0.34171999
0.49999999	0.53328001	0.37376967
0.50099999	0.79115403	0.37376967
0.50199999	0.85230070	0.34171999
0.50299999	0.70764643	0.28235728
0.50399999	0.39923722	0.21512057
0.50499999	-0.02626722	0.14969857
0.50599999	-0.43205586	0.11174335
0.50699999	-0.75953496	0.10691437
0.50799999	-0.87663019	0.13327387
0.50899999	-0.76703984	0.18719243
0.50999999	-0.47742373	0.25132260
0.51099999	-0.04825911	0.31616017
0.51199999	0.35952878	0.35992864
0.51299999	0.68513167	0.37629184
0.51399999	0.84196603	0.35885212
0.51499999	0.80564100	0.31040847
0.51599999	0.57935530	0.24612451
0.51699999	0.19866511	0.17525837
0.51799999	-0.22453249	0.12576894
0.51899999	-0.62890625	0.10516117
0.51999999	-0.84845597	0.11395792
0.52099999	-0.85266978	0.15089813
0.52199999	-0.64745325	0.20918430
0.52299999	-0.26064223	0.28005046
0.52399999	0.15640379	0.33556840
0.52499999	0.54253817	0.36764887
0.52599999	0.78331077	0.36764887
0.52699999	0.84079725	0.33556840
0.52799999	0.70786172	0.28005046
0.52899999	0.40646529	0.20918430
0.52999999	-0.00163017	0.15074433
0.53099999	-0.45626229	0.11318897
0.53199999	-0.76374876	0.10749877
0.53299999	-0.88176674	0.13475025
0.53399999	-0.77577507	0.18423967
0.53499999	-0.45918429	0.24843135
0.53599999	-0.05942421	0.30963951
0.53699999	0.36549580	0.35869834
0.53799999	0.68220967	0.37629184
0.53899998	0.84199679	0.35992864
0.53999998	0.80487204	0.31631398
0.54099998	0.57794046	0.25209153
0.54199998	0.20497048	0.18485482
0.54299998	-0.25873524	0.12429257
0.54399998	-0.62709153	0.09793307
0.54499998	-0.84799457	0.10943651
0.54599998	-0.85030144	0.15043676
0.54699998	-0.63238192	0.21527436
0.54799998	-0.27928150	0.28235728
0.54899998	0.15769562	0.34171999
0.54999998	0.53312624	0.37376967
0.55099998	0.79038507	0.37376967
0.55199998	0.85460752	0.34171999
0.55299998	0.71662772	0.28235728
0.55399998	0.40821850	0.21527436
0.55499998	-0.02392963	0.15043676
0.55599998	-0.43282479	0.10943651
0.55699998	-0.75968874	0.09793307
0.55799998	-0.87647635	0.12429257
0.55899998	-0.76627094	0.18485482
0.55999998	-0.47973055	0.25209153
0.56099998	-0.05724040	0.31631398
0.56199998	0.35054749	0.35992864
0.56299998	0.68282479	0.37629184
0.56399998	0.84273499	0.35885212
0.56499998	0.80579478	0.31040847
0.56599998	0.57935530	0.24612451
0.56699998	0.19866511	0.17525837
0.56799998	-0.22453249	0.12561515
0.56899998	-0.62890625	0.10442298
0.56999998	-0.84845597	0.11611097
0.57099998	-0.85266978	0.15911049
0.57199998	-0.64745325	0.22031865
0.57299998	-0.26064223	0.29060039
0.57399998	0.15625000	0.34608760
0.57499998	0.54176921	0.37881398
0.57599998	0.78561759	0.37589198
0.57699998	0.84977853	0.33772147
0.57799998	0.71684301	0.27928150
0.57899998	0.40877214	0.20903051
0.57999998	-0.00255290	0.15074433
0.58099998	-0.45715427	0.11318897
0.58199998	-0.76128817	0.10734498
0.58299998	-0.87201649	0.13398130
0.58399998	-0.76910067	0.18654650
0.58499998	-0.46582800	0.25744340
0.58599998	-0.06914370	0.31880537
0.58699998	0.36300442	0.36180487
0.58799998	0.68297857	0.37333909
0.58899998	0.84215057	0.35153174
0.58999998	0.80487204	0.30499509
0.59099998	0.57794046	0.24080339
0.59199998	0.20481668	0.17667323
0.59299998	-0.25950417	0.12213952
0.59399998	-0.62475395	0.09870202
0.59499998	-0.83901328	0.10959031
0.59599998	-0.84147394	0.15043676
0.59699998	-0.63081324	0.21527436
0.59799998	-0.27771285	0.28235728
0.59899998	0.16655388	0.34171999
0.59999998	0.54213828	0.37376967
0.60099998	0.79269195	0.37376967
0.60199998	0.85383856	0.34171999
0.60299998	0.71647394	0.28235728
0.60399998	0.40821850	0.21527436
0.60499998	-0.02392963	0.15043676
0.60599998	-0.43282479	0.10943651
0.60699998	-0.75968874	0.09793307
0.60799998	-0.87663019	0.12429257
0.60899998	-0.76703984	0.18485482
0.60999998	-0.47742373	0.25209153
0.61099998	-0.04825911	0.31631398
0.61199998	0.35952878	0.35992864
0.61299998	0.68513167	0.37629184
0.61399998	0.84196603	0.35885212
0.61499998	0.80564100	0.31040847
0.61599998	0.57935530	0.24612451
0.61699998	0.19866511	0.17525837
0.61799998	-0.22453249	0.12576894
0.61899998	-0.62890625	0.10516117
0.61999998	-0.84845597	0.11380413
0.62099998	-0.85266978	0.15012918
0.62199998	-0.64745325	0.21149114
0.62299998	-0.26064223	0.28903174
0.62399998	0.15625000	0.34454972
0.62499998	0.54176921	0.36995572
0.62599998	0.78561759	0.36687991
0.62699998	0.84977853	0.33541462
0.62799998	0.71684301	0.28020424
0.62899998	0.40877214	0.20992249
0.62999998	-0.00255290	0.14840674
0.63099998	-0.45715427	0.10420768
0.63199998	-0.76128817	0.09833292
0.63299998	-0.87201649	0.13167445
0.63399998	-0.76910067	0.18731545
0.63499998	-0.46582800	0.25759721
0.63599998	-0.06914370	0.31862080
0.63699998	0.36300442	0.36103591
0.63799998	0.68282479	0.37567666
0.63899998	0.84138167	0.36054379
0.63999998	0.80717891	0.31382260
0.64099998	0.58692175	0.24234129
0.64199998	0.21395177	0.17821112
0.64299998	-0.25639763	0.13096702
0.64399998	-0.62782973	0.10768332
0.64499998	-0.84814835	0.11189715
0.64599998	-0.85045522	0.14969857
0.64699998	-0.63315082	0.21512057
0.64799998	-0.27679011	0.28251109
0.64899998	0.16747662	0.34248891
0.64999998	0.53983146	0.37146285
0.65099998	0.78371060	0.36478838
0.65199998	0.84504181	0.33270791
0.65299998	0.71493602	0.28001967
0.65399998	0.40668061	0.21588951
0.65499998	-0.03275714	0.14985237
0.65599998	-0.44177535	0.11174335
0.65699998	-0.76199555	0.10691437
0.65799998	-0.87586123	0.13327387
0.65899998	-0.76688606	0.18719243
0.65999998	-0.47742373	0.25132260
0.66099998	-0.04825911	0.31616017
0.66199998	0.35952878	0.35992864
0.66299998	0.68513167	0.37629184
0.66399998	0.84196603	0.35885212
0.66499998	0.80564100	0.31040847
0.66599998	0.57935530	0.24612451
0.66699998	0.19866511	0.17525837
0.66799998	-0.22453249	0.12561515
0.66899998	-0.62890625	0.10442298
0.66999998	-0.84845597	0.11611097
0.67099998	-0.85266978	0.15911049
0.67199998	-0.64745325	0.22031865
0.67299998	-0.26064223	0.29060039
0.67399998	0.15640379	0.34608760
0.67499998	0.54253817	0.37881398
0.67599998	0.78331077	0.37589198
0.67699998	0.84079725	0.33772147
0.67799998	0.70786172	0.27946603
0.67899998	0.40646529	0.20976870
0.67999998	-0.00178396	0.14840674
0.68099998	-0.45700049	0.10420768
0.68199998	-0.76128817	0.09833292
0.68299998	-0.87201649	0.13167445
0.68399998	-0.76910067	0.18731545
0.68499998	-0.46582800	0.25759721
0.68599998	-0.06914370	0.31880537
0.68699998	0.36300442	0.36180487
0.68799998	0.68297857	0.37333909
0.68899998	0.84215057	0.35153174
0.68999998	0.80471826	0.30484128
0.69099998	0.57717150	0.24003445
0.69199998	0.20727731	0.17898007
0.69299998	-0.24972318	0.13112082
0.69399998	-0.61807948	0.10768332
0.69499998	-0.84568775	0.11189715
0.69599998	-0.85107034	0.14969857
0.69699998	-0.63253570	0.21512057
0.69799998	-0.27928150	0.28235728
0.69899998	0.15769562	0.34171999
0.69999998	0.53312624	0.37376967
0.70099998	0.79038507	0.37376967
0.70199998	0.85460752	0.34171999
0.70299998	0.71662772	0.28235728
0.70399998	0.40821850	0.21512057
0.70499998	-0.02392963	0.14969857
0.70599998	-0.43282479	0.11189715
0.70699998	-0.75968874	0.10768332
0.70799998	-0.87663019	0.13096702
0.70899998	-0.76703984	0.17821112
0.70999998	-0.47757751	0.24234129
0.71099998	-0.04902805	0.31382260
0.71199998	0.36183563	0.36069760
0.71299998	0.69414371	0.37644562
0.71399998	0.85094732	0.35885212
0.71499998	0.80797857	0.31040847
0.71599998	0.57858634	0.24612451
0.71699998	0.19851132	0.17525837
0.71799998	-0.22453249	0.12576894
0.71899998	-0.62890625	0.10516117
0.71999998	-0.84845597	0.11380413
0.72099998	-0.85266978	0.15012918
0.72199998	-0.64745325	0.21149114
0.72299998	-0.26064223	0.28903174
0.72399998	0.15625000	0.34454972
0.72499998	0.54176921	0.36995572
0.72599998	0.78561759	0.36687991
0.72699998	0.84977853	0.33541462
0.72799998	0.71684301	0.28005046
0.72899998	0.40877214	0.20918430
0.72999998	-0.00255290	0.15074433
0.73099998	-0.45715427	0.11318897
0.73199998	-0.76144195	0.10749877
0.73299998	-0.87278545	0.13475025
0.73399998	-0.76679379	0.18423967
0.73499998	-0.45687747	0.24843135
0.73599998	-0.06019316	0.30963951
0.73699998	0.36531126	0.35869834
0.73799998	0.68205583	0.37644562
0.73899998	0.84122783	0.36069760
0.73999998	0.80717891	0.31397638
0.74099998	0.58692175	0.24311024
0.74199998	0.21395177	0.17590427
0.74299998	-0.25639763	0.12198573
0.74399998	-0.62782973	0.09870202
0.74499998	-0.84814835	0.10959031
0.74599998	-0.85030144	0.15043676
0.74699998	-0.63238192	0.21527436
0.74799998	-0.27928150	0.28235728
0.74899998	0.15769562	0.34171999
0.74999998	0.53312624	0.37376967
0.75099998	0.79038507	0.37376967
0.75199998	0.85460752	0.34171999
0.75299998	0.71662772	0.28235728
0.75399998	0.40821850	0.21512057
0.75499998	-0.02392963	0.14969857
0.75599998	-0.43282479	0.11174335
0.75699998	-0.75968874	0.10691437
0.75799998	-0.87647635	0.13327387
0.75899998	-0.76627094	0.18719243
0.75999998	-0.47973055	0.25132260
0.76099998	-0.05724040	0.31616017
0.76199998	0.35054749	0.35992864
0.76299998	0.68282479	0.37629184
0.76399998	0.84273499	0.35885212
0.76499998	0.80579478	0.31040847
0.76599998	0.57935530	0.24612451
0.76699998	0.19866511	0.17525837
0.76799998	-0.22468626	0.12561515
0.76899998	-0.62967521	0.10442298
0.76999998	-0.84611833	0.11626476
0.77099998	-0.84368849	0.15987943
0.77199998	-0.63847196	0.21816561
0.77299998	-0.25833538	0.28238803
0.77399998	0.15548106	0.33479947
0.77499998	0.54161543	0.36749509
0.77599998	0.78561759	0.36764887
0.77699998	0.84977853	0.33556840
0.77799998	0.71684301	0.28005046
0.77899998	0.40877214	0.20918430
0.77999998	-0.00255290	0.15074433
0.78099998	-0.45715427	0.11318897
0.78199998	-0.76128817	0.10734498
0.78299998	-0.87201649	0.13398130
0.78399998	-0.76910067	0.18654650
0.78499998	-0.46582800	0.25744340
0.78599998	-0.06914370	0.31862080
0.78699998	0.36300442	0.36103591
0.78799998	0.68297857	0.37567666
0.78899998	0.84215057	0.36054379
0.78999998	0.80487204	0.31397638
0.79099998	0.57794046	0.24311024
0.79199998	0.20497048	0.17590427
0.79299998	-0.25873524	0.12198573
0.79399998	-0.62709153	0.09870202
0.79499998	-0.84799457	0.10959031
0.79599998	-0.85045522	0.15043676
0.79699998	-0.63315082	0.21527436
0.79799998	-0.27694389	0.28235728
0.79899998	0.16670768	0.34171999
0.79999998	0.54213828	0.37376967
0.80099998	0.79269195	0.37376967
0.80199998	0.85402310	0.34171999
0.80299998	0.71724284	0.28235728
0.80399998	0.40591165	0.21527436
0.80499998	-0.03291092	0.15043676
0.80599998	-0.44177535	0.10943651
0.80699998	-0.76199555	0.09793307
0.80799998	-0.87586123	0.12429257
0.80899998	-0.76688606	0.18485482
0.80999998	-0.47742373	0.25209153
0.81099998	-0.04825911	0.31631398
0.81199998	0.35952878	0.35992864
0.81299998	0.68513167	0.37629184
0.81399998	0.84196603	0.35885212
0.81499998	0.80564100	0.31040847
0.81599998	0.57935530	0.24612451
0.81699998	0.19866511	0.17525837
0.81799998	-0.22453249	0.12561515
0.81899998	-0.62890625	0.10442298
0.81999998	-0.84845597	0.11626476
0.82099998	-0.85266978	0.15987943
0.82199998	-0.64745325	0.21801181
0.82299998	-0.26064223	0.28161910
0.82399998	0.15625000	0.33710629
0.82499998	0.54176921	0.37650713
0.82599998	0.78561759	0.37666091
0.82699998	0.84977853	0.33787525
0.82799998	0.71684301	0.27928150
0.82899998	0.40877214	0.20903051
0.82999998	-0.00255290	0.15074433
0.83099998	-0.45715427	0.11318897
0.83199998	-0.76144195	0.10734498
0.83299998	-0.87278545	0.13398130
0.83399998	-0.76679379	0.18654650
0.83499998	-0.45687747	0.25744340
0.83599998	-0.06019316	0.31862080
0.83699998	0.36531126	0.36103591
0.83799998	0.68205583	0.37567666
0.83899998	0.84122783	0.36054379
0.83999998	0.80717891	0.31382260
0.84099998	0.58692175	0.24234129
0.84199998	0.21379799	0.17821112
0.84299998	-0.25716659	0.13096702
0.84399998	-0.62552285	0.10768332
0.84499998	-0.83916706	0.11189715
0.84599998	-0.84132010	0.14969857
0.84699998	-0.63004428	0.21512057
0.84799998	-0.28005046	0.28235728
0.84899998	0.15754183	0.34171999
0.84999998	0.53312624	0.37376967
0.85099998	0.79038507	0.37376967
0.85199998	0.85476130	0.34171999
0.85299998	0.71739668	0.28235728
0.85399998	0.40591165	0.21512057
0.85499998	-0.03291092	0.14969857
0.85599998	-0.44177535	0.11174335
0.85699998	-0.76199555	0.10691437
0.85799998	-0.87586123	0.13327387
0.85899998	-0.76688606	0.18719243
0.85999998	-0.47742373	0.25132260
0.86099998	-0.04825911	0.31616017
0.86199998	0.35952878	0.35992864
0.86299998	0.68513167	0.37629184
0.86399998	0.84196603	0.35869834
0.86499998	0.80564100	0.30963951
0.86599998	0.57935530	0.24843135
0.86699998	0.19866511	0.18423967
0.86799998	-0.22453249	0.13459645
0.86899998	-0.62890625	0.10672982
0.86999998	-0.84845597	0.11552657
0.87099998	-0.85266978	0.15972564
0.87199998	-0.64745325	0.21801181
0.87299998	-0.26064223	0.28161910
0.87399998	0.15625000	0.33710629
0.87499998	0.54176921	0.37650713
0.87599998	0.78577143	0.37666091
0.87699998	0.85054749	0.33787525
0.87799998	0.71450543	0.27946603
0.87899998	0.39979085	0.20976870
0.87999998	-0.01153420	0.14840674
0.88099998	-0.45949188	0.10420768
0.88199998	-0.76051921	0.09848671
0.88299998	-0.87186271	0.13244340
0.88399998	-0.76910067	0.18500862
0.88499998	-0.46582800	0.24858513
0.88599998	-0.06914370	0.30963951
0.88699998	0.36300442	0.35869834
0.88799998	0.68297857	0.37644562
0.88899998	0.84215057	0.36069760
0.88999998	0.80471826	0.31382260
0.89099998	0.57717150	0.24234129
0.89199997	0.20727731	0.17805733
0.89299997	-0.24972318	0.13019808
0.89399997	-0.61807948	0.10983637
0.89499997	-0.84568775	0.12014025
0.89599997	-0.85107034	0.16101746
0.89699997	-0.63253570	0.22643946
0.89799997	-0.27928150	0.29056963
0.89899997	0.15769562	0.34387302
0.89999997	0.53312624	0.37318528
0.90099997	0.79038507	0.37438485
0.90199997	0.85476130	0.33938238
0.90299997	0.71739668	0.27334523
0.90399997	0.40591165	0.20610851
0.90499997	-0.03291092	0.14736098
0.90599997	-0.44177535	0.11251231
0.90699997	-0.76199555	0.10706816
0.90799997	-0.87586123	0.13327387
0.90899997	-0.76688606	0.18719243
0.90999997	-0.47742373	0.25132260
0.91099997	-0.04825911	0.31616017
0.91199997	0.35952878	0.35992864
0.91299997	0.68513167	0.37629184
0.91399997	0.84196603	0.35869834
0.91499997	0.80564100	0.30963951
0.91599997	0.57935530	0.24843135
0.91699997	0.19866511	0.18423967
0.91799997	-0.22453249	0.13459645
0.91899997	-0.62890625	0.10672982
0.91999997	-0.84845597	0.11537278
0.92099997	-0.85266978	0.15895669
0.92199997	-0.64745325	0.22047244
0.92299997	-0.26064223	0.29136935
0.92399997	0.15625000	0.34378076
0.92499997	0.54176921	0.36980191
0.92599997	0.78561759	0.36687991
0.92699997	0.84977853	0.33541462
0.92799997	0.71699679	0.28020424
0.92899997	0.40954110	0.20992249
0.92999997	-0.00470595	0.14856052
0.93099997	-0.46536663	0.10494587
0.93199997	-0.77273005	0.09602609
0.93299997	-0.88410431	0.12266240
0.93399997	-0.77503693	0.17833415
0.93499997	-0.45903051	0.25525960
0.93599997	-0.05942421	0.31938976
0.93699997	0.36549580	0.36118972
0.93799997	0.68205583	0.37567666
0.93899997	0.84122783	0.36054379
0.93999997	0.80717891	0.31382260
0.94099997	0.58692175	0.24234129
0.94199997	0.21395177	0.17805733
0.94299997	-0.25639763	0.13019808
0.94399997	-0.62782973	0.10999016
0.94499997	-0.84814835	0.12090920
0.94599997	-0.85030144	0.15867987
0.94699997	-0.63238192	0.21742742
0.94799997	-0.27912772	0.28158835
0.94899997	0.15846457	0.34156618
0.94999997	0.53081942	0.37376967
0.95099997	0.78140378	0.37376967
0.95199997	0.84581077	0.34171999
0.95299997	0.71508980	0.28235728
0.95399997	0.40668061	0.21512057
0.95499997	-0.03275714	0.14969857
0.95599997	-0.44177535	0.11189715
0.95699997	-0.76199555	0.10768332
0.95799997	-0.87586123	0.13096702
0.95899997	-0.76688606	0.17821112
0.95999997	-0.47742373	0.24234129
0.96099997	-0.04825911	0.31382260
0.96199997	0.35952878	0.36069760
0.96299997	0.68513167	0.37644562
0.96399997	0.84196603	0.35885212
0.96499997	0.80564100	0.31040847
0.96599997	0.57935530	0.24612451
0.96699997	0.19866511	0.17525837
0.96799997	-0.22453249	0.12561515
0.96899997	-0.62890625	0.10442298
0.96999997	-0.84830219	0.11611097
0.97099997	-0.85190082	0.15911049
0.97199997	-0.64976007	0.22047244
0.97299997	-0.26962352	0.29136935
0.97399997	0.14739174	0.34378076
0.97499997	0.54020053	0.36980191
0.97599997	0.78407973	0.36687991
0.97699997	0.84095103	0.33541462
0.97799997	0.70786172	0.28020424
0.97899997	0.40646529	0.20992249
0.97999997	-0.00178396	0.14840674
0.98099997	-0.45700049	0.10420768
0.98199997	-0.76128817	0.09848671
0.98299997	-0.87201649	0.13244340
0.98399997	-0.76910067	0.18500862
0.98499997	-0.46582800	0.24858513
0.98599997	-0.06914370	0.30963951
0.98699997	0.36300442	0.35869834
0.98799997	0.68297857	0.37644562
0.98899997	0.84215057	0.36069760
0.98999997	0.80487204	0.31382260
0.99099997	0.57794046	0.24234129
0.99199997	0.20481668	0.17821112
0.99299997	-0.25950417	0.13096702
0.99399997	-0.62460017	0.10768332
0.99499997	-0.83824432	0.11189715
0.99599997	-0.84378076	0.14969857
0.99699997	-0.63982528	0.21512057
0.99799997	-0.28672490	0.28235728
0.99899997	0.16424705	0.34171999
0.99999997	0.54306102	0.37395424
1.00099997	0.79361469	0.37453863
1.00199997	0.85153174	0.33938238
1.00299997	0.70749259	0.27334523
1.00399997	0.39923722	0.20626231
1.00499997	-0.02626722	0.14812993
1.00599997	-0.43205586	0.11020546
1.00699997	-0.75953496	0.09808686
1.00799997	-0.87663019	0.12429257
1.00899997	-0.76703984	0.18485482
1.00999997	-0.47742373	0.25209153
1.01099997	-0.04825911	0.31631398
1.01199997	0.35952878	0.35992864
1.01299997	0.68513167	0.37629184
1.01399997	0.84196603	0.35885212
1.01499997	0.80564100	0.31040847
1.01599997	0.57935530	0.24612451
1.01699997	0.19866511	0.17525837
1.01799997	-0.22453249	0.12561515
1.01899997	-0.62890625	0.10442298
1.01999997	-0.84845597	0.11611097
1.02099997	-0.85266978	0.15911049
1.02199997	-0.64745325	0.22031865
1.02299997	-0.26064223	0.29060039
1.02399997	0.15625000	0.34608760
1.02499997	0.54176921	0.37881398
1.02599997	0.78561759	0.37589198
1.02699997	0.84977853	0.33772147
1.02799997	0.71684301	0.27946603
1.02899997	0.40877214	0.20976870
1.02999997	-0.00255290	0.14840674
1.03099997	-0.45715427	0.10420768
1.03199997	-0.76144195	0.09848671
1.03299997	-0.87278545	0.13244340
1.03399997	-0.76679379	0.18500862
1.03499997	-0.45687747	0.24858513
1.03599997	-0.06019316	0.30963951
1.03699997	0.36531126	0.35869834
1.03799997	0.68205583	0.37644562
1.03899997	0.84122783	0.36069760
1.03999997	0.80717891	0.31382260
1.04099997	0.58692175	0.24234129
1.04199997	0.21395177	0.17821112
1.04299997	-0.25639763	0.13096702
1.04399997	-0.62782973	0.10768332
1.04499997	-0.84814835	0.11189715
1.04599997	-0.85030144	0.14969857
1.04699997	-0.63238192	0.21512057
1.04799997	-0.27928150	0.28235728
1.04899997	0.15769562	0.34171999
1.04999997	0.53312624	0.37376967
1.05099997	0.79038507	0.37376967
1.05199997	0.85476130	0.34171999
1.05299997	0.71739668	0.28235728
1.05399997	0.40591165	0.21512057
1.05499997	-0.03291092	0.14969857
1.05599997	-0.44177535	0.11174335
1.05699997	-0.76199555	0.10691437
1.05799997	-0.87586123	0.13327387
1.05899997	-0.76688606	0.18719243
1.05999997	-0.47742373	0.25132260
1.06099997	-0.04825911	0.31616017
1.06199997	0.35952878	0.35992864
1.06299997	0.68513167	0.37629184
1.06399997	0.84196603	0.35885212
1.06499997	0.80564100	0.31040847
1.06599997	0.57935530	0.24612451
1.06699997	0.19866511	0.17525837
1.06799997	-0.22468626	0.12561515
1.06899997	-0.62967521	0.10442298
1.06999997	-0.84611833	0.11626476
1.07099997	-0.84368849	0.15987943
1.07199997	-0.63847196	0.21801181
1.07299997	-0.25833538	0.28161910
1.07399997	0.15548106	0.33710629
1.07499997	0.54161543	0.37650713
1.07599997	0.78561759	0.37666091
1.07699997	0.84977853	0.33787525
1.07799997	0.71684301	0.27928150
1.07899997	0.40877214	0.20903051
1.07999997	-0.00255290	0.15089813
1.08099997	-0.45715427	0.11395792
1.08199997	-0.76128817	0.10500738
1.08299997	-0.87201649	0.12500000
1.08399997	-0.76894683	0.17756520
1.08499997	-0.46508980	0.25510579
1.08599997	-0.07160433	0.31938976
1.08699997	0.35328493	0.36118972
1.08799997	0.67633492	0.37567666
1.08899997	0.84882504	0.36054379
1.08999997	0.81462228	0.31382260
1.09099997	0.58040106	0.24234129
1.09199997	0.20420152	0.17821112
1.09299997	-0.25888902	0.13096702
1.09399997	-0.62709153	0.10752953
1.09499997	-0.84799457	0.11112820
1.09599997	-0.85045522	0.15200542
1.09699997	-0.63315082	0.22413263
1.09799997	-0.27679011	0.29133859
1.09899997	0.16747662	0.34402683
1.09999997	0.53983146	0.37303150
1.10099997	0.78371060	0.37361589
1.10199997	0.84488803	0.34171999
1.10299997	0.71416706	0.28235728
1.10399997	0.40898746	0.21512057
1.10499997	-0.02377584	0.14969857
1.10599997	-0.43282479	0.11174335
1.10699997	-0.75968874	0.10691437
1.10799997	-0.87647635	0.13327387
1.10899997	-0.76627094	0.18719243
1.10999997	-0.47973055	0.25132260
1.11099997	-0.05724040	0.31616017
1.11199997	0.35070127	0.35992864
1.11299997	0.68359375	0.37629184
1.11399997	0.84042817	0.35885212
1.11499997	0.79684424	0.31040847
1.11599997	0.57052779	0.24612451
1.11699997	0.19712721	0.17525837
1.11799997	-0.22607037	0.12576894
1.11899997	-0.63773376	0.10516117
1.11999997	-0.85740650	0.11395792
1.12099997	-0.85497659	0.15089813
1.12199997	-0.64668429	0.20903051
1.12299997	-0.26048842	0.27928150
1.12399997	0.15625000	0.33787525
1.12499997	0.54176921	0.37666091
1.12599997	0.78561759	0.37666091
1.12699997	0.84977853	0.33787525
1.12799997	0.71684301	0.27928150
1.12899997	0.40877214	0.20903051
1.12999997	-0.00239911	0.15074433
1.13099997	-0.45641610	0.11318897
1.13199997	-0.76374876	0.10734498
1.13299997	-0.88176674	0.13398130
1.13399997	-0.77577507	0.18654650
1.13499997	-0.45918429	0.25744340
1.13599997	-0.05942421	0.31862080
1.13699997	0.36549580	0.36103591
1.13799997	0.68220967	0.37567666
1.13899997	0.84199679	0.36054379
1.13999997	0.80487204	0.31397638
1.14099997	0.57794046	0.24311024
1.14199997	0.20497048	0.17590427
1.14299997	-0.25873524	0.12198573
1.14399997	-0.62709153	0.09870202
1.14499997	-0.84799457	0.10959031
1.14599997	-0.85030144	0.15043676
1.14699997	-0.63238192	0.21527436
1.14799997	-0.27912772	0.28235728
1.14899997	0.15846457	0.34171999
1.14999997	0.53081942	0.37395424
1.15099997	0.78140378	0.37453863
1.15199997	0.84581077	0.33938238
1.15299997	0.71508980	0.27334523
1.15399997	0.40668061	0.20626231
1.15499997	-0.03275714	0.14812993
1.15599997	-0.44177535	0.11020546
1.15699997	-0.76199555	0.09808686
1.15799997	-0.87586123	0.12429257
1.15899997	-0.76688606	0.18485482
1.15999997	-0.47742373	0.25209153
1.16099997	-0.04825911	0.31631398
1.16199997	0.35952878	0.35992864
1.16299997	0.68513167	0.37629184
1.16399997	0.84196603	0.35869834
1.16499997	0.80564100	0.30963951
1.16599997	0.57935530	0.24843135
1.16699997	0.19866511	0.18423967
1.16799997	-0.22468626	0.13459645
1.16899997	-0.62967521	0.10672982
1.16999997	-0.84596455	0.11552657
1.17099997	-0.84291953	0.15972564
1.17199997	-0.64077878	0.21801181
1.17299997	-0.26731667	0.28161910
1.17399997	0.14662279	0.33710629
1.17499997	0.54004675	0.37650713
1.17599997	0.78407973	0.37666091
1.17699997	0.84095103	0.33787525
1.17799997	0.70786172	0.27946603
1.17899997	0.40646529	0.20976870
1.17999997	-0.00178396	0.14840674
1.18099997	-0.45700049	0.10420768
1.18199997	-0.76128817	0.09833292
1.18299997	-0.87201649	0.13167445
1.18399997	-0.76910067	0.18731545
1.18499997	-0.46582800	0.25759721
1.18599997	-0.06914370	0.31862080
1.18699997	0.36300442	0.36103591
1.18799997	0.68297857	0.37567666
1.18899997	0.84215057	0.36054379
1.18999997	0.80487204	0.31382260
1.19099997	0.57794046	0.24234129
1.19199997	0.20481668	0.17805733
1.19299997	-0.25950417	0.13019808
1.19399997	-0.62475395	0.10999016
1.19499997	-0.83901328	0.12090920
1.19599997	-0.84132010	0.15867987
1.19699997	-0.63004428	0.21742742
1.19799997	-0.28005046	0.28158835
1.19899997	0.15754183	0.34156618
1.19999997	0.53328001	0.37376967
1.20099997	0.79115403	0.37376967
1.20199997	0.85230070	0.34171999
1.20299997	0.70764643	0.28235728
1.20399997	0.39923722	0.21512057
1.20499997	-0.02626722	0.14969857
1.20599997	-0.43190205	0.11174335
1.20699997	-0.75876600	0.10691437
1.20799997	-0.87909079	0.13327387
1.20899997	-0.77682084	0.18719243
1.20999997	-0.48409817	0.25132260
1.21099997	-0.04158464	0.31616017
1.21199997	0.36927903	0.35992864
1.21299997	0.68762302	0.37629184
1.21399997	0.84119707	0.35885212
1.21499997	0.80548722	0.31040847
1.21599997	0.57935530	0.24612451
1.21699997	0.19866511	0.17525837
1.21799997	-0.22453249	0.12561515
1.21899997	-0.62890625	0.10442298
1.21999997	-0.84845597	0.11611097
1.22099997	-0.85266978	0.15911049
1.22199997	-0.64745325	0.22047244
1.22299997	-0.26064223	0.29136935
1.22399997	0.15625000	0.34378076
1.22499997	0.54176921	0.36980191
1.22599997	0.78561759	0.36687991
1.22699997	0.84977853	0.33541462
1.22799997	0.71684301	0.28005046
1.22899997	0.40877214	0.20918430
1.22999997	-0.00255290	0.15089813
1.23099997	-0.45715427	0.11395792
1.23199997	-0.76144195	0.10500738
1.23299997	-0.87278545	0.12500000
1.23399997	-0.76679379	0.17756520
1.23499997	-0.45687747	0.25510579
1.23599997	-0.06019316	0.31938976
1.23699997	0.36531126	0.36118972
1.23799997	0.68220967	0.37567666
1.23899997	0.84199679	0.36054379
1.23999997	0.80487204	0.31382260
1.24099997	0.57794046	0.24234129
1.24199997	0.20497048	0.17821112
1.24299997	-0.25873524	0.13096702
1.24399997	-0.62709153	0.10768332
1.24499997	-0.84799457	0.11189715
1.24599996	-0.85030144	0.14969857
1.24699996	-0.63238192	0.21512057
1.24799996	-0.27912772	0.28235728
1.24899996	0.15846457	0.34171999
1.24999996	0.53081942	0.37376967
1.25099996	0.78140378	0.37376967
1.25199996	0.84581077	0.34171999
1.25299996	0.71508980	0.28235728
1.25399996	0.40668061	0.21512057
1.25499996	-0.03275714	0.14969857
1.25599996	-0.44177535	0.11174335
1.25699996	-0.76199555	0.10691437
1.25799996	-0.87570745	0.13327387
1.25899996	-0.76611710	0.18719243
1.25999996	-0.47973055	0.25132260
1.26099996	-0.05724040	0.31616017
1.26199996	0.35054749	0.35992864
1.26299996	0.68282479	0.37629184
1.26399996	0.84273499	0.35885212
1.26499996	0.80579478	0.31040847
1.26599996	0.57935530	0.24612451
1.26699996	0.19866511	0.17525837
1.26799996	-0.22453249	0.12561515
1.26899996	-0.62890625	0.10442298
1.26999996	-0.84845597	0.11626476
1.27099996	-0.85266978	0.15987943
1.27199996	-0.64745325	0.21816561
1.27299996	-0.26064223	0.28238803
1.27399996	0.15625000	0.33479947
1.27499996	0.54176921	0.36749509
1.27599996	0.78561759	0.36764887
1.27699996	0.84977853	0.33556840
1.27799996	0.71684301	0.28005046
1.27899996	0.40877214	0.20918430
1.27999996	-0.00255290	0.15074433
1.28099996	-0.45715427	0.11318897
1.28199996	-0.76144195	0.10749877
1.28299996	-0.87278545	0.13475025
1.28399996	-0.76679379	0.18408588
1.28499996	-0.45687747	0.24766240
1.28599996	-0.06019316	0.31194636
1.28699996	0.36531126	0.36771038
1.28799996	0.68205583	0.38542691
1.28899996	0.84122783	0.36300442
1.28999996	0.80717891	0.31308439
1.29099996	0.58692175	0.24218750
1.29199996	0.21395177	0.17805733
1.29299996	-0.25639763	0.13019808
1.29399996	-0.62782973	0.10999016
1.29499996	-0.84814835	0.12090920
1.29599996	-0.85030144	0.15867987
1.29699996	-0.63238192	0.21742742
1.29799996	-0.27928150	0.28158835
1.29899996	0.15769562	0.34156618
1.29999996	0.53312624	0.37376967
1.30099996	0.79038507	0.37376967
1.30199996	0.85476130	0.34171999
1.30299996	0.71739668	0.28235728
1.30399996	0.40591165	0.21512057
1.30499996	-0.03291092	0.14969857
1.30599996	-0.44177535	0.11174335
1.30699996	-0.76199555	0.10691437
1.30799996	-0.87586123	0.13327387
1.30899996	-0.76688606	0.18719243
1.30999996	-0.47742373	0.25132260
1.31099996	-0.04825911	0.31616017
1.31199996	0.35952878	0.35992864
1.31299996	0.68513167	0.37629184
1.31399996	0.84196603	0.35885212
1.31499996	0.80564100	0.31040847
1.31599996	0.57935530	0.24612451
1.31699996	0.19866511	0.17525837
1.31799996	-0.22453249	0.12576894
1.31899996	-0.62890625	0.10516117
1.31999996	-0.84845597	0.11380413
1.32099996	-0.85266978	0.15012918
1.32199996	-0.64745325	0.21133736
1.32299996	-0.26064223	0.28826278
1.32399996	0.15640379	0.34685653
1.32499996	0.54253817	0.37896776
1.32599996	0.78331077	0.37589198
1.32699996	0.84079725	0.33772147
1.32799996	0.70801550	0.27928150
1.32899996	0.40723425	0.20903051
1.32999996	-0.00409080	0.15074433
1.33099996	-0.46598178	0.11318897
1.33199996	-0.77039248	0.10734498
1.33299996	-0.87509227	0.13398130
1.33399996	-0.76602483	0.18654650
1.33499996	-0.45672366	0.25744340
1.33599996	-0.06019316	0.31862080
1.33699996	0.36531126	0.36103591
1.33799996	0.68205583	0.37567666
1.33899996	0.84122783	0.36054379
1.33999996	0.80717891	0.31382260
1.34099996	0.58692175	0.24234129
1.34199996	0.21395177	0.17821112
1.34299996	-0.25639763	0.13096702
1.34399996	-0.62782973	0.10768332
1.34499996	-0.84814835	0.11189715
1.34599996	-0.85045522	0.14969857
1.34699996	-0.63315082	0.21512057
1.34799996	-0.27679011	0.28235728
1.34899996	0.16747662	0.34171999
1.34999996	0.53983146	0.37376967
1.35099996	0.78371060	0.37376967
1.35199996	0.84504181	0.34171999
1.35299996	0.71493602	0.28235728
1.35399996	0.40668061	0.21512057
1.35499996	-0.03275714	0.14969857
1.35599996	-0.44177535	0.11174335
1.35699996	-0.76199555	0.10691437
1.35799996	-0.87586123	0.13327387
1.35899996	-0.76688606	0.18719243
1.35999996	-0.47742373	0.25132260
1.36099996	-0.04825911	0.31616017
1.36199996	0.35952878	0.35992864
1.36299996	0.68513167	0.37629184
1.36399996	0.84196603	0.35885212
1.36499996	0.80564100	0.31040847
1.36599996	0.57935530	0.24612451
1.36699996	0.19866511	0.17525837
1.36799996	-0.22453249	0.12561515
1.36899996	-0.62890625	0.10442298
1.36999996	-0.84845597	0.11611097
1.37099996	-0.85266978	0.15911049
1.37199996	-0.64745325	0.22047244
1.37299996	-0.26064223	0.29136935
1.37399996	0.15625000	0.34378076
1.37499996	0.54176921	0.36980191
1.37599996	0.78577143	0.36687991
1.37699996	0.85054749	0.33541462
1.37799996	0.71450543	0.28005046
1.37899996	0.39979085	0.20918430
1.37999996	-0.01153420	0.15089813
1.38099996	-0.45949188	0.11395792
1.38199996	-0.76067299	0.10516117
1.38299996	-0.87263167	0.12576894
1.38399996	-0.76679379	0.17525837
1.38499996	-0.45687747	0.24612451
1.38599996	-0.06019316	0.31040847
1.38699996	0.36531126	0.35885212
1.38799996	0.68220967	0.37644562
1.38899996	0.84199679	0.36069760
1.38999996	0.80487204	0.31382260
1.39099996	0.57794046	0.24234129
1.39199996	0.20481668	0.17821112
1.39299996	-0.25950417	0.13096702
1.39399996	-0.62475395	0.10768332
1.39499996	-0.83901328	0.11189715
1.39599996	-0.84132010	0.14969857
1.39699996	-0.63004428	0.21512057
1.39799996	-0.28005046	0.28235728
1.39899996	0.15754183	0.34171999
1.39999996	0.53312624	0.37376967
1.40099996	0.79038507	0.37376967
1.40199996	0.85460752	0.34171999
1.40299996	0.71662772	0.28235728
1.40399996	0.40821850	0.21512057
1.40499996	-0.02392963	0.14969857
1.40599996	-0.43282479	0.11174335
1.40699996	-0.75968874	0.10691437
1.40799996	-0.87663019	0.13327387
1.40899996	-0.76703984	0.18719243
1.40999996	-0.47742373	0.25132260
1.41099996	-0.04825911	0.31616017
1.41199996	0.35968259	0.35992864
1.41299996	0.68590057	0.37629184
1.41399996	0.83965921	0.35885212
1.41499996	0.79669046	0.31040847
1.41599996	0.57037401	0.24612451
1.41699996	0.19635826	0.17525837
1.41799996	-0.22376353	0.12561515
1.41899996	-0.62875247	0.10442298
1.41999996	-0.84845597	0.11611097
1.42099996	-0.85266978	0.15911049
1.42199996	-0.64745325	0.22031865
1.42299996	-0.26064223	0.29060039
1.42399996	0.15625000	0.34608760
1.42499996	0.54176921	0.37881398
1.42599996	0.78561759	0.37589198
1.42699996	0.84977853	0.33772147
1.42799996	0.71684301	0.27946603
1.42899996	0.40877214	0.20976870
1.42999996	-0.00255290	0.14856052
1.43099996	-0.45715427	0.10494587
1.43199996	-0.76144195	0.09602609
1.43299996	-0.87278545	0.12266240
1.43399996	-0.76679379	0.17833415
1.43499996	-0.45687747	0.25525960
1.43599996	-0.06019316	0.31938976
1.43699996	0.36531126	0.36118972
1.43799996	0.68205583	0.37552288
1.43899996	0.84122783	0.35977486
1.43999996	0.80717891	0.31616017
1.44099996	0.58692175	0.25132260
1.44199996	0.21395177	0.18719243
1.44299996	-0.25639763	0.13327387
1.44399996	-0.62782973	0.10691437
1.44499996	-0.84814835	0.11174335
1.44599996	-0.85030144	0.14985237
1.44699996	-0.63238192	0.21588951
1.44799996	-0.27928150	0.28001967
1.44899996	0.15769562	0.33270791
1.44999996	0.53312624	0.36478838
1.45099996	0.79038507	0.37146285
1.45199996	0.85476130	0.34248891
1.45299996	0.71739668	0.28251109
1.45399996	0.40591165	0.21512057
1.45499996	-0.03291092	0.14969857
1.45599996	-0.44177535	0.11189715
1.45699996	-0.76199555	0.10768332
1.45799996	-0.87586123	0.13096702
1.45899996	-0.76688606	0.17821112
1.45999996	-0.47742373	0.24234129
1.46099996	-0.04825911	0.31382260
1.46199996	0.35952878	0.36069760
1.46299996	0.68513167	0.37644562
1.46399996	0.84196603	0.35885212
1.46499996	0.80564100	0.31040847
1.46599996	0.57935530	0.24612451
1.46699996	0.19866511	0.17525837
1.46799996	-0.22468626	0.12561515
1.46899996	-0.62967521	0.10442298
1.46999996	-0.84611833	0.11611097
1.47099996	-0.84368849	0.15911049
1.47199996	-0.63847196	0.22031865
1.47299996	-0.25833538	0.29060039
1.47399996	0.15548106	0.34608760
1.47499996	0.54161543	0.37881398
1.47599996	0.78561759	0.37589198
1.47699996	0.84977853	0.33772147
1.47799996	0.71699679	0.27928150
1.47899996	0.40954110	0.20903051
1.47999996	-0.00485974	0.15074433
1.48099996	-0.46613559	0.11318897
1.48199996	-0.77023870	0.10749877
1.48299996	-0.87432331	0.13475025
1.48399996	-0.76833171	0.18423967
1.48499996	-0.46567422	0.24843135
1.48599996	-0.06914370	0.30963951
1.48699996	0.36300442	0.35869834
1.48799996	0.68297857	0.37629184
1.48899996	0.84215057	0.35992864
1.48999996	0.80471826	0.31616017
1.49099996	0.57717150	0.25132260
1.49199996	0.20727731	0.18719243
1.49299996	-0.24972318	0.13327387
1.49399996	-0.61807948	0.10691437
1.49499996	-0.84568775	0.11174335
1.49599996	-0.85122418	0.14969857
1.49699996	-0.63330460	0.21512057
1.49799996	-0.27694389	0.28235728
1.49899996	0.16670768	0.34171999
1.49999996	0.54213828	0.37376967
1.50099996	0.79269195	0.37376967
1.50199996	0.85402310	0.34171999
1.50299996	0.71724284	0.28235728
1.50399996	0.40591165	0.21512057
1.50499996	-0.03291092	0.14969857
1.50599996	-0.44177535	0.11174335
1.50699996	-0.76199555	0.10691437
1.50799996	-0.87586123	0.13327387
1.50899996	-0.76688606	0.18719243
1.50999996	-0.47742373	0.25132260
1.51099996	-0.04825911	0.31616017
1.51199996	0.35952878	0.35992864
1.51299996	0.68513167	0.37629184
1.51399996	0.84181225	0.35869834
1.51499996	0.80490279	0.30963951
1.51599996	0.58181596	0.24843135
1.51699996	0.20841536	0.18423967
1.51799996	-0.21785802	0.13475025
1.51899996	-0.63558072	0.10749877
1.51999996	-0.85817546	0.11303519
1.52099996	-0.85513043	0.14997539
1.52199996	-0.64668429	0.21149114
1.52299996	-0.26048842	0.28903174
1.52399996	0.15625000	0.34454972
1.52499996	0.54176921	0.36995572
1.52599996	0.78561759	0.36687991
1.52699996	0.84977853	0.33541462
1.52799996	0.71684301	0.28005046
1.52899996	0.40877214	0.20918430
1.52999996	-0.00239911	0.15074433
1.53099996	-0.45641610	0.11318897
1.53199996	-0.76374876	0.10734498
1.53299996	-0.88176674	0.13398130
1.53399996	-0.77577507	0.18654650
1.53499996	-0.45918429	0.25744340
1.53599996	-0.05942421	0.31862080
1.53699996	0.36549580	0.36103591
1.53799996	0.68220967	0.37567666
1.53899996	0.84199679	0.36054379
1.53999996	0.80487204	0.31382260
1.54099996	0.57794046	0.24234129
1.54199996	0.20497048	0.17821112
1.54299996	-0.25873524	0.13096702
1.54399996	-0.62709153	0.10768332
1.54499996	-0.84799457	0.11189715
1.54599996	-0.85030144	0.14969857
1.54699996	-0.63238192	0.21512057
1.54799996	-0.27928150	0.28235728
1.54899996	0.15769562	0.34171999
1.54999996	0.53312624	0.37376967
1.55099996	0.79038507	0.37376967
1.55199996	0.85476130	0.34171999
1.55299996	0.71739668	0.28235728
1.55399996	0.40591165	0.21512057
1.55499996	-0.03291092	0.14969857
1.55599996	-0.44177535	0.11174335
1.55699996	-0.76199555	0.10691437
1.55799996	-0.87586123	0.13327387
1.55899996	-0.76688606	0.18719243
1.55999996	-0.47742373	0.25132260
1.56099996	-0.04825911	0.31616017
1.56199996	0.35952878	0.35992864
1.56299996	0.68513167	0.37629184
1.56399996	0.84196603	0.35885212
1.56499996	0.80564100	0.31040847
1.56599996	0.57935530	0.24612451
1.56699996	0.19866511	0.17525837
1.56799996	-0.22468626	0.12561515
1.56899996	-0.62967521	0.10442298
1.56999996	-0.84611833	0.11626476
1.57099996	-0.84368849	0.15987943
1.57199996	-0.63847196	0.21816561
1.57299996	-0.25833538	0.28238803
1.57399996	0.15548106	0.33479947
1.57499996	0.54161543	0.36749509
1.57599996	0.78577143	0.36764887
1.57699996	0.85054749	0.33556840
1.57799996	0.71450543	0.28005046
1.57899996	0.39979085	0.20918430
1.57999996	-0.01153420	0.15089813
1.58099996	-0.45949188	0.11395792
1.58199996	-0.76067299	0.10516117
1.58299996	-0.87263167	0.12576894
1.58399996	-0.76679379	0.17525837
1.58499996	-0.45687747	0.24612451
1.58599996	-0.06034695	0.31040847
1.58699996	0.36457309	0.35885212
1.58799996	0.68454725	0.37644562
1.58899996	0.85097808	0.36069760
1.58999996	0.81385332	0.31382260
1.59099996	0.58024728	0.24234129
1.59199996	0.20404774	0.17821112
1.59299996	-0.25965798	0.13096702
1.59399996	-0.62460017	0.10768332
1.59499996	-0.83824432	0.11189715
1.59599996	-0.84378076	0.14969857
1.59699996	-0.63982528	0.21512057
1.59799996	-0.28657112	0.28235728
1.59899995	0.16498524	0.34171999
1.59999995	0.54060042	0.37376967
1.60099995	0.78386444	0.37376967
1.60199995	0.84504181	0.34171999
1.60299995	0.71493602	0.28235728
1.60399995	0.40668061	0.21512057
1.60499995	-0.03275714	0.14969857
1.60599995	-0.44177535	0.11189715
1.60699995	-0.76199555	0.10768332
1.60799995	-0.87586123	0.13096702
1.60899995	-0.76688606	0.17821112
1.60999995	-0.47742373	0.24234129
1.61099995	-0.04825911	0.31382260
1.61199995	0.35952878	0.36069760
1.61299995	0.68513167	0.37644562
1.61399995	0.84196603	0.35885212
1.61499995	0.80564100	0.31040847
1.61599995	0.57935530	0.24612451
1.61699995	0.19866511	0.17525837
1.61799995	-0.22453249	0.12576894
1.61899995	-0.62890625	0.10516117
1.61999995	-0.84845597	0.11380413
1.62099995	-0.85266978	0.15012918
1.62199995	-0.64745325	0.21133736
1.62299995	-0.26064223	0.28826278
1.62399995	0.15640379	0.34685653
1.62499995	0.54253817	0.37896776
1.62599995	0.78331077	0.37589198
1.62699995	0.84079725	0.33772147
1.62799995	0.70786172	0.27928150
1.62899995	0.40646529	0.20903051
1.62999995	-0.00178396	0.15089813
1.63099995	-0.45700049	0.11395792
1.63199995	-0.76144195	0.10500738
1.63299995	-0.87278545	0.12500000
1.63399995	-0.76664001	0.17756520
1.63499995	-0.45610851	0.25510579
1.63599995	-0.06250000	0.31938976
1.63699995	0.35636073	0.36118972
1.63799995	0.67325908	0.37567666
1.63899995	0.83968997	0.36054379
1.63999995	0.80564100	0.31382260
1.64099995	0.57809424	0.24234129
1.64199995	0.20481668	0.17821112
1.64299995	-0.25950417	0.13096702
1.64399995	-0.62475395	0.10768332
1.64499995	-0.83901328	0.11189715
1.64599995	-0.84132010	0.14969857
1.64699995	-0.63004428	0.21512057
1.64799995	-0.27989665	0.28235728
1.64899995	0.15831077	0.34171999
1.64999995	0.53081942	0.37376967
1.65099995	0.78140378	0.37376967
1.65199995	0.84581077	0.34171999
1.65299995	0.71508980	0.28235728
1.65399995	0.40668061	0.21527436
1.65499995	-0.03275714	0.15043676
1.65599995	-0.44177535	0.10943651
1.65699995	-0.76199555	0.09793307
1.65799995	-0.87586123	0.12429257
1.65899995	-0.76688606	0.18485482
1.65999995	-0.47742373	0.25209153
1.66099995	-0.04825911	0.31631398
1.66199995	0.35952878	0.35992864
1.66299995	0.68513167	0.37629184
1.66399995	0.84196603	0.35885212
1.66499995	0.80564100	0.31040847
1.66599995	0.57950908	0.24612451
1.66699995	0.19943406	0.17525837
1.66799995	-0.22683932	0.12561515
1.66899995	-0.63788754	0.10442298
1.66999995	-0.85740650	0.11626476
1.67099995	-0.85497659	0.15987943
1.67199995	-0.64668429	0.21801181
1.67299995	-0.26048842	0.28161910
1.67399995	0.15625000	0.33710629
1.67499995	0.54176921	0.37650713
1.67599995	0.78561759	0.37666091
1.67699995	0.84977853	0.33787525
1.67799995	0.71684301	0.27928150
1.67899995	0.40877214	0.20903051
1.67999995	-0.00255290	0.15074433
1.68099995	-0.45715427	0.11318897
1.68199995	-0.76128817	0.10749877
1.68299995	-0.87201649	0.13475025
1.68399995	-0.76910067	0.18423967
1.68499995	-0.46582800	0.24843135
1.68599995	-0.06914370	0.30963951
1.68699995	0.36300442	0.35869834
1.68799995	0.68297857	0.37644562
1.68899995	0.84215057	0.36069760
1.68999995	0.80471826	0.31382260
1.69099995	0.57717150	0.24234129
1.69199995	0.20712352	0.17805733
1.69299995	-0.25049213	0.13019808
1.69399995	-0.61577266	0.10999016
1.69499995	-0.83667570	0.12090920
1.69599995	-0.84208906	0.15867987
1.69699995	-0.63019806	0.21742742
1.69799995	-0.27989665	0.28158835
1.69899995	0.15831077	0.34156618
1.69999995	0.53081942	0.37376967
1.70099995	0.78140378	0.37376967
1.70199995	0.84565699	0.34171999
1.70299995	0.71432084	0.28235728
1.70399995	0.40898746	0.21512057
1.70499995	-0.02377584	0.14969857
1.70599995	-0.43282479	0.11189715
1.70699995	-0.75968874	0.10768332
1.70799995	-0.87663019	0.13096702
1.70899995	-0.76703984	0.17821112
1.70999995	-0.47742373	0.24234129
1.71099995	-0.04825911	0.31382260
1.71199995	0.35952878	0.36069760
1.71299995	0.68513167	0.37644562
1.71399995	0.84196603	0.35869834
1.71499995	0.80564100	0.30963951
1.71599995	0.57935530	0.24843135
1.71699995	0.19866511	0.18423967
1.71799995	-0.22468626	0.13475025
1.71899995	-0.62967521	0.10749877
1.71999995	-0.84611833	0.11318897
1.72099995	-0.84368849	0.15074433
1.72199995	-0.63847196	0.20903051
1.72299995	-0.25833538	0.27928150
1.72399995	0.15548106	0.33787525
1.72499995	0.54161543	0.37666091
1.72599995	0.78561759	0.37666091
1.72699995	0.84977853	0.33787525
1.72799995	0.71684301	0.27946603
1.72899995	0.40877214	0.20976870
1.72999995	-0.00239911	0.14840674
1.73099995	-0.45641610	0.10420768
1.73199995	-0.76374876	0.09848671
1.73299995	-0.88176674	0.13244340
1.73399995	-0.77577507	0.18500862
1.73499995	-0.45918429	0.24858513
1.73599995	-0.05942421	0.30963951
1.73699995	0.36549580	0.35869834
1.73799995	0.68205583	0.37644562
1.73899995	0.84122783	0.36069760
1.73999995	0.80717891	0.31382260
1.74099995	0.58692175	0.24234129
1.74199995	0.21379799	0.17821112
1.74299995	-0.25716659	0.13096702
1.74399995	-0.62552285	0.10768332
1.74499995	-0.83916706	0.11189715
1.74599995	-0.84132010	0.14969857
1.74699995	-0.63004428	0.21512057
1.74799995	-0.28005046	0.28235728
1.74899995	0.15754183	0.34171999
1.74999995	0.53312624	0.37376967
1.75099995	0.79038507	0.37376967
1.75199995	0.85476130	0.34171999
1.75299995	0.71739668	0.28235728
1.75399995	0.40591165	0.21512057
1.75499995	-0.03291092	0.14969857
1.75599995	-0.44177535	0.11174335
1.75699995	-0.76199555	0.10691437
1.75799995	-0.87586123	0.13327387
1.75899995	-0.76688606	0.18719243
1.75999995	-0.47742373	0.25132260
1.76099995	-0.04825911	0.31616017
1.76199995	0.35952878	0.35992864
1.76299995	0.68513167	0.37629184
1.76399995	0.84196603	0.35885212
1.76499995	0.80564100	0.31040847
1.76599995	0.57950908	0.24612451
1.76699995	0.19943406	0.17525837
1.76799995	-0.22699311	0.12576894
1.76899995	-0.63865650	0.10516117
1.76999995	-0.85509968	0.11395792
1.77099995	-0.84599531	0.15089813
1.77199995	-0.63770300	0.20918430
1.77299995	-0.25818160	0.28005046
1.77399995	0.15548106	0.33556840
1.77499995	0.54161543	0.36764887
1.77599995	0.78561759	0.36764887
1.77699995	0.84977853	0.33556840
1.77799995	0.71684301	0.28005046
1.77899995	0.40877214	0.20918430
1.77999995	-0.00255290	0.15074433
1.78099995	-0.45715427	0.11318897
1.78199995	-0.76144195	0.10749877
1.78299995	-0.87278545	0.13475025
1.78399995	-0.76679379	0.18423967
1.78499995	-0.45687747	0.24843135
1.78599995	-0.06034695	0.30963951
1.78699995	0.36457309	0.35869834
1.78799995	0.68454725	0.37644562
1.78899995	0.85097808	0.36069760
1.78999995	0.81369954	0.31397638
1.79099995	0.57947832	0.24311024
1.79199995	0.20635457	0.17590427
1.79299995	-0.25064591	0.12198573
1.79399995	-0.61577266	0.09870202
1.79499995	-0.83667570	0.10959031
1.79599995	-0.84208906	0.15043676
1.79699995	-0.63019806	0.21527436
1.79799995	-0.28005046	0.28235728
1.79899995	0.15754183	0.34171999
1.79999995	0.53312624	0.37376967
1.80099995	0.79038507	0.37376967
1.80199995	0.85476130	0.34171999
1.80299995	0.71739668	0.28235728
1.80399995	0.40591165	0.21512057
1.80499995	-0.03291092	0.14969857
1.80599995	-0.44177535	0.11174335
1.80699995	-0.76199555	0.10691437
1.80799995	-0.87586123	0.13327387
1.80899995	-0.76688606	0.18719243
1.80999995	-0.47742373	0.25132260
1.81099995	-0.04825911	0.31616017
1.81199995	0.35952878	0.35992864
1.81299995	0.68513167	0.37629184
1.81399995	0.84196603	0.35869834
1.81499995	0.80564100	0.30963951
1.81599995	0.57950908	0.24843135
1.81699995	0.19943406	0.18423967
1.81799995	-0.22683932	0.13475025
1.81899995	-0.63788754	0.10749877
1.81999995	-0.85740650	0.11318897
1.82099995	-0.85497659	0.15074433
1.82199995	-0.64668429	0.20903051
1.82299995	-0.26048842	0.27928150
1.82399995	0.15625000	0.33787525
1.82499995	0.54176921	0.37666091
1.82599995	0.78561759	0.37666091
1.82699995	0.84977853	0.33787525
1.82799995	0.71699679	0.27928150
1.82899995	0.40954110	0.20903051
1.82999995	-0.00485974	0.15074433
1.83099995	-0.46613559	0.11318897
1.83199995	-0.77039248	0.10749877
1.83299995	-0.87509227	0.13475025
1.83399995	-0.76602483	0.18423967
1.83499995	-0.45672366	0.24843135
1.83599995	-0.06019316	0.30963951
1.83699995	0.36531126	0.35869834
1.83799995	0.68205583	0.37629184
1.83899995	0.84122783	0.35992864
1.83999995	0.80717891	0.31616017
1.84099995	0.58692175	0.25132260
1.84199995	0.21395177	0.18719243
1.84299995	-0.25639763	0.13327387
1.84399995	-0.62782973	0.10691437
1.84499995	-0.84814835	0.11174335
1.84599995	-0.85045522	0.14969857
1.84699995	-0.63315082	0.21512057
1.84799995	-0.27694389	0.28235728
1.84899995	0.16670768	0.34171999
1.84999995	0.54213828	0.37376967
1.85099995	0.79269195	0.37376967
1.85199995	0.85402310	0.34171999
1.85299995	0.71724284	0.28235728
1.85399995	0.40591165	0.21512057
1.85499995	-0.03291092	0.14969857
1.85599995	-0.44177535	0.11174335
1.85699995	-0.76199555	0.10691437
1.85799995	-0.87586123	0.13327387
1.85899995	-0.76688606	0.18719243
1.85999995	-0.47742373	0.25132260
1.86099995	-0.04825911	0.31616017
1.86199995	0.35952878	0.35992864
1.86299995	0.68513167	0.37629184
1.86399995	0.84196603	0.35869834
1.86499995	0.80564100	0.30963951
1.86599995	0.57935530	0.24843135
1.86699995	0.19866511	0.18423967
1.86799995	-0.22468626	0.13459645
1.86899995	-0.62967521	0.10672982
1.86999995	-0.84611833	0.11552657
1.87099995	-0.84368849	0.15972564
1.87199995	-0.63847196	0.21816561
1.87299995	-0.25833538	0.28238803
1.87399995	0.15548106	0.33479947
1.87499995	0.54161543	0.36749509
1.87599995	0.78577143	0.36764887
1.87699995	0.85054749	0.33556840
1.87799995	0.71450543	0.28020424
1.87899995	0.39979085	0.20992249
1.87999995	-0.01153420	0.14856052
1.88099995	-0.45949188	0.10494587
1.88199995	-0.76067299	0.09602609
1.88299995	-0.87263167	0.12266240
1.88399995	-0.76679379	0.17833415
1.88499995	-0.45687747	0.25525960
1.88599995	-0.06019316	0.31938976
1.88699995	0.36531126	0.36118972
1.88799995	0.68220967	0.37552288
1.88899995	0.84199679	0.35977486
1.88999995	0.80487204	0.31631398
1.89099995	0.57794046	0.25209153
1.89199995	0.20481668	0.18485482
1.89299995	-0.25950417	0.12429257
1.89399995	-0.62475395	0.09793307
1.89499995	-0.83901328	0.10943651
1.89599995	-0.84147394	0.15043676
1.89699995	-0.63081324	0.21527436
1.89799995	-0.27771285	0.28235728
1.89899995	0.16655388	0.34171999
1.89999995	0.54213828	0.37376967
1.90099995	0.79269195	0.37376967
1.90199995	0.85402310	0.34171999
1.90299995	0.71724284	0.28235728
1.90399995	0.40591165	0.21512057
1.90499995	-0.03291092	0.14969857
1.90599995	-0.44177535	0.11189715
1.90699995	-0.76199555	0.10768332
1.90799995	-0.87586123	0.13096702
1.90899995	-0.76688606	0.17821112
1.90999995	-0.47757751	0.24234129
1.91099995	-0.04902805	0.31382260
1.91199995	0.36183563	0.36069760
1.91299995	0.69414371	0.37644562
1.91399995	0.85094732	0.35869834
1.91499995	0.80797857	0.30963951
1.91599995	0.57858634	0.24843135
1.91699995	0.19851132	0.18423967
1.91799995	-0.22453249	0.13459645
1.91899995	-0.62890625	0.10672982
1.91999995	-0.84845597	0.11552657
1.92099995	-0.85266978	0.15972564
1.92199995	-0.64745325	0.21801181
1.92299995	-0.26064223	0.28161910
1.92399995	0.15640379	0.33710629
1.92499995	0.54253817	0.37650713
1.92599995	0.78331077	0.37666091
1.92699995	0.84079725	0.33787525
1.92799995	0.70801550	0.27928150
1.92899995	0.40723425	0.20903051
1.92999995	-0.00409080	0.15074433
1.93099995	-0.46598178	0.11318897
1.93199995	-0.77039248	0.10749877
1.93299995	-0.87509227	0.13475025
1.93399995	-0.76602483	0.18423967
1.93499995	-0.45672366	0.24843135
1.93599995	-0.06019316	0.30963951
1.93699995	0.36531126	0.35869834
1.93799995	0.68220967	0.37644562
1.93899995	0.84199679	0.36069760
1.93999995	0.80487204	0.31382260
1.94099995	0.57794046	0.24234129
1.94199995	0.20497048	0.17821112
1.94299995	-0.25873524	0.13096702
1.94399995	-0.62709153	0.10768332
1.94499995	-0.84799457	0.11189715
1.94599995	-0.85030144	0.14969857
1.94699995	-0.63238192	0.21512057
1.94799995	-0.27928150	0.28235728
1.94899995	0.15769562	0.34171999
1.94999995	0.53312624	0.37376967
1.95099995	0.79038507	0.37376967
1.95199995	0.85476130	0.34171999
1.95299994	0.71739668	0.28235728
1.95399994	0.40591165	0.21527436
1.95499994	-0.03291092	0.15043676
1.95599994	-0.44177535	0.10943651
1.95699994	-0.76199555	0.09793307
1.95799994	-0.87586123	0.12429257
1.95899994	-0.76688606	0.18485482
1.95999994	-0.47742373	0.25209153
1.96099994	-0.04825911	0.31631398
1.96199994	0.35952878	0.35992864
1.96299994	0.68513167	0.37629184
1.96399994	0.84196603	0.35885212
1.96499994	0.80564100	0.31040847
1.96599994	0.57935530	0.24612451
1.96699994	0.19866511	0.17525837
1.96799994	-0.22468626	0.12576894
1.96899994	-0.62967521	0.10516117
1.96999994	-0.84611833	0.11395792
1.97099994	-0.84368849	0.15089813
1.97199994	-0.63847196	0.20903051
1.97299994	-0.25833538	0.27928150
1.97399994	0.15548106	0.33787525
1.97499994	0.54161543	0.37666091
1.97599994	0.78577143	0.37666091
1.97699994	0.85054749	0.33787525
1.97799994	0.71450543	0.27946603
1.97899994	0.39979085	0.20976870
1.97999994	-0.01153420	0.14856052
1.98099994	-0.45949188	0.10494587
1.98199994	-0.76067299	0.09617987
1.98299994	-0.87263167	0.12343135
1.98399994	-0.76679379	0.17599656
1.98499994	-0.45687747	0.24627830
1.98599994	-0.06019316	0.31056225
1.98699994	0.36531126	0.35962105
1.98799994	0.68220967	0.37395424
1.98899994	0.84199679	0.35094735
1.98999994	0.80487204	0.30714813
1.99099994	0.57794046	0.24901575
1.99199994	0.20481668	0.18780757
1.99299994	-0.25950417	0.13265871
1.99399994	-0.62475395	0.10922121
1.99499994	-0.83901328	0.12075541
1.99599994	-0.84132010	0.15867987
1.99699994	-0.63004428	0.21742742
1.99799994	-0.28005046	0.28158835
1.99899994	0.15754183	0.34156618
1.99999994	0.53312624	0.37376967
2.00099994	0.79038507	0.37376967
2.00199994	0.85460752	0.34171999
2.00299994	0.71662772	0.28235728
