Time	Channel A	Channel B
(us)	(V)	(V)

-0.00400000	0.77555978	0.13475025
-0.00300000	0.51774728	0.10749877
-0.00200000	0.12413878	0.11318897
-0.00100000	-0.34744096	0.15074433
0.00000000	-0.69251353	0.20918430
0.00100000	-0.86257380	0.28005046
0.00200000	-0.81788260	0.33556840
0.00300000	-0.56305367	0.36764887
0.00400000	-0.18962230	0.36764887
0.00500000	0.24800074	0.33556840
0.00600000	0.59984004	0.28005046
0.00700000	0.81225395	0.20918430
0.00800000	0.83615279	0.15074433
0.00900000	0.66913754	0.11318897
0.01000000	0.33129305	0.10749877
0.01100000	-0.12693775	0.13475025
0.01200000	-0.52146900	0.18423967
0.01300000	-0.79629058	0.24843135
0.01400000	-0.86300445	0.30963951
0.01500000	-0.71106052	0.35869834
0.01600000	-0.39585385	0.37644562
0.01700000	0.03690945	0.36069760
0.01800000	0.43608513	0.31382260
0.01900000	0.74234128	0.24234129
0.02000000	0.86174333	0.17821112
0.02100000	0.77642101	0.13096702
0.02200000	0.50882751	0.10768332
0.02300000	0.09968627	0.11189715
0.02400000	-0.32058933	0.14969857
0.02500000	-0.69106793	0.21512057
0.02600000	-0.86654156	0.28235728
0.02700000	-0.82234251	0.34171999
0.02800000	-0.57941681	0.37376967
0.02900000	-0.17141363	0.37376967
0.03000000	0.24529405	0.34171999
0.03100000	0.60903668	0.28235728
0.03200000	0.81809795	0.21527436
0.03300000	0.83987451	0.15043676
0.03400000	0.66612327	0.10959031
0.03500000	0.32477239	0.09870202
0.03600000	-0.09550320	0.12198573
0.03700000	-0.53377217	0.17590427
0.03800000	-0.80290353	0.24311024
0.03900000	-0.86524975	0.31397638
0.04000000	-0.71533585	0.36069760
0.04100000	-0.37272391	0.37644562
0.04200000	0.03244956	0.35885212
0.04300000	0.44039124	0.31040847
0.04400000	0.72816193	0.24627830
0.04500000	0.85165477	0.17599656
0.04600000	0.77402192	0.12343135
0.04700000	0.50891978	0.09617987
0.04800000	0.11515748	0.10494587
0.04900000	-0.34974778	0.14856052
0.05000000	-0.69174457	0.20992249
0.05100000	-0.86242002	0.28020424
0.05200000	-0.81788260	0.33556840
0.05300000	-0.56305367	0.36764887
0.05400000	-0.18977608	0.36749509
0.05500000	0.24723180	0.33479947
0.05600000	0.60233146	0.28238803
0.05700000	0.82203496	0.21816561
0.05800000	0.84267348	0.15987943
0.05900000	0.66169417	0.11626476
0.06000000	0.32400346	0.10442298
0.06100000	-0.11967888	0.12561515
0.06200000	-0.51405632	0.17525837
0.06300000	-0.80278051	0.24612451
0.06400000	-0.87287772	0.31040847
0.06500000	-0.71429008	0.35885212
0.06600000	-0.39262426	0.37629184
0.06700000	0.04684424	0.35992864
0.06800000	0.44275960	0.31616017
0.06900000	0.73569757	0.25132260
0.07000000	0.85187006	0.18719243
0.07100000	0.77319145	0.13327387
0.07200000	0.51190329	0.10691437
0.07300000	0.10882135	0.11174335
0.07400000	-0.31160802	0.14985237
0.07500000	-0.68876106	0.21588951
0.07600000	-0.86731052	0.28001967
0.07700000	-0.82249629	0.33270791
0.07800000	-0.57941681	0.36478838
0.07900000	-0.17141363	0.37146285
0.08000000	0.24544783	0.34233513
0.08100000	0.60980558	0.28174213
0.08200000	0.81579107	0.21758120
0.08300000	0.83092397	0.15944882
0.08400000	0.65714198	0.11860237
0.08500000	0.32246554	0.10100885
0.08600000	-0.09473425	0.12121678
0.08700000	-0.53361833	0.17575049
0.08800000	-0.80290353	0.24311024
0.08900000	-0.86524975	0.31397638
0.09000000	-0.71533585	0.36054379
0.09100000	-0.37272391	0.37567666
0.09200000	0.03244956	0.36118972
0.09300000	0.44039124	0.31938976
0.09400000	0.72816193	0.25510579
0.09500000	0.85165477	0.17756520
0.09600000	0.77386808	0.12500000
0.09700000	0.50818157	0.10500738
0.09800000	0.11746432	0.11395792
0.09900000	-0.34076649	0.15089813
0.10000000	-0.68279403	0.20918430
0.10100000	-0.86011320	0.28005046
0.10200000	-0.81865156	0.33541462
0.10300000	-0.56320745	0.36687991
0.10400000	-0.18977608	0.36995572
0.10500000	0.24723180	0.34454972
0.10600000	0.60217768	0.28903174
0.10700000	0.82126600	0.21149114
0.10800000	0.84513408	0.15012918
0.10900000	0.67144442	0.11380413
0.11000000	0.33067790	0.10516117
0.11100000	-0.12632258	0.12576894
0.11200000	-0.52377582	0.17525837
0.11300000	-0.80524117	0.24612451
0.11400000	-0.87195498	0.31040847
0.11500000	-0.71336734	0.35885212
0.11600000	-0.39493111	0.37629184
0.11700000	0.03783219	0.35992864
0.11800000	0.43374753	0.31616017
0.11900000	0.73335999	0.25132260
0.12000000	0.85279280	0.18719243
0.12100000	0.77411419	0.13327387
0.12200000	0.50959647	0.10691437
0.12300000	0.09984006	0.11174335
0.12400000	-0.32058933	0.14969857
0.12500000	-0.69106793	0.21512057
0.12600000	-0.86654156	0.28235728
0.12700000	-0.82234251	0.34171999
0.12800000	-0.57941681	0.37376967
0.12900000	-0.17141363	0.37376967
0.13000000	0.24529405	0.34171999
0.13100000	0.60903668	0.28235728
0.13200000	0.81809795	0.21512057
0.13300000	0.83987451	0.14969857
0.13400000	0.66612327	0.11189715
0.13500000	0.32477239	0.10768332
0.13600000	-0.09550320	0.13096702
0.13700000	-0.53377217	0.17821112
0.13800000	-0.80274975	0.24234129
0.13900000	-0.86448079	0.31382260
0.14000000	-0.71779650	0.36069760
0.14100000	-0.38244340	0.37644562
0.14200000	0.02580586	0.35869834
0.14300000	0.44706571	0.30963951
0.14400000	0.73791218	0.24843135
0.14500000	0.85411543	0.18423967
0.14600000	0.77309918	0.13475025
0.14700000	0.50802779	0.10749877
0.14800000	0.11746432	0.11318897
0.14900000	-0.34076649	0.15074433
0.15000000	-0.68279403	0.20903051
0.15100000	-0.86011320	0.27928150
0.15200000	-0.81865156	0.33787525
0.15300000	-0.56320745	0.37666091
0.15400000	-0.18977608	0.37650713
0.15500000	0.24723180	0.33710629
0.15600000	0.60217768	0.28161910
0.15700000	0.82126600	0.21801181
0.15800000	0.84513408	0.15987943
0.15900000	0.67144442	0.11626476
0.16000000	0.33052412	0.10442298
0.16100000	-0.12709154	0.12561515
0.16200000	-0.52146900	0.17525837
0.16300000	-0.79629058	0.24612451
0.16400000	-0.86300445	0.31040847
0.16500000	-0.71106052	0.35885212
0.16600000	-0.39570004	0.37629184
0.16700000	0.03767839	0.35992864
0.16800000	0.43374753	0.31616017
0.16900000	0.73335999	0.25132260
0.17000000	0.85260826	0.18719243
0.17100000	0.77334523	0.13327387
0.17200000	0.51190329	0.10691437
0.17300000	0.10882135	0.11174335
0.17400000	-0.31160802	0.14985237
0.17500000	-0.68876106	0.21588951
0.17600000	-0.86731052	0.28001967
0.17700000	-0.82249629	0.33270791
0.17800000	-0.57941681	0.36478838
0.17900000	-0.17141363	0.37146285
0.18000000	0.24529405	0.34248891
0.18100000	0.60903668	0.28251109
0.18200000	0.81809795	0.21512057
0.18300000	0.83987451	0.14969857
0.18400000	0.66612327	0.11189715
0.18499999	0.32477239	0.10768332
0.18599999	-0.09550320	0.13096702
0.18699999	-0.53377217	0.17821112
0.18799999	-0.80290353	0.24234129
0.18899999	-0.86524975	0.31382260
0.18999999	-0.71548969	0.36069760
0.19099999	-0.37349287	0.37644562
0.19199999	0.03478716	0.35869834
0.19299999	0.44937253	0.30963951
0.19399999	0.73698944	0.24843135
0.19499999	0.85319269	0.18423967
0.19599999	0.77540600	0.13475025
0.19699999	0.51697832	0.10749877
0.19799999	0.12644562	0.11318897
0.19899999	-0.33845964	0.15074433
0.19999999	-0.68353224	0.20918430
0.20099999	-0.86026698	0.28005046
0.20199999	-0.81865156	0.33541462
0.20299999	-0.56320745	0.36687991
0.20399999	-0.18977608	0.36980191
0.20499999	0.24723180	0.34378076
0.20599999	0.60217768	0.29136935
0.20699999	0.82126600	0.22047244
0.20799999	0.84513408	0.15895669
0.20899999	0.67144442	0.11537278
0.20999999	0.33067790	0.10672982
0.21099999	-0.12632258	0.13459645
0.21199999	-0.52377582	0.18423967
0.21299999	-0.80524117	0.24843135
0.21399999	-0.87210876	0.30963951
0.21499999	-0.71413630	0.35869834
0.21599999	-0.39262426	0.37629184
0.21699999	0.04684424	0.35992864
0.21799999	0.44275960	0.31616017
0.21899999	0.73569757	0.25132260
0.21999999	0.85202384	0.18719243
0.22099999	0.77396035	0.13327387
0.22199999	0.50959647	0.10691437
0.22299999	0.09984006	0.11174335
0.22399999	-0.32058933	0.14969857
0.22499999	-0.69106793	0.21512057
0.22599999	-0.86654156	0.28235728
0.22699999	-0.82234251	0.34171999
0.22799999	-0.57941681	0.37376967
0.22899999	-0.17141363	0.37376967
0.22999999	0.24529405	0.34171999
0.23099999	0.60903668	0.28235728
0.23199999	0.81809795	0.21527436
0.23299999	0.83987451	0.15043676
0.23399999	0.66612327	0.10959031
0.23499999	0.32477239	0.09870202
0.23599999	-0.09534941	0.12198573
0.23699999	-0.53300321	0.17590427
0.23799999	-0.80521035	0.24311024
0.23899999	-0.87420028	0.31397638
0.23999999	-0.72447097	0.36054379
0.24099999	-0.37579972	0.37567666
0.24199999	0.03555610	0.36103591
0.24299999	0.44952634	0.31862080
0.24399999	0.73698944	0.25744340
0.24499999	0.85319269	0.18654650
0.24599999	0.77540600	0.13398130
0.24699999	0.51697832	0.10734498
0.24799999	0.12644562	0.11318897
0.24899999	-0.33845964	0.15074433
0.24999999	-0.68353224	0.20918430
0.25099999	-0.86026698	0.28005046
0.25199999	-0.81865156	0.33541462
0.25299999	-0.56320745	0.36687991
0.25399999	-0.18977608	0.36980191
0.25499999	0.24723180	0.34378076
0.25599999	0.60233146	0.29136935
0.25699999	0.82203496	0.22047244
0.25799999	0.84282726	0.15911049
0.25899999	0.66246307	0.11611097
0.25999999	0.32169661	0.10442298
0.26099999	-0.12862943	0.12561515
0.26199999	-0.52300692	0.17525837
0.26299999	-0.80508733	0.24612451
0.26399999	-0.87210876	0.31040847
0.26499999	-0.71413630	0.35885212
0.26599999	-0.39262426	0.37629184
0.26699999	0.04684424	0.35992864
0.26799999	0.44291338	0.31631398
0.26899999	0.73646653	0.25209153
0.26999999	0.84953249	0.18485482
0.27099999	0.76417935	0.12429257
0.27199999	0.50292200	0.09793307
0.27299999	0.10648376	0.10943651
0.27399999	-0.31083909	0.15043676
0.27499999	-0.68860728	0.21527436
0.27599999	-0.86731052	0.28235728
0.27699999	-0.82249629	0.34171999
0.27799999	-0.57941681	0.37376967
0.27899999	-0.17141363	0.37376967
0.27999999	0.24529405	0.34171999
0.28099999	0.60903668	0.28235728
0.28199999	0.81809795	0.21527436
0.28299999	0.83987451	0.15043676
0.28399999	0.66612327	0.10959031
0.28499999	0.32477239	0.09870202
0.28599999	-0.09534941	0.12198573
0.28699999	-0.53300321	0.17590427
0.28799999	-0.80521035	0.24311024
0.28899999	-0.87420028	0.31397638
0.28999999	-0.72431719	0.36054379
0.29099999	-0.37503076	0.37567666
0.29199999	0.03321850	0.36118972
0.29299999	0.44054502	0.31938976
0.29399999	0.72800809	0.25525960
0.29499999	0.85088581	0.17833415
0.29599999	0.77632874	0.12266240
0.29699999	0.51790106	0.09602609
0.29799999	0.12413878	0.10494587
0.29899999	-0.34744096	0.14856052
0.29999999	-0.69251353	0.20976870
0.30099999	-0.86257380	0.27946603
0.30199999	-0.81788260	0.33787525
0.30299999	-0.56305367	0.37666091
0.30399999	-0.18977608	0.37666091
0.30499999	0.24723180	0.33787525
0.30599999	0.60217768	0.27928150
0.30699999	0.82126600	0.20903051
0.30799999	0.84513408	0.15089813
0.30899999	0.67144442	0.11395792
0.30999999	0.33052412	0.10516117
0.31099999	-0.12709154	0.12576894
0.31199999	-0.52146900	0.17525837
0.31299999	-0.79629058	0.24612451
0.31399999	-0.86300445	0.31040847
0.31499999	-0.71106052	0.35885212
0.31599999	-0.39570004	0.37629184
0.31699999	0.03767839	0.35992864
0.31799999	0.43374753	0.31616017
0.31899999	0.73335999	0.25132260
0.31999999	0.85279280	0.18719243
0.32099999	0.77411419	0.13327387
0.32199999	0.50959647	0.10706816
0.32299999	0.09984006	0.11251231
0.32399999	-0.32058933	0.14736098
0.32499999	-0.69106793	0.20610851
0.32599999	-0.86654156	0.27334523
0.32699999	-0.82234251	0.33938238
0.32799999	-0.57941681	0.37453863
0.32899999	-0.17141363	0.37395424
0.32999999	0.24529405	0.34171999
0.33099999	0.60903668	0.28235728
0.33199999	0.81809795	0.21512057
0.33299999	0.83987451	0.14969857
0.33399999	0.66612327	0.11189715
0.33499999	0.32477239	0.10768332
0.33599999	-0.09550320	0.13096702
0.33699999	-0.53377217	0.17821112
0.33799999	-0.80290353	0.24234129
0.33899999	-0.86524975	0.31382260
0.33999999	-0.71533585	0.36069760
0.34099999	-0.37272391	0.37644562
0.34199999	0.03244956	0.35885212
0.34299999	0.44039124	0.31040847
0.34399999	0.72800809	0.24612451
0.34499999	0.85088581	0.17525837
0.34599999	0.77632874	0.12576894
0.34699999	0.51790106	0.10516117
0.34799999	0.12413878	0.11395792
0.34899999	-0.34744096	0.15089813
0.34999999	-0.69251353	0.20903051
0.35099999	-0.86257380	0.27928150
0.35199999	-0.81788260	0.33787525
0.35299999	-0.56305367	0.37666091
0.35399999	-0.18977608	0.37650713
0.35499999	0.24723180	0.33710629
0.35599999	0.60233146	0.28161910
0.35699999	0.82203496	0.21801181
0.35799999	0.84267348	0.15987943
0.35899999	0.66169417	0.11626476
0.35999999	0.32384965	0.10442298
0.36099999	-0.12041707	0.12561515
0.36199999	-0.51156497	0.17525837
0.36299999	-0.79306102	0.24612451
0.36399999	-0.86623400	0.31040847
0.36499999	-0.72093379	0.35885212
0.36599999	-0.40249753	0.37629184
0.36699999	0.04361467	0.35992864
0.36799999	0.44583538	0.31616017
0.36899999	0.74483269	0.25132260
0.36999999	0.86082059	0.18719243
0.37099999	0.77549827	0.13327387
0.37199999	0.51116508	0.10691437
0.37299999	0.10866757	0.11174335
0.37399999	-0.31160802	0.14969857
0.37499999	-0.68876106	0.21512057
0.37599999	-0.86731052	0.28235728
0.37699999	-0.82249629	0.34171999
0.37799999	-0.57941681	0.37376967
0.37899999	-0.17141363	0.37376967
0.37999999	0.24544783	0.34156618
0.38099999	0.60980558	0.28158835
0.38199999	0.81579107	0.21742742
0.38299999	0.83092397	0.15867987
0.38399999	0.65729576	0.12090920
0.38499999	0.32323450	0.10999016
0.38599999	-0.09688731	0.13019808
0.38699999	-0.54183072	0.17805733
0.38799999	-0.81406868	0.24234129
0.38899999	-0.87576896	0.31382260
0.38999999	-0.72600883	0.36069760
0.39099999	-0.38459647	0.37644562
0.39199999	0.02657480	0.35885212
0.39299999	0.44721949	0.31040847
0.39399999	0.73775834	0.24612451
0.39499999	0.85334647	0.17525837
0.39599999	0.77555978	0.12576894
0.39699999	0.51774728	0.10516117
0.39799999	0.12413878	0.11395792
0.39899999	-0.34744096	0.15089813
0.39999999	-0.69251353	0.20903051
0.40099999	-0.86257380	0.27928150
0.40199999	-0.81788260	0.33787525
0.40299999	-0.56305367	0.37666091
0.40399999	-0.18977608	0.37666091
0.40499999	0.24723180	0.33787525
0.40599999	0.60217768	0.27928150
0.40699999	0.82126600	0.20903051
0.40799999	0.84513408	0.15074433
0.40899999	0.67144442	0.11318897
0.40999999	0.33052412	0.10749877
0.41099999	-0.12709154	0.13475025
0.41199999	-0.52146900	0.18423967
0.41299999	-0.79629058	0.24843135
0.41399999	-0.86300445	0.30963951
0.41499999	-0.71106052	0.35869834
0.41599999	-0.39570004	0.37629184
0.41699999	0.03767839	0.35992864
0.41799999	0.43374753	0.31616017
0.41899999	0.73335999	0.25132260
0.41999999	0.85279280	0.18719243
0.42099999	0.77411419	0.13327387
0.42199999	0.50959647	0.10691437
0.42299999	0.09984006	0.11174335
0.42399999	-0.32074311	0.14969857
0.42499999	-0.69183683	0.21512057
0.42599999	-0.86423475	0.28235728
0.42699999	-0.81336123	0.34171999
0.42799999	-0.57040477	0.37376967
0.42899999	-0.16910680	0.37376967
0.42999999	0.24455586	0.34171999
0.43099999	0.60888284	0.28235728
0.43199999	0.81809795	0.21527436
0.43299999	0.83987451	0.15043676
0.43399999	0.66612327	0.10959031
0.43499999	0.32477239	0.09870202
0.43599999	-0.09550320	0.12213952
0.43699999	-0.53377217	0.17667323
0.43799999	-0.80274975	0.24080339
0.43899999	-0.86448079	0.30499509
0.43999999	-0.71764272	0.35171628
0.44099999	-0.38167447	0.37410802
0.44199999	0.02349902	0.35946727
0.44299999	0.43808439	0.30979329
0.44399999	0.72893083	0.24858513
0.44499999	0.85180855	0.18500862
0.44599999	0.77386808	0.13244340
0.44699999	0.50818157	0.09848671
0.44799999	0.11746432	0.10420768
0.44899999	-0.34076649	0.14840674
0.44999999	-0.68279403	0.20992249
0.45099999	-0.86011320	0.28020424
0.45199999	-0.81865156	0.33541462
0.45299999	-0.56320745	0.36687991
0.45399999	-0.18977608	0.36980191
0.45499999	0.24723180	0.34378076
0.45599999	0.60233146	0.29136935
0.45699999	0.82203496	0.22047244
0.45799999	0.84267348	0.15911049
0.45899999	0.66169417	0.11611097
0.45999999	0.32400346	0.10442298
0.46099999	-0.11967888	0.12561515
0.46199999	-0.51405632	0.17525837
0.46299999	-0.80278051	0.24612451
0.46399999	-0.87287772	0.31056225
0.46499999	-0.71429008	0.35962105
0.46599999	-0.39262426	0.37395424
0.46699999	0.04684424	0.35094735
0.46799999	0.44275960	0.30714813
0.46899999	0.73569757	0.24901575
0.46999999	0.85187006	0.18796137
0.47099999	0.77319145	0.13342765
0.47199999	0.51190329	0.10691437
0.47299999	0.10882135	0.11174335
0.47399999	-0.31160802	0.14969857
0.47499999	-0.68876106	0.21512057
0.47599999	-0.86731052	0.28235728
0.47699999	-0.82249629	0.34171999
0.47799999	-0.57941681	0.37376967
0.47899999	-0.17141363	0.37376967
0.47999999	0.24544783	0.34171999
0.48099999	0.60980558	0.28235728
0.48199999	0.81579107	0.21527436
0.48299999	0.83092397	0.15043676
0.48399999	0.65729576	0.10959031
0.48499999	0.32323450	0.09870202
0.48599999	-0.09704109	0.12198573
0.48699999	-0.54259968	0.17590427
0.48799999	-0.81188482	0.24311024
0.48899999	-0.86755657	0.31397638
0.48999999	-0.71456695	0.36069760
0.49099999	-0.37257013	0.37644562
0.49199999	0.03244956	0.35869834
0.49299999	0.44039124	0.30963951
0.49399999	0.72800809	0.24843135
0.49499999	0.85088581	0.18423967
0.49599999	0.77617496	0.13475025
0.49699999	0.51713216	0.10749877
0.49799999	0.12644562	0.11318897
0.49899999	-0.33845964	0.15074433
0.49999999	-0.68353224	0.20903051
0.50099999	-0.86026698	0.27928150
0.50199999	-0.81865156	0.33787525
0.50299999	-0.56320745	0.37666091
0.50399999	-0.18977608	0.37650713
0.50499999	0.24723180	0.33710629
0.50599999	0.60217768	0.28177288
0.50699999	0.82126600	0.21878076
0.50799999	0.84513408	0.15757258
0.50899999	0.67144442	0.10728347
0.50999999	0.33067790	0.09541093
0.51099999	-0.12632258	0.12327756
0.51199999	-0.52377582	0.17599656
0.51299999	-0.80524117	0.24627830
0.51399999	-0.87195498	0.31040847
0.51499999	-0.71336734	0.35885212
0.51599999	-0.39493111	0.37629184
0.51699999	0.03783219	0.35992864
0.51799999	0.43374753	0.31616017
0.51899999	0.73335999	0.25132260
0.51999999	0.85260826	0.18719243
0.52099999	0.77334523	0.13327387
0.52199999	0.51190329	0.10691437
0.52299999	0.10882135	0.11174335
0.52399999	-0.31176180	0.14969857
0.52499999	-0.68953001	0.21512057
0.52599999	-0.86500371	0.28235728
0.52699999	-0.81351501	0.34171999
0.52799999	-0.57040477	0.37376967
0.52899999	-0.16910680	0.37376967
0.52999999	0.24455586	0.34171999
0.53099999	0.60888284	0.28235728
0.53199999	0.81809795	0.21527436
0.53299999	0.83987451	0.15043676
0.53399999	0.66612327	0.10943651
0.53499999	0.32477239	0.09793307
0.53599999	-0.09534941	0.12429257
0.53699999	-0.53300321	0.18485482
0.53799999	-0.80521035	0.25209153
0.53899998	-0.87420028	0.31631398
0.53999998	-0.72431719	0.35992864
0.54099998	-0.37503076	0.37629184
0.54199998	0.03321850	0.35885212
0.54299998	0.44054502	0.31040847
0.54399998	0.72800809	0.24612451
0.54499998	0.85088581	0.17525837
0.54599998	0.77632874	0.12576894
0.54699998	0.51790106	0.10516117
0.54799998	0.12413878	0.11395792
0.54899998	-0.34744096	0.15089813
0.54999998	-0.69251353	0.20918430
0.55099998	-0.86257380	0.28005046
0.55199998	-0.81788260	0.33541462
0.55299998	-0.56305367	0.36687991
0.55399998	-0.18977608	0.36980191
0.55499998	0.24723180	0.34378076
0.55599998	0.60217768	0.29136935
0.55699998	0.82126600	0.22047244
0.55799998	0.84513408	0.15895669
0.55899998	0.67144442	0.11537278
0.55999998	0.33052412	0.10672982
0.56099998	-0.12709154	0.13459645
0.56199998	-0.52146900	0.18423967
0.56299998	-0.79629058	0.24843135
0.56399998	-0.86315823	0.30963951
0.56499998	-0.71182948	0.35869834
0.56599998	-0.39339322	0.37629184
0.56699998	0.04669045	0.35992864
0.56799998	0.44275960	0.31616017
0.56899998	0.73569757	0.25132260
0.56999998	0.85187006	0.18719243
0.57099998	0.77319145	0.13327387
0.57199998	0.51190329	0.10691437
0.57299998	0.10882135	0.11174335
0.57399998	-0.31160802	0.14969857
0.57499998	-0.68876106	0.21512057
0.57599998	-0.86731052	0.28235728
0.57699998	-0.82249629	0.34171999
0.57799998	-0.57941681	0.37376967
0.57899998	-0.17141363	0.37376967
0.57999998	0.24529405	0.34171999
0.58099998	0.60903668	0.28235728
0.58199998	0.81809795	0.21512057
0.58299998	0.83987451	0.14969857
0.58399998	0.66612327	0.11174335
0.58499998	0.32477239	0.10691437
0.58599998	-0.09534941	0.13327387
0.58699998	-0.53300321	0.18719243
0.58799998	-0.80521035	0.25132260
0.58899998	-0.87420028	0.31616017
0.58999998	-0.72431719	0.35992864
0.59099998	-0.37503076	0.37629184
0.59199998	0.03321850	0.35869834
0.59299998	0.44054502	0.30963951
0.59399998	0.72800809	0.24858513
0.59499998	0.85088581	0.18500862
0.59599998	0.77632874	0.13228962
0.59699998	0.51790106	0.09771776
0.59799998	0.12413878	0.10651452
0.59899998	-0.34744096	0.15741880
0.59999998	-0.69251353	0.21893455
0.60099998	-0.86257380	0.28254184
0.60199998	-0.81788260	0.33479947
0.60299998	-0.56305367	0.36749509
0.60399998	-0.18977608	0.36764887
0.60499998	0.24723180	0.33556840
0.60599998	0.60217768	0.28005046
0.60699998	0.82126600	0.20918430
0.60799998	0.84513408	0.15074433
0.60899998	0.67144442	0.11318897
0.60999998	0.33067790	0.10749877
0.61099998	-0.12632258	0.13475025
0.61199998	-0.52377582	0.18423967
0.61299998	-0.80524117	0.24843135
0.61399998	-0.87195498	0.30963951
0.61499998	-0.71336734	0.35869834
0.61599998	-0.39493111	0.37644562
0.61699998	0.03783219	0.36069760
0.61799998	0.43374753	0.31382260
0.61899998	0.73335999	0.24234129
0.61999998	0.85279280	0.17821112
0.62099998	0.77411419	0.13096702
0.62199998	0.50959647	0.10768332
0.62299998	0.09984006	0.11189715
0.62399998	-0.32074311	0.14969857
0.62499998	-0.69183683	0.21512057
0.62599998	-0.86423475	0.28235728
0.62699998	-0.81336123	0.34171999
0.62799998	-0.57040477	0.37376967
0.62899998	-0.16910680	0.37376967
0.62999998	0.24455586	0.34171999
0.63099998	0.60888284	0.28235728
0.63199998	0.81809795	0.21527436
0.63299998	0.83987451	0.15043676
0.63399998	0.66612327	0.10959031
0.63499998	0.32477239	0.09870202
0.63599998	-0.09550320	0.12198573
0.63699998	-0.53377217	0.17590427
0.63799998	-0.80274975	0.24311024
0.63899998	-0.86448079	0.31397638
0.63999998	-0.71779650	0.36069760
0.64099998	-0.38244340	0.37644562
0.64199998	0.02580586	0.35869834
0.64299998	0.44706571	0.30963951
0.64399998	0.73791218	0.24843135
0.64499998	0.85411543	0.18423967
0.64599998	0.77309918	0.13475025
0.64699998	0.50802779	0.10749877
0.64799998	0.11746432	0.11318897
0.64899998	-0.34076649	0.15074433
0.64999998	-0.68279403	0.20918430
0.65099998	-0.86011320	0.28005046
0.65199998	-0.81880534	0.33556840
0.65299998	-0.56397635	0.36764887
0.65399998	-0.18746924	0.36749509
0.65499998	0.25618234	0.33479947
0.65599998	0.61128199	0.28238803
0.65699998	0.82434177	0.21816561
0.65799998	0.84205830	0.15987943
0.65899998	0.66230929	0.11626476
0.65999998	0.32154280	0.10442298
0.66099998	-0.12939838	0.12561515
0.66199998	-0.52070004	0.17525837
0.66299998	-0.79613680	0.24612451
0.66399998	-0.86315823	0.31040847
0.66499998	-0.71182948	0.35885212
0.66599998	-0.39354700	0.37629184
0.66699998	0.04592150	0.35992864
0.66799998	0.44506642	0.31616017
0.66899998	0.74467891	0.25132260
0.66999998	0.86097443	0.18719243
0.67099998	0.77626723	0.13327387
0.67199998	0.50882751	0.10691437
0.67299998	0.09968627	0.11174335
0.67399998	-0.32058933	0.14985237
0.67499998	-0.69106793	0.21588951
0.67599998	-0.86654156	0.28001967
0.67699998	-0.82234251	0.33270791
0.67799998	-0.57941681	0.36478838
0.67899998	-0.17141363	0.37146285
0.67999998	0.24529405	0.34248891
0.68099998	0.60903668	0.28251109
0.68199998	0.81809795	0.21512057
0.68299998	0.83987451	0.14969857
0.68399998	0.66627705	0.11189715
0.68499998	0.32554135	0.10768332
0.68599998	-0.09765625	0.13112082
0.68699998	-0.54198450	0.17898007
0.68799998	-0.81422246	0.24003445
0.68899998	-0.87653792	0.30484128
0.68999998	-0.72370201	0.35171628
0.69099998	-0.37564591	0.37410802
0.69199998	0.03555610	0.35962105
0.69299998	0.44952634	0.31056225
0.69399998	0.73698944	0.24612451
0.69499998	0.85319269	0.17525837
0.69599998	0.77540600	0.12561515
0.69699998	0.51697832	0.10442298
0.69799998	0.12644562	0.11626476
0.69899998	-0.33845964	0.15987943
0.69999998	-0.68353224	0.21816561
0.70099998	-0.86026698	0.28238803
0.70199998	-0.81865156	0.33479947
0.70299998	-0.56320745	0.36749509
0.70399998	-0.18977608	0.36764887
0.70499998	0.24723180	0.33556840
0.70599998	0.60217768	0.28005046
0.70699998	0.82126600	0.20918430
0.70799998	0.84513408	0.15074433
0.70899998	0.67144442	0.11318897
0.70999998	0.33052412	0.10749877
0.71099998	-0.12709154	0.13475025
0.71199998	-0.52146900	0.18423967
0.71299998	-0.79629058	0.24843135
0.71399998	-0.86315823	0.30963951
0.71499998	-0.71182948	0.35869834
0.71599998	-0.39339322	0.37629184
0.71699998	0.04669045	0.35992864
0.71799998	0.44275960	0.31631398
0.71899998	0.73569757	0.25209153
0.71999998	0.85202384	0.18485482
0.72099998	0.77396035	0.12429257
0.72199998	0.50959647	0.09793307
0.72299998	0.09984006	0.10943651
0.72399998	-0.32058933	0.15043676
0.72499998	-0.69106793	0.21527436
0.72599998	-0.86654156	0.28235728
0.72699998	-0.82234251	0.34171999
0.72799998	-0.57941681	0.37376967
0.72899998	-0.17141363	0.37376967
0.72999998	0.24529405	0.34171999
0.73099998	0.60903668	0.28235728
0.73199998	0.81809795	0.21527436
0.73299998	0.83987451	0.15043676
0.73399998	0.66627705	0.10959031
0.73499998	0.32554135	0.09870202
0.73599998	-0.09781004	0.12198573
0.73699998	-0.54275346	0.17590427
0.73799998	-0.81173104	0.24311024
0.73899998	-0.86678767	0.31397638
0.73999998	-0.71702754	0.36069760
0.74099998	-0.38228962	0.37644562
0.74199998	0.02580586	0.35869834
0.74299998	0.44706571	0.30963951
0.74399998	0.73775834	0.24843135
0.74499998	0.85334647	0.18423967
0.74599998	0.77540600	0.13475025
0.74699998	0.51697832	0.10749877
0.74799998	0.12644562	0.11318897
0.74899998	-0.33845964	0.15074433
0.74999998	-0.68353224	0.20903051
0.75099998	-0.86026698	0.27928150
0.75199998	-0.81880534	0.33787525
0.75299998	-0.56397635	0.37666091
0.75399998	-0.18746924	0.37650713
0.75499998	0.25618234	0.33710629
0.75599998	0.61128199	0.28161910
0.75699998	0.82434177	0.21801181
0.75799998	0.84205830	0.15972564
0.75899998	0.66230929	0.11552657
0.75999998	0.32154280	0.10672982
0.76099998	-0.12939838	0.13459645
0.76199998	-0.52054626	0.18439345
0.76299998	-0.79536784	0.24920030
0.76399998	-0.86546504	0.30733266
0.76499998	-0.72078001	0.34974778
0.76599998	-0.40234375	0.36731052
0.76699998	0.04435286	0.35762179
0.76799998	0.44352853	0.31689838
0.76899998	0.73585135	0.25147638
0.76999998	0.85187006	0.18719243
0.77099998	0.77319145	0.13327387
0.77199998	0.51190329	0.10691437
0.77299998	0.10882135	0.11174335
0.77399998	-0.31160802	0.14969857
0.77499998	-0.68876106	0.21512057
0.77599998	-0.86731052	0.28235728
0.77699998	-0.82249629	0.34171999
0.77799998	-0.57941681	0.37376967
0.77899998	-0.17141363	0.37376967
0.77999998	0.24529405	0.34171999
0.78099998	0.60903668	0.28235728
0.78199998	0.81809795	0.21527436
0.78299998	0.83987451	0.15043676
0.78399998	0.66612327	0.10943651
0.78499998	0.32477239	0.09793307
0.78599998	-0.09550320	0.12429257
0.78699998	-0.53377217	0.18485482
0.78799998	-0.80290353	0.25209153
0.78899998	-0.86524975	0.31631398
0.78999998	-0.71548969	0.35992864
0.79099998	-0.37349287	0.37629184
0.79199998	0.03494094	0.35885212
0.79299998	0.45014149	0.31040847
0.79399998	0.73468256	0.24612451
0.79499998	0.84421134	0.17525837
0.79599998	0.76654774	0.12576894
0.79699998	0.51544046	0.10516117
0.79799998	0.12490772	0.11395792
0.79899998	-0.34728715	0.15089813
0.79999998	-0.69251353	0.20918430
0.80099998	-0.86257380	0.28005046
0.80199998	-0.81803644	0.33556840
0.80299998	-0.56382257	0.36764887
0.80399998	-0.18746924	0.36764887
0.80499998	0.25618234	0.33556840
0.80599998	0.61112821	0.28005046
0.80699998	0.82357281	0.20918430
0.80799998	0.84436518	0.15074433
0.80899998	0.67129058	0.11318897
0.80999998	0.33052412	0.10749877
0.81099998	-0.12709154	0.13475025
0.81199998	-0.52146900	0.18423967
0.81299998	-0.79629058	0.24843135
0.81399998	-0.86300445	0.30963951
0.81499998	-0.71106052	0.35869834
0.81599998	-0.39570004	0.37629184
0.81699998	0.03767839	0.35992864
0.81799998	0.43359375	0.31631398
0.81899998	0.73262179	0.25209153
0.81999998	0.85494584	0.18485482
0.82099998	0.78232652	0.12429257
0.82199998	0.52088457	0.09793307
0.82299998	0.11112820	0.10943651
0.82399998	-0.31253076	0.15043676
0.82499998	-0.68968379	0.21527436
0.82599998	-0.86500371	0.28235728
0.82699998	-0.81351501	0.34171999
0.82799998	-0.57040477	0.37376967
0.82899998	-0.16910680	0.37376967
0.82999998	0.24455586	0.34171999
0.83099998	0.60888284	0.28235728
0.83199998	0.81809795	0.21527436
0.83299998	0.83987451	0.15043676
0.83399998	0.66612327	0.10959031
0.83499998	0.32477239	0.09870202
0.83599998	-0.09550320	0.12198573
0.83699998	-0.53377217	0.17590427
0.83799998	-0.80290353	0.24311024
0.83899998	-0.86524975	0.31397638
0.83999998	-0.71548969	0.36069760
0.84099998	-0.37349287	0.37644562
0.84199998	0.03478716	0.35869834
0.84299998	0.44937253	0.30963951
0.84399998	0.73698944	0.24843135
0.84499998	0.85319269	0.18423967
0.84599998	0.77540600	0.13475025
0.84699998	0.51697832	0.10749877
0.84799998	0.12644562	0.11318897
0.84899998	-0.33845964	0.15074433
0.84999998	-0.68353224	0.20903051
0.85099998	-0.86026698	0.27928150
0.85199998	-0.81865156	0.33787525
0.85299998	-0.56320745	0.37666091
0.85399998	-0.18977608	0.37666091
0.85499998	0.24723180	0.33787525
0.85599998	0.60233146	0.27928150
0.85699998	0.82203496	0.20903051
0.85799998	0.84282726	0.15074433
0.85899998	0.66246307	0.11318897
0.85999998	0.32154280	0.10749877
0.86099998	-0.12939838	0.13475025
0.86199998	-0.52070004	0.18423967
0.86299998	-0.79613680	0.24843135
0.86399998	-0.86315823	0.30963951
0.86499998	-0.71182948	0.35869834
0.86599998	-0.39354700	0.37629184
0.86699998	0.04592150	0.35992864
0.86799998	0.44506642	0.31616017
0.86899998	0.74467891	0.25132260
0.86999998	0.86082059	0.18719243
0.87099998	0.77549827	0.13327387
0.87199998	0.51116508	0.10691437
0.87299998	0.10866757	0.11174335
0.87399998	-0.31160802	0.14985237
0.87499998	-0.68876106	0.21588951
0.87599998	-0.86731052	0.28001967
0.87699998	-0.82249629	0.33270791
0.87799998	-0.57941681	0.36478838
0.87899998	-0.17141363	0.37146285
0.87999998	0.24529405	0.34248891
0.88099998	0.60903668	0.28251109
0.88199998	0.81809795	0.21512057
0.88299998	0.83987451	0.14969857
0.88399998	0.66612327	0.11189715
0.88499998	0.32477239	0.10768332
0.88599998	-0.09534941	0.13096702
0.88699998	-0.53300321	0.17821112
0.88799998	-0.80521035	0.24234129
0.88899998	-0.87420028	0.31382260
0.88999998	-0.72447097	0.36069760
0.89099998	-0.37579972	0.37644562
0.89199997	0.03555610	0.35885212
0.89299997	0.44952634	0.31040847
0.89399997	0.73698944	0.24627830
0.89499997	0.85319269	0.17599656
0.89599997	0.77555978	0.12343135
0.89699997	0.51774728	0.09617987
0.89799997	0.12413878	0.10494587
0.89899997	-0.34744096	0.14856052
0.89999997	-0.69266731	0.20992249
0.90099997	-0.86334276	0.28020424
0.90199997	-0.81557578	0.33541462
0.90299997	-0.55407232	0.36687991
0.90399997	-0.18079478	0.36995572
0.90499997	0.24953863	0.34454972
0.90599997	0.60140872	0.28903174
0.90699997	0.82111222	0.21149114
0.90799997	0.84513408	0.15012918
0.90899997	0.67144442	0.11380413
0.90999997	0.33052412	0.10516117
0.91099997	-0.12709154	0.12576894
0.91199997	-0.52146900	0.17525837
0.91299997	-0.79629058	0.24612451
0.91399997	-0.86315823	0.31040847
0.91499997	-0.71182948	0.35885212
0.91599997	-0.39339322	0.37629184
0.91699997	0.04669045	0.35992864
0.91799997	0.44275960	0.31616017
0.91899997	0.73569757	0.25132260
0.91999997	0.85202384	0.18719243
0.92099997	0.77396035	0.13327387
0.92199997	0.50959647	0.10691437
0.92299997	0.09984006	0.11174335
0.92399997	-0.32058933	0.14969857
0.92499997	-0.69106793	0.21512057
0.92599997	-0.86654156	0.28235728
0.92699997	-0.82234251	0.34171999
0.92799997	-0.57941681	0.37376967
0.92899997	-0.17141363	0.37376967
0.92999997	0.24529405	0.34171999
0.93099997	0.60903668	0.28235728
0.93199997	0.81809795	0.21527436
0.93299997	0.83987451	0.15043676
0.93399997	0.66612327	0.10943651
0.93499997	0.32477239	0.09793307
0.93599997	-0.09550320	0.12429257
0.93699997	-0.53377217	0.18485482
0.93799997	-0.80290353	0.25209153
0.93899997	-0.86524975	0.31631398
0.93999997	-0.71533585	0.35992864
0.94099997	-0.37272391	0.37629184
0.94199997	0.03244956	0.35869834
0.94299997	0.44039124	0.30963951
0.94399997	0.72816193	0.24843135
0.94499997	0.85165477	0.18423967
0.94599997	0.77402192	0.13475025
0.94699997	0.50891978	0.10749877
0.94799997	0.11515748	0.11318897
0.94899997	-0.34974778	0.15074433
0.94999997	-0.69174457	0.20918430
0.95099997	-0.86242002	0.28005046
0.95199997	-0.81803644	0.33556840
0.95299997	-0.56382257	0.36764887
0.95399997	-0.18746924	0.36764887
0.95499997	0.25618234	0.33556840
0.95599997	0.61112821	0.28005046
0.95699997	0.82357281	0.20918430
0.95799997	0.84421134	0.15074433
0.95899997	0.67055243	0.11318897
0.95999997	0.33301550	0.10749877
0.96099997	-0.11734129	0.13475025
0.96199997	-0.51467150	0.18423967
0.96299997	-0.80216533	0.24843135
0.96399997	-0.87518454	0.30963951
0.96499997	-0.72327143	0.35869834
0.96599997	-0.40175936	0.37629184
0.96699997	0.04376845	0.35992864
0.96799997	0.44583538	0.31616017
0.96899997	0.74483269	0.25132260
0.96999997	0.86082059	0.18719243
0.97099997	0.77549827	0.13327387
0.97199997	0.51116508	0.10691437
0.97299997	0.10866757	0.11174335
0.97399997	-0.31160802	0.14969857
0.97499997	-0.68876106	0.21512057
0.97599997	-0.86731052	0.28235728
0.97699997	-0.82249629	0.34171999
0.97799997	-0.57941681	0.37376967
0.97899997	-0.17141363	0.37376967
0.97999997	0.24544783	0.34171999
0.98099997	0.60980558	0.28235728
0.98199997	0.81579107	0.21527436
0.98299997	0.83092397	0.15043676
0.98399997	0.65714198	0.10959031
0.98499997	0.32246554	0.09870202
0.98599997	-0.09458046	0.12198573
0.98699997	-0.53284943	0.17590427
0.98799997	-0.80521035	0.24311024
0.98899997	-0.87420028	0.31397638
0.98999997	-0.72431719	0.36054379
0.99099997	-0.37503076	0.37567666
0.99199997	0.03321850	0.36118972
0.99299997	0.44054502	0.31938976
0.99399997	0.72800809	0.25525960
0.99499997	0.85088581	0.17833415
0.99599997	0.77632874	0.12266240
0.99699997	0.51790106	0.09602609
0.99799997	0.12413878	0.10494587
0.99899997	-0.34744096	0.14856052
0.99999997	-0.69251353	0.20992249
1.00099997	-0.86257380	0.28020424
1.00199997	-0.81803644	0.33556840
1.00299997	-0.56382257	0.36764887
1.00399997	-0.18731545	0.36764887
1.00499997	0.25695127	0.33556840
1.00599997	0.60882133	0.28005046
1.00699997	0.81459153	0.20918430
1.00799997	0.83538383	0.15074433
1.00899997	0.66898376	0.11318897
1.00999997	0.33144686	0.10749877
1.01099997	-0.12616880	0.13475025
1.01199997	-0.52377582	0.18423967
1.01299997	-0.80524117	0.24843135
1.01399997	-0.87195498	0.30963951
1.01499997	-0.71336734	0.35869834
1.01599997	-0.39493111	0.37629184
1.01699997	0.03783219	0.35992864
1.01799997	0.43374753	0.31616017
1.01899997	0.73335999	0.25132260
1.01999997	0.85279280	0.18719243
1.02099997	0.77411419	0.13327387
1.02199997	0.50959647	0.10691437
1.02299997	0.09984006	0.11174335
1.02399997	-0.32058933	0.14969857
1.02499997	-0.69106793	0.21512057
1.02599997	-0.86654156	0.28235728
1.02699997	-0.82234251	0.34171999
1.02799997	-0.57957059	0.37376967
1.02899997	-0.17218257	0.37376967
1.02999997	0.24763164	0.34171999
1.03099997	0.61804873	0.28235728
1.03199997	0.82707924	0.21512057
1.03299997	0.84221208	0.14969857
1.03399997	0.66550809	0.11189715
1.03499997	0.32538754	0.10768332
1.03599997	-0.09781004	0.13096702
1.03699997	-0.54275346	0.17821112
1.03799997	-0.81188482	0.24234129
1.03899997	-0.86755657	0.31382260
1.03999997	-0.71472073	0.36069760
1.04099997	-0.37330830	0.37644562
1.04199997	0.03478716	0.35885212
1.04299997	0.44937253	0.31040847
1.04399997	0.73717397	0.24612451
1.04499997	0.85396159	0.17525837
1.04599997	0.77309918	0.12576894
1.04699997	0.50802779	0.10516117
1.04799997	0.11746432	0.11395792
1.04899997	-0.34076649	0.15089813
1.04999997	-0.68279403	0.20918430
1.05099997	-0.86011320	0.28005046
1.05199997	-0.81865156	0.33556840
1.05299997	-0.56320745	0.36764887
1.05399997	-0.18977608	0.36749509
1.05499997	0.24723180	0.33479947
1.05599997	0.60233146	0.28238803
1.05699997	0.82203496	0.21816561
1.05799997	0.84282726	0.15987943
1.05899997	0.66246307	0.11626476
1.05999997	0.32154280	0.10442298
1.06099997	-0.12939838	0.12561515
1.06199997	-0.52070004	0.17525837
1.06299997	-0.79613680	0.24612451
1.06399997	-0.86315823	0.31040847
1.06499997	-0.71182948	0.35885212
1.06599997	-0.39354700	0.37629184
1.06699997	0.04592150	0.35992864
1.06799997	0.44506642	0.31631398
1.06899997	0.74467891	0.25209153
1.06999997	0.86082059	0.18485482
1.07099997	0.77549827	0.12429257
1.07199997	0.51116508	0.09793307
1.07299997	0.10866757	0.10943651
1.07399997	-0.31160802	0.15043676
1.07499997	-0.68876106	0.21527436
1.07599997	-0.86731052	0.28235728
1.07699997	-0.82249629	0.34171999
1.07799997	-0.57941681	0.37376967
1.07899997	-0.17141363	0.37376967
1.07999997	0.24544783	0.34171999
1.08099997	0.60980558	0.28235728
1.08199997	0.81579107	0.21512057
1.08299997	0.83092397	0.14969857
1.08399997	0.65714198	0.11174335
1.08499997	0.32246554	0.10691437
1.08599997	-0.09473425	0.13327387
1.08699997	-0.53361833	0.18719243
1.08799997	-0.80290353	0.25132260
1.08899997	-0.86524975	0.31616017
1.08999997	-0.71548969	0.35992864
1.09099997	-0.37349287	0.37629184
1.09199997	0.03478716	0.35885212
1.09299997	0.44937253	0.31040847
1.09399997	0.73717397	0.24612451
1.09499997	0.85396159	0.17525837
1.09599997	0.77309918	0.12576894
1.09699997	0.50802779	0.10516117
1.09799997	0.11746432	0.11395792
1.09899997	-0.34076649	0.15089813
1.09999997	-0.68294781	0.20918430
1.10099997	-0.86088210	0.28005046
1.10199997	-0.81634474	0.33556840
1.10299997	-0.55422610	0.36764887
1.10399997	-0.18079478	0.36764887
1.10499997	0.24953863	0.33556840
1.10599997	0.60156250	0.28005046
1.10699997	0.82188118	0.20918430
1.10799997	0.84282726	0.15089813
1.10899997	0.66246307	0.11395792
1.10999997	0.32154280	0.10516117
1.11099997	-0.12939838	0.12576894
1.11199997	-0.52070004	0.17525837
1.11299997	-0.79613680	0.24612451
1.11399997	-0.86300445	0.31040847
1.11499997	-0.71106052	0.35885212
1.11599997	-0.39570004	0.37629184
1.11699997	0.03767839	0.35992864
1.11799997	0.43374753	0.31631398
1.11899997	0.73335999	0.25209153
1.11999997	0.85279280	0.18485482
1.12099997	0.77411419	0.12429257
1.12199997	0.50959647	0.09793307
1.12299997	0.09984006	0.10943651
1.12399997	-0.32058933	0.15043676
1.12499997	-0.69106793	0.21527436
1.12599997	-0.86654156	0.28235728
1.12699997	-0.82234251	0.34171999
1.12799997	-0.57941681	0.37376967
1.12899997	-0.17141363	0.37376967
1.12999997	0.24529405	0.34171999
1.13099997	0.60903668	0.28235728
1.13199997	0.81809795	0.21527436
1.13299997	0.83987451	0.15043676
1.13399997	0.66612327	0.10959031
1.13499997	0.32477239	0.09870202
1.13599997	-0.09550320	0.12198573
1.13699997	-0.53377217	0.17590427
1.13799997	-0.80290353	0.24311024
1.13899997	-0.86524975	0.31397638
1.13999997	-0.71548969	0.36069760
1.14099997	-0.37349287	0.37644562
1.14199997	0.03478716	0.35869834
1.14299997	0.44937253	0.30963951
1.14399997	0.73698944	0.24843135
1.14499997	0.85319269	0.18423967
1.14599997	0.77555978	0.13475025
1.14699997	0.51774728	0.10749877
1.14799997	0.12413878	0.11318897
1.14899997	-0.34744096	0.15074433
1.14999997	-0.69251353	0.20918430
1.15099997	-0.86257380	0.28005046
1.15199997	-0.81803644	0.33556840
1.15299997	-0.56382257	0.36764887
1.15399997	-0.18746924	0.36764887
1.15499997	0.25618234	0.33556840
1.15599997	0.61128199	0.28005046
1.15699997	0.82434177	0.20918430
1.15799997	0.84190452	0.15089813
1.15899997	0.66154033	0.11395792
1.15999997	0.32400346	0.10516117
1.16099997	-0.11967888	0.12576894
1.16199997	-0.51390254	0.17525837
1.16299997	-0.80201155	0.24612451
1.16399997	-0.87518454	0.31040847
1.16499997	-0.72327143	0.35885212
1.16599997	-0.40175936	0.37629184
1.16699997	0.04376845	0.35992864
1.16799997	0.44583538	0.31616017
1.16899997	0.74483269	0.25132260
1.16999997	0.86082059	0.18719243
1.17099997	0.77549827	0.13327387
1.17199997	0.51116508	0.10691437
1.17299997	0.10866757	0.11174335
1.17399997	-0.31160802	0.14985237
1.17499997	-0.68876106	0.21588951
1.17599997	-0.86731052	0.28001967
1.17699997	-0.82249629	0.33270791
1.17799997	-0.57941681	0.36478838
1.17899997	-0.17141363	0.37146285
1.17999997	0.24529405	0.34233513
1.18099997	0.60903668	0.28174213
1.18199997	0.81809795	0.21742742
1.18299997	0.83987451	0.15867987
1.18399997	0.66612327	0.12075541
1.18499997	0.32477239	0.10922121
1.18599997	-0.09534941	0.13265871
1.18699997	-0.53300321	0.18780757
1.18799997	-0.80521035	0.24901575
1.18899997	-0.87420028	0.30714813
1.18999997	-0.72447097	0.35079354
1.19099997	-0.37579972	0.37318528
1.19199997	0.03555610	0.36195865
1.19299997	0.44952634	0.31954354
1.19399997	0.73698944	0.25510579
1.19499997	0.85319269	0.17756520
1.19599997	0.77555978	0.12500000
1.19699997	0.51774728	0.10500738
1.19799997	0.12413878	0.11395792
1.19899997	-0.34744096	0.15089813
1.19999997	-0.69251353	0.20903051
1.20099997	-0.86257380	0.27928150
1.20199997	-0.81788260	0.33787525
1.20299997	-0.56305367	0.37666091
1.20399997	-0.18977608	0.37650713
1.20499997	0.24723180	0.33710629
1.20599997	0.60217768	0.28161910
1.20699997	0.82126600	0.21801181
1.20799997	0.84513408	0.15987943
1.20899997	0.67144442	0.11626476
1.20999997	0.33067790	0.10442298
1.21099997	-0.12632258	0.12561515
1.21199997	-0.52377582	0.17525837
1.21299997	-0.80524117	0.24612451
1.21399997	-0.87210876	0.31040847
1.21499997	-0.71413630	0.35885212
1.21599997	-0.39262426	0.37629184
1.21699997	0.04684424	0.35992864
1.21799997	0.44275960	0.31616017
1.21899997	0.73569757	0.25132260
1.21999997	0.85202384	0.18719243
1.22099997	0.77396035	0.13327387
1.22199997	0.50959647	0.10691437
1.22299997	0.09984006	0.11174335
1.22399997	-0.32058933	0.14969857
1.22499997	-0.69106793	0.21512057
1.22599997	-0.86654156	0.28235728
1.22699997	-0.82234251	0.34171999
1.22799997	-0.57941681	0.37376967
1.22899997	-0.17141363	0.37376967
1.22999997	0.24529405	0.34171999
1.23099997	0.60903668	0.28235728
1.23199997	0.81809795	0.21527436
1.23299997	0.83987451	0.15043676
1.23399997	0.66627705	0.10959031
1.23499997	0.32554135	0.09870202
1.23599997	-0.09781004	0.12198573
1.23699997	-0.54275346	0.17590427
1.23799997	-0.81173104	0.24311024
1.23899997	-0.86678767	0.31397638
1.23999997	-0.71702754	0.36069760
1.24099997	-0.38228962	0.37644562
1.24199997	0.02580586	0.35869834
1.24299997	0.44706571	0.30963951
1.24399997	0.73791218	0.24858513
1.24499997	0.85411543	0.18500862
1.24599996	0.77325296	0.13244340
1.24699996	0.50876600	0.09848671
1.24799996	0.11515748	0.10420768
1.24899996	-0.34974778	0.14840674
1.24999996	-0.69174457	0.20992249
1.25099996	-0.86242002	0.28020424
1.25199996	-0.81803644	0.33556840
1.25299996	-0.56382257	0.36764887
1.25399996	-0.18746924	0.36749509
1.25499996	0.25618234	0.33479947
1.25599996	0.61128199	0.28238803
1.25699996	0.82434177	0.21816561
1.25799996	0.84205830	0.15972564
1.25899996	0.66230929	0.11552657
1.25999996	0.32154280	0.10672982
1.26099996	-0.12939838	0.13459645
1.26199996	-0.52070004	0.18423967
1.26299996	-0.79613680	0.24843135
1.26399996	-0.86315823	0.30963951
1.26499996	-0.71182948	0.35869834
1.26599996	-0.39339322	0.37644562
1.26699996	0.04669045	0.36069760
1.26799996	0.44275960	0.31382260
1.26899996	0.73569757	0.24234129
1.26999996	0.85187006	0.17821112
1.27099996	0.77319145	0.13096702
1.27199996	0.51190329	0.10768332
1.27299996	0.10882135	0.11189715
1.27399996	-0.31160802	0.14985237
1.27499996	-0.68876106	0.21588951
1.27599996	-0.86731052	0.28001967
1.27699996	-0.82249629	0.33270791
1.27799996	-0.57941681	0.36478838
1.27899996	-0.17141363	0.37146285
1.27999996	0.24529405	0.34248891
1.28099996	0.60903668	0.28251109
1.28199996	0.81809795	0.21527436
1.28299996	0.83987451	0.15043676
1.28399996	0.66627705	0.10943651
1.28499996	0.32554135	0.09793307
1.28599996	-0.09781004	0.12444635
1.28699996	-0.54275346	0.18562376
1.28799996	-0.81188482	0.24978469
1.28899996	-0.86755657	0.30730191
1.28999996	-0.71472073	0.35094735
1.29099996	-0.37330830	0.37395424
1.29199996	0.03478716	0.35962105
1.29299996	0.44937253	0.31056225
1.29399996	0.73698944	0.24612451
1.29499996	0.85319269	0.17525837
1.29599996	0.77540600	0.12561515
1.29699996	0.51697832	0.10442298
1.29799996	0.12659942	0.11626476
1.29899996	-0.33769071	0.15987943
1.29999996	-0.68586981	0.21816561
1.30099996	-0.86924827	0.28238803
1.30199996	-0.82766360	0.33479947
1.30299996	-0.56554502	0.36749509
1.30399996	-0.18900713	0.36764887
1.30499996	0.24738558	0.33556840
1.30599996	0.60217768	0.28005046
1.30699996	0.82126600	0.20918430
1.30799996	0.84513408	0.15089813
1.30899996	0.67144442	0.11395792
1.30999996	0.33067790	0.10516117
1.31099996	-0.12632258	0.12576894
1.31199996	-0.52377582	0.17525837
1.31299996	-0.80524117	0.24612451
1.31399996	-0.87195498	0.31040847
1.31499996	-0.71336734	0.35885212
1.31599996	-0.39493111	0.37629184
1.31699996	0.03783219	0.35992864
1.31799996	0.43374753	0.31616017
1.31899996	0.73335999	0.25132260
1.31999996	0.85279280	0.18719243
1.32099996	0.77411419	0.13327387
1.32199996	0.50959647	0.10691437
1.32299996	0.09984006	0.11174335
1.32399996	-0.32074311	0.14969857
1.32499996	-0.69183683	0.21512057
1.32599996	-0.86423475	0.28235728
1.32699996	-0.81336123	0.34171999
1.32799996	-0.57040477	0.37376967
1.32899996	-0.16910680	0.37376967
1.32999996	0.24455586	0.34171999
1.33099996	0.60888284	0.28235728
1.33199996	0.81809795	0.21527436
1.33299996	0.83987451	0.15043676
1.33399996	0.66612327	0.10943651
1.33499996	0.32477239	0.09793307
1.33599996	-0.09550320	0.12429257
1.33699996	-0.53377217	0.18485482
1.33799996	-0.80290353	0.25209153
1.33899996	-0.86524975	0.31631398
1.33999996	-0.71548969	0.35992864
1.34099996	-0.37349287	0.37629184
1.34199996	0.03478716	0.35885212
1.34299996	0.44937253	0.31040847
1.34399996	0.73717397	0.24612451
1.34499996	0.85396159	0.17525837
1.34599996	0.77325296	0.12576894
1.34699996	0.50876600	0.10516117
1.34799996	0.11515748	0.11395792
1.34899996	-0.34974778	0.15089813
1.34999996	-0.69174457	0.20918430
1.35099996	-0.86242002	0.28005046
1.35199996	-0.81788260	0.33556840
1.35299996	-0.56305367	0.36764887
1.35399996	-0.18977608	0.36749509
1.35499996	0.24723180	0.33479947
1.35599996	0.60233146	0.28238803
1.35699996	0.82203496	0.21816561
1.35799996	0.84267348	0.15972564
1.35899996	0.66169417	0.11552657
1.35999996	0.32400346	0.10672982
1.36099996	-0.11967888	0.13459645
1.36199996	-0.51405632	0.18423967
1.36299996	-0.80278051	0.24843135
1.36399996	-0.87272394	0.30963951
1.36499996	-0.71352118	0.35869834
1.36599996	-0.39508489	0.37644562
1.36699996	0.03706324	0.36069760
1.36799996	0.43608513	0.31382260
1.36899996	0.74234128	0.24234129
1.36999996	0.86158955	0.17821112
1.37099996	0.77565205	0.13096702
1.37199996	0.51116508	0.10768332
1.37299996	0.10866757	0.11189715
1.37399996	-0.31160802	0.14969857
1.37499996	-0.68876106	0.21512057
1.37599996	-0.86731052	0.28235728
1.37699996	-0.82249629	0.34171999
1.37799996	-0.57941681	0.37376967
1.37899996	-0.17141363	0.37376967
1.37999996	0.24544783	0.34171999
1.38099996	0.60980558	0.28235728
1.38199996	0.81579107	0.21512057
1.38299996	0.83092397	0.14969857
1.38399996	0.65714198	0.11189715
1.38499996	0.32246554	0.10768332
1.38599996	-0.09473425	0.13096702
1.38699996	-0.53361833	0.17821112
1.38799996	-0.80290353	0.24234129
1.38899996	-0.86524975	0.31382260
1.38999996	-0.71548969	0.36069760
1.39099996	-0.37349287	0.37644562
1.39199996	0.03478716	0.35869834
1.39299996	0.44937253	0.30963951
1.39399996	0.73698944	0.24843135
1.39499996	0.85319269	0.18423967
1.39599996	0.77555978	0.13475025
1.39699996	0.51774728	0.10749877
1.39799996	0.12413878	0.11318897
1.39899996	-0.34744096	0.15074433
1.39999996	-0.69251353	0.20918430
1.40099996	-0.86257380	0.28005046
1.40199996	-0.81803644	0.33556840
1.40299996	-0.56382257	0.36764887
1.40399996	-0.18746924	0.36764887
1.40499996	0.25618234	0.33556840
1.40599996	0.61128199	0.28005046
1.40699996	0.82434177	0.20918430
1.40799996	0.84205830	0.15089813
1.40899996	0.66230929	0.11395792
1.40999996	0.32154280	0.10516117
1.41099996	-0.12939838	0.12576894
1.41199996	-0.52070004	0.17525837
1.41299996	-0.79613680	0.24612451
1.41399996	-0.86315823	0.31040847
1.41499996	-0.71182948	0.35885212
1.41599996	-0.39339322	0.37629184
1.41699996	0.04669045	0.35992864
1.41799996	0.44275960	0.31616017
1.41899996	0.73569757	0.25132260
1.41999996	0.85202384	0.18719243
1.42099996	0.77396035	0.13327387
1.42199996	0.50959647	0.10691437
1.42299996	0.09984006	0.11174335
1.42399996	-0.32074311	0.14969857
1.42499996	-0.69183683	0.21512057
1.42599996	-0.86423475	0.28235728
1.42699996	-0.81336123	0.34171999
1.42799996	-0.57040477	0.37376967
1.42899996	-0.16910680	0.37376967
1.42999996	0.24455586	0.34171999
1.43099996	0.60888284	0.28235728
1.43199996	0.81809795	0.21512057
1.43299996	0.83987451	0.14969857
1.43399996	0.66612327	0.11189715
1.43499996	0.32477239	0.10768332
1.43599996	-0.09550320	0.13096702
1.43699996	-0.53377217	0.17821112
1.43799996	-0.80274975	0.24234129
1.43899996	-0.86448079	0.31382260
1.43999996	-0.71779650	0.36069760
1.44099996	-0.38244340	0.37644562
1.44199996	0.02580586	0.35885212
1.44299996	0.44706571	0.31040847
1.44399996	0.73791218	0.24627830
1.44499996	0.85411543	0.17599656
1.44599996	0.77325296	0.12327756
1.44699996	0.50876600	0.09541093
1.44799996	0.11515748	0.10728347
1.44899996	-0.34974778	0.15757258
1.44999996	-0.69174457	0.21893455
1.45099996	-0.86242002	0.28254184
1.45199996	-0.81803644	0.33479947
1.45299996	-0.56382257	0.36749509
1.45399996	-0.18746924	0.36749509
1.45499996	0.25618234	0.33479947
1.45599996	0.61128199	0.28238803
1.45699996	0.82434177	0.21816561
1.45799996	0.84205830	0.15987943
1.45899996	0.66230929	0.11626476
1.45999996	0.32154280	0.10442298
1.46099996	-0.12939838	0.12561515
1.46199996	-0.52070004	0.17525837
1.46299996	-0.79613680	0.24612451
1.46399996	-0.86315823	0.31040847
1.46499996	-0.71182948	0.35885212
1.46599996	-0.39339322	0.37629184
1.46699996	0.04669045	0.35992864
1.46799996	0.44275960	0.31616017
1.46899996	0.73569757	0.25132260
1.46999996	0.85202384	0.18719243
1.47099996	0.77396035	0.13327387
1.47199996	0.50959647	0.10706816
1.47299996	0.09984006	0.11251231
1.47399996	-0.32058933	0.14736098
1.47499996	-0.69106793	0.20610851
1.47599996	-0.86654156	0.27334523
1.47699996	-0.82234251	0.33938238
1.47799996	-0.57941681	0.37453863
1.47899996	-0.17141363	0.37395424
1.47999996	0.24529405	0.34156618
1.48099996	0.60903668	0.28158835
1.48199996	0.81794417	0.21758120
1.48299996	0.83910555	0.15944882
1.48399996	0.66858393	0.11844857
1.48499996	0.33455339	0.10027067
1.48599996	-0.08864419	0.12367741
1.48699996	-0.53967768	0.18546999
1.48799996	-0.81499141	0.24978469
1.48899996	-0.87669170	0.30730191
1.48999996	-0.72354823	0.35094735
1.49099996	-0.37487698	0.37395424
1.49199996	0.03321850	0.35946727
1.49299996	0.44054502	0.30979329
1.49399996	0.72816193	0.24843135
1.49499996	0.85165477	0.18423967
1.49599996	0.77402192	0.13459645
1.49699996	0.50891978	0.10672982
1.49799996	0.11515748	0.11552657
1.49899996	-0.34974778	0.15972564
1.49999996	-0.69174457	0.21801181
1.50099996	-0.86242002	0.28161910
1.50199996	-0.81803644	0.33710629
1.50299996	-0.56382257	0.37650713
1.50399996	-0.18731545	0.37666091
1.50499996	0.25695127	0.33787525
1.50599996	0.60882133	0.27928150
1.50699996	0.81459153	0.20903051
1.50799996	0.83538383	0.15074433
1.50899996	0.66898376	0.11318897
1.50999996	0.33144686	0.10749877
1.51099996	-0.12616880	0.13475025
1.51199996	-0.52377582	0.18423967
1.51299996	-0.80524117	0.24843135
1.51399996	-0.87210876	0.30963951
1.51499996	-0.71413630	0.35869834
1.51599996	-0.39262426	0.37629184
1.51699996	0.04684424	0.35992864
1.51799996	0.44275960	0.31631398
1.51899996	0.73569757	0.25209153
1.51999996	0.85202384	0.18485482
1.52099996	0.77396035	0.12429257
1.52199996	0.50959647	0.09793307
1.52299996	0.09984006	0.10943651
1.52399996	-0.32058933	0.15043676
1.52499996	-0.69106793	0.21527436
1.52599996	-0.86654156	0.28235728
1.52699996	-0.82234251	0.34171999
1.52799996	-0.57941681	0.37376967
1.52899996	-0.17141363	0.37376967
1.52999996	0.24529405	0.34171999
1.53099996	0.60903668	0.28235728
1.53199996	0.81825173	0.21512057
1.53299996	0.84064347	0.14969857
1.53399996	0.66378570	0.11189715
1.53499996	0.31576034	0.10768332
1.53599996	-0.10448450	0.13096702
1.53699996	-0.53607899	0.17821112
1.53799996	-0.80213457	0.24234129
1.53899996	-0.86509597	0.31382260
1.53999996	-0.71548969	0.36069760
1.54099996	-0.37349287	0.37644562
1.54199996	0.03478716	0.35869834
1.54299996	0.44937253	0.30963951
1.54399996	0.73717397	0.24843135
1.54499996	0.85396159	0.18423967
1.54599996	0.77325296	0.13459645
1.54699996	0.50876600	0.10672982
1.54799996	0.11515748	0.11552657
1.54899996	-0.34974778	0.15972564
1.54999996	-0.69174457	0.21816561
1.55099996	-0.86242002	0.28238803
1.55199996	-0.81788260	0.33464566
1.55299996	-0.56305367	0.36672613
1.55399996	-0.18977608	0.36995572
1.55499996	0.24723180	0.34454972
1.55599996	0.60233146	0.28903174
1.55699996	0.82203496	0.21149114
1.55799996	0.84267348	0.15012918
1.55899996	0.66169417	0.11380413
1.55999996	0.32400346	0.10516117
1.56099996	-0.11967888	0.12576894
1.56199996	-0.51405632	0.17525837
1.56299996	-0.80278051	0.24612451
1.56399996	-0.87287772	0.31040847
1.56499996	-0.71429008	0.35885212
1.56599996	-0.39262426	0.37629184
1.56699996	0.04684424	0.35992864
1.56799996	0.44291338	0.31616017
1.56899996	0.73646653	0.25132260
1.56999996	0.84968626	0.18719243
1.57099996	0.76494831	0.13327387
1.57199996	0.50061518	0.10691437
1.57299996	0.09753322	0.11174335
1.57399996	-0.31982037	0.14969857
1.57499996	-0.69091409	0.21512057
1.57599996	-0.86654156	0.28235728
1.57699996	-0.82234251	0.34171999
1.57799996	-0.57941681	0.37376967
1.57899996	-0.17141363	0.37376967
1.57999996	0.24529405	0.34171999
1.58099996	0.60903668	0.28235728
1.58199996	0.81809795	0.21527436
1.58299996	0.83987451	0.15043676
1.58399996	0.66612327	0.10943651
1.58499996	0.32477239	0.09793307
1.58599996	-0.09534941	0.12429257
1.58699996	-0.53300321	0.18485482
1.58799996	-0.80521035	0.25209153
1.58899996	-0.87420028	0.31631398
1.58999996	-0.72447097	0.35992864
1.59099996	-0.37579972	0.37629184
1.59199996	0.03555610	0.35869834
1.59299996	0.44952634	0.30963951
1.59399996	0.73698944	0.24843135
1.59499996	0.85319269	0.18423967
1.59599996	0.77555978	0.13475025
1.59699996	0.51774728	0.10749877
1.59799996	0.12413878	0.11318897
1.59899995	-0.34744096	0.15074433
1.59999995	-0.69251353	0.20903051
1.60099995	-0.86257380	0.27928150
1.60199995	-0.81788260	0.33787525
1.60299995	-0.56305367	0.37666091
1.60399995	-0.18977608	0.37650713
1.60499995	0.24723180	0.33710629
1.60599995	0.60233146	0.28161910
1.60699995	0.82203496	0.21801181
1.60799995	0.84267348	0.15987943
1.60899995	0.66169417	0.11626476
1.60999995	0.32400346	0.10442298
1.61099995	-0.11967888	0.12561515
1.61199995	-0.51405632	0.17525837
1.61299995	-0.80278051	0.24612451
1.61399995	-0.87287772	0.31040847
1.61499995	-0.71429008	0.35885212
1.61599995	-0.39262426	0.37629184
1.61699995	0.04684424	0.35992864
1.61799995	0.44275960	0.31631398
1.61899995	0.73569757	0.25209153
1.61999995	0.85187006	0.18485482
1.62099995	0.77319145	0.12429257
1.62199995	0.51190329	0.09793307
1.62299995	0.10882135	0.10943651
1.62399995	-0.31176180	0.15043676
1.62499995	-0.68953001	0.21527436
1.62599995	-0.86500371	0.28235728
1.62699995	-0.81351501	0.34171999
1.62799995	-0.57040477	0.37376967
1.62899995	-0.16910680	0.37376967
1.62999995	0.24455586	0.34171999
1.63099995	0.60888284	0.28235728
1.63199995	0.81825173	0.21527436
1.63299995	0.84064347	0.15043676
1.63399995	0.66393948	0.10959031
1.63499995	0.31652927	0.09870202
1.63599995	-0.10682210	0.12198573
1.63699995	-0.54509103	0.17590427
1.63799995	-0.81114668	0.24311024
1.63899995	-0.86740279	0.31397638
1.63999995	-0.71472073	0.36069760
1.64099995	-0.37330830	0.37644562
1.64199995	0.03478716	0.35869834
1.64299995	0.44937253	0.30963951
1.64399995	0.73717397	0.24843135
1.64499995	0.85396159	0.18423967
1.64599995	0.77325296	0.13475025
1.64699995	0.50876600	0.10749877
1.64799995	0.11515748	0.11318897
1.64899995	-0.34974778	0.15074433
1.64999995	-0.69174457	0.20918430
1.65099995	-0.86242002	0.28005046
1.65199995	-0.81803644	0.33556840
1.65299995	-0.56382257	0.36764887
1.65399995	-0.18746924	0.36764887
1.65499995	0.25618234	0.33556840
1.65599995	0.61128199	0.28005046
1.65699995	0.82434177	0.20918430
1.65799995	0.84190452	0.15089813
1.65899995	0.66154033	0.11395792
1.65999995	0.32400346	0.10516117
1.66099995	-0.11967888	0.12576894
1.66199995	-0.51405632	0.17525837
1.66299995	-0.80278051	0.24612451
1.66399995	-0.87287772	0.31040847
1.66499995	-0.71429008	0.35885212
1.66599995	-0.39262426	0.37629184
1.66699995	0.04684424	0.35992864
1.66799995	0.44275960	0.31616017
1.66899995	0.73569757	0.25132260
1.66999995	0.85202384	0.18719243
1.67099995	0.77396035	0.13327387
1.67199995	0.50959647	0.10691437
1.67299995	0.09984006	0.11174335
1.67399995	-0.32058933	0.14969857
1.67499995	-0.69106793	0.21512057
1.67599995	-0.86669534	0.28235728
1.67699995	-0.82311147	0.34171999
1.67799995	-0.57707924	0.37376967
1.67899995	-0.16243233	0.37376967
1.67999995	0.25442913	0.34156618
1.68099995	0.61211246	0.28158835
1.68199995	0.81502217	0.21758120
1.68299995	0.83077019	0.15944882
1.68399995	0.65729576	0.11860237
1.68499995	0.32323450	0.10100885
1.68599995	-0.09688731	0.12137057
1.68699995	-0.54183072	0.17651944
1.68799995	-0.81422246	0.24080339
1.68899995	-0.87653792	0.30499509
1.68999995	-0.72354823	0.35171628
1.69099995	-0.37487698	0.37410802
1.69199995	0.03321850	0.35962105
1.69299995	0.44054502	0.31056225
1.69399995	0.72816193	0.24612451
1.69499995	0.85165477	0.17525837
1.69599995	0.77386808	0.12576894
1.69699995	0.50818157	0.10516117
1.69799995	0.11746432	0.11395792
1.69899995	-0.34076649	0.15089813
1.69999995	-0.68279403	0.20918430
1.70099995	-0.86011320	0.28005046
1.70199995	-0.81865156	0.33556840
1.70299995	-0.56320745	0.36764887
1.70399995	-0.18977608	0.36764887
1.70499995	0.24723180	0.33556840
1.70599995	0.60233146	0.28005046
1.70699995	0.82203496	0.20918430
1.70799995	0.84282726	0.15089813
1.70899995	0.66246307	0.11395792
1.70999995	0.32169661	0.10516117
1.71099995	-0.12862943	0.12576894
1.71199995	-0.52300692	0.17525837
1.71299995	-0.80508733	0.24612451
1.71399995	-0.87210876	0.31040847
1.71499995	-0.71413630	0.35885212
1.71599995	-0.39262426	0.37629184
1.71699995	0.04684424	0.35992864
1.71799995	0.44275960	0.31616017
1.71899995	0.73569757	0.25132260
1.71999995	0.85202384	0.18719243
1.72099995	0.77396035	0.13327387
1.72199995	0.50959647	0.10706816
1.72299995	0.09984006	0.11251231
1.72399995	-0.32074311	0.14736098
1.72499995	-0.69183683	0.20610851
1.72599995	-0.86423475	0.27334523
1.72699995	-0.81336123	0.33938238
1.72799995	-0.57040477	0.37453863
1.72899995	-0.16910680	0.37395424
1.72999995	0.24455586	0.34156618
1.73099995	0.60888284	0.28158835
1.73199995	0.81825173	0.21758120
1.73299995	0.84064347	0.15944882
1.73399995	0.66378570	0.11860237
1.73499995	0.31576034	0.10100885
1.73599995	-0.10433071	0.12137057
1.73699995	-0.53531003	0.17651944
1.73799995	-0.80428767	0.24080339
1.73899995	-0.87327754	0.30499509
1.73999995	-0.72677779	0.35171628
1.74099995	-0.38475025	0.37410802
1.74199995	0.02657480	0.35946727
1.74299995	0.44721949	0.30979329
1.74399995	0.73791218	0.24843135
1.74499995	0.85411543	0.18423967
1.74599995	0.77325296	0.13475025
1.74699995	0.50876600	0.10749877
1.74799995	0.11515748	0.11318897
1.74899995	-0.34974778	0.15074433
1.74999995	-0.69174457	0.20903051
1.75099995	-0.86242002	0.27928150
1.75199995	-0.81788260	0.33787525
1.75299995	-0.56305367	0.37666091
1.75399995	-0.18977608	0.37666091
1.75499995	0.24723180	0.33787525
1.75599995	0.60233146	0.27946603
1.75699995	0.82203496	0.20976870
1.75799995	0.84282726	0.14856052
1.75899995	0.66246307	0.10494587
1.75999995	0.32169661	0.09617987
1.76099995	-0.12862943	0.12343135
1.76199995	-0.52300692	0.17599656
1.76299995	-0.80508733	0.24627830
1.76399995	-0.87210876	0.31040847
1.76499995	-0.71413630	0.35885212
1.76599995	-0.39262426	0.37629184
1.76699995	0.04684424	0.35992864
1.76799995	0.44291338	0.31616017
1.76899995	0.73646653	0.25132260
1.76999995	0.84953249	0.18719243
1.77099995	0.76417935	0.13327387
1.77199995	0.50292200	0.10691437
1.77299995	0.10648376	0.11174335
1.77399995	-0.31083909	0.14969857
1.77499995	-0.68860728	0.21512057
1.77599995	-0.86731052	0.28235728
1.77699995	-0.82249629	0.34171999
1.77799995	-0.57941681	0.37376967
1.77899995	-0.17141363	0.37376967
1.77999995	0.24529405	0.34171999
1.78099995	0.60903668	0.28235728
1.78199995	0.81809795	0.21527436
1.78299995	0.83987451	0.15043676
1.78399995	0.66612327	0.10943651
1.78499995	0.32477239	0.09793307
1.78599995	-0.09550320	0.12429257
1.78699995	-0.53377217	0.18485482
1.78799995	-0.80290353	0.25209153
1.78899995	-0.86524975	0.31631398
1.78999995	-0.71533585	0.35992864
1.79099995	-0.37272391	0.37629184
1.79199995	0.03244956	0.35869834
1.79299995	0.44039124	0.30963951
1.79399995	0.72816193	0.24843135
1.79499995	0.85165477	0.18423967
1.79599995	0.77402192	0.13475025
1.79699995	0.50891978	0.10749877
1.79799995	0.11515748	0.11318897
1.79899995	-0.34974778	0.15074433
1.79999995	-0.69174457	0.20918430
1.80099995	-0.86242002	0.28005046
1.80199995	-0.81803644	0.33556840
1.80299995	-0.56382257	0.36764887
1.80399995	-0.18746924	0.36749509
1.80499995	0.25618234	0.33479947
1.80599995	0.61112821	0.28254184
1.80699995	0.82357281	0.21893455
1.80799995	0.84436518	0.15741880
1.80899995	0.67129058	0.10651452
1.80999995	0.33067790	0.09771776
1.81099995	-0.12632258	0.13228962
1.81199995	-0.52377582	0.18500862
1.81299995	-0.80524117	0.24858513
1.81399995	-0.87210876	0.30963951
1.81499995	-0.71413630	0.35869834
1.81599995	-0.39262426	0.37629184
1.81699995	0.04684424	0.35992864
1.81799995	0.44275960	0.31616017
1.81899995	0.73569757	0.25132260
1.81999995	0.85187006	0.18719243
1.82099995	0.77319145	0.13327387
1.82199995	0.51190329	0.10706816
1.82299995	0.10882135	0.11251231
1.82399995	-0.31176180	0.14736098
1.82499995	-0.68953001	0.20610851
1.82599995	-0.86500371	0.27334523
1.82699995	-0.81351501	0.33938238
1.82799995	-0.57040477	0.37453863
1.82899995	-0.16910680	0.37395424
1.82999995	0.24455586	0.34171999
1.83099995	0.60888284	0.28235728
1.83199995	0.81809795	0.21527436
1.83299995	0.83987451	0.15043676
1.83399995	0.66612327	0.10959031
1.83499995	0.32477239	0.09870202
1.83599995	-0.09550320	0.12198573
1.83699995	-0.53377217	0.17590427
1.83799995	-0.80290353	0.24311024
1.83899995	-0.86524975	0.31397638
1.83999995	-0.71533585	0.36069760
1.84099995	-0.37272391	0.37644562
1.84199995	0.03244956	0.35869834
1.84299995	0.44039124	0.30963951
1.84399995	0.72816193	0.24843135
1.84499995	0.85165477	0.18423967
1.84599995	0.77402192	0.13475025
1.84699995	0.50891978	0.10749877
1.84799995	0.11515748	0.11318897
1.84899995	-0.34974778	0.15074433
1.84999995	-0.69174457	0.20918430
1.85099995	-0.86242002	0.28005046
1.85199995	-0.81803644	0.33556840
1.85299995	-0.56382257	0.36764887
1.85399995	-0.18746924	0.36749509
1.85499995	0.25618234	0.33479947
1.85599995	0.61128199	0.28238803
1.85699995	0.82434177	0.21816561
1.85799995	0.84205830	0.15987943
1.85899995	0.66230929	0.11626476
1.85999995	0.32169661	0.10442298
1.86099995	-0.12862943	0.12561515
1.86199995	-0.52300692	0.17525837
1.86299995	-0.80508733	0.24612451
1.86399995	-0.87210876	0.31040847
1.86499995	-0.71413630	0.35885212
1.86599995	-0.39277804	0.37629184
1.86699995	0.04607530	0.35992864
1.86799995	0.44506642	0.31631398
1.86899995	0.74467891	0.25209153
1.86999995	0.86097443	0.18485482
1.87099995	0.77626723	0.12429257
1.87199995	0.50882751	0.09793307
1.87299995	0.09968627	0.10943651
1.87399995	-0.32058933	0.15043676
1.87499995	-0.69106793	0.21527436
1.87599995	-0.86654156	0.28235728
1.87699995	-0.82234251	0.34171999
1.87799995	-0.57941681	0.37376967
1.87899995	-0.17141363	0.37376967
1.87999995	0.24544783	0.34171999
1.88099995	0.60980558	0.28235728
1.88199995	0.81579107	0.21527436
1.88299995	0.83092397	0.15043676
1.88399995	0.65714198	0.10959031
1.88499995	0.32246554	0.09870202
1.88599995	-0.09473425	0.12198573
1.88699995	-0.53361833	0.17590427
1.88799995	-0.80290353	0.24311024
1.88899995	-0.86524975	0.31397638
1.88999995	-0.71548969	0.36069760
1.89099995	-0.37349287	0.37644562
1.89199995	0.03478716	0.35885212
1.89299995	0.44937253	0.31040847
1.89399995	0.73698944	0.24612451
1.89499995	0.85319269	0.17525837
1.89599995	0.77555978	0.12576894
1.89699995	0.51774728	0.10516117
1.89799995	0.12413878	0.11395792
1.89899995	-0.34744096	0.15089813
1.89999995	-0.69251353	0.20918430
1.90099995	-0.86257380	0.28005046
1.90199995	-0.81803644	0.33556840
1.90299995	-0.56382257	0.36764887
1.90399995	-0.18746924	0.36764887
1.90499995	0.25618234	0.33556840
1.90599995	0.61112821	0.28005046
1.90699995	0.82357281	0.20918430
1.90799995	0.84436518	0.15089813
1.90899995	0.67129058	0.11395792
1.90999995	0.33067790	0.10516117
1.91099995	-0.12632258	0.12576894
1.91199995	-0.52377582	0.17525837
1.91299995	-0.80524117	0.24612451
1.91399995	-0.87195498	0.31040847
1.91499995	-0.71336734	0.35885212
1.91599995	-0.39493111	0.37629184
1.91699995	0.03783219	0.35992864
1.91799995	0.43374753	0.31616017
1.91899995	0.73335999	0.25132260
1.91999995	0.85279280	0.18719243
1.92099995	0.77411419	0.13327387
1.92199995	0.50959647	0.10691437
1.92299995	0.09984006	0.11174335
1.92399995	-0.32074311	0.14969857
1.92499995	-0.69183683	0.21512057
1.92599995	-0.86423475	0.28235728
1.92699995	-0.81336123	0.34171999
1.92799995	-0.57040477	0.37376967
1.92899995	-0.16910680	0.37376967
1.92999995	0.24455586	0.34171999
1.93099995	0.60888284	0.28235728
1.93199995	0.81809795	0.21527436
1.93299995	0.83987451	0.15043676
1.93399995	0.66612327	0.10959031
1.93499995	0.32477239	0.09870202
1.93599995	-0.09550320	0.12198573
1.93699995	-0.53377217	0.17590427
1.93799995	-0.80290353	0.24311024
1.93899995	-0.86524975	0.31397638
1.93999995	-0.71548969	0.36069760
1.94099995	-0.37349287	0.37644562
1.94199995	0.03478716	0.35869834
1.94299995	0.44937253	0.30963951
1.94399995	0.73717397	0.24843135
1.94499995	0.85396159	0.18423967
1.94599995	0.77309918	0.13475025
1.94699995	0.50802779	0.10749877
1.94799995	0.11746432	0.11318897
1.94899995	-0.34076649	0.15074433
1.94999995	-0.68279403	0.20903051
1.95099995	-0.86011320	0.27928150
1.95199995	-0.81865156	0.33787525
1.95299994	-0.56320745	0.37666091
1.95399994	-0.18977608	0.37650713
1.95499994	0.24723180	0.33710629
1.95599994	0.60233146	0.28161910
1.95699994	0.82203496	0.21801181
1.95799994	0.84282726	0.15987943
1.95899994	0.66246307	0.11626476
1.95999994	0.32169661	0.10442298
1.96099994	-0.12862943	0.12561515
1.96199994	-0.52300692	0.17525837
1.96299994	-0.80508733	0.24612451
1.96399994	-0.87210876	0.31040847
1.96499994	-0.71413630	0.35885212
1.96599994	-0.39262426	0.37629184
1.96699994	0.04684424	0.35992864
1.96799994	0.44275960	0.31616017
1.96899994	0.73569757	0.25132260
1.96999994	0.85187006	0.18719243
1.97099994	0.77319145	0.13327387
1.97199994	0.51190329	0.10691437
1.97299994	0.10882135	0.11174335
1.97399994	-0.31160802	0.14969857
1.97499994	-0.68876106	0.21512057
1.97599994	-0.86746430	0.28235728
1.97699994	-0.82326525	0.34171999
1.97799994	-0.57707924	0.37376967
1.97899994	-0.16243233	0.37376967
1.97999994	0.25442913	0.34171999
1.98099994	0.61211246	0.28235728
1.98199994	0.81502217	0.21527436
1.98299994	0.83077019	0.15043676
1.98399994	0.65729576	0.10959031
1.98499994	0.32323450	0.09870202
1.98599994	-0.09704109	0.12198573
1.98699994	-0.54259968	0.17590427
1.98799994	-0.81188482	0.24311024
1.98899994	-0.86755657	0.31397638
1.98999994	-0.71472073	0.36069760
1.99099994	-0.37330830	0.37644562
1.99199994	0.03478716	0.35869834
1.99299994	0.44937253	0.30963951
1.99399994	0.73698944	0.24843135
1.99499994	0.85319269	0.18423967
1.99599994	0.77540600	0.13475025
1.99699994	0.51697832	0.10749877
1.99799994	0.12644562	0.11318897
1.99899994	-0.33845964	0.15074433
1.99999994	-0.68368602	0.20903051
2.00099994	-0.86103594	0.27928150
2.00199994	-0.81634474	0.33772147
2.00299994	-0.55422610	0.37589198
