Time	Channel A	Channel B
(us)	(V)	(V)

-0.00400000	0.01774729	0.29133859
-0.00300000	-0.44352853	0.34402683
-0.00200000	-0.75350642	0.37303150
-0.00100000	-0.86847931	0.37361589
0.00000000	-0.77417570	0.34171999
0.00100000	-0.48243725	0.28235728
0.00200000	-0.09190453	0.21512057
0.00300000	0.33965921	0.14969857
0.00400000	0.66855317	0.11174335
0.00500000	0.84528792	0.10691437
0.00600000	0.81972808	0.13327387
0.00700000	0.59701031	0.18719243
0.00800000	0.22665477	0.25132260
0.00900000	-0.23705094	0.31616017
0.01000000	-0.60802168	0.35992864
0.01100000	-0.83313853	0.37629184
0.01200000	-0.84731793	0.35885212
0.01300000	-0.64757627	0.31040847
0.01400000	-0.30016610	0.24612451
0.01500000	0.14471580	0.17525837
0.01600000	0.52322221	0.12561515
0.01700000	0.77863556	0.10442298
0.01800000	0.84857899	0.11611097
0.01900000	0.72271776	0.15911049
0.02000000	0.42015254	0.22031865
0.02100000	-0.01322589	0.29060039
0.02200000	-0.42196727	0.34608760
0.02300000	-0.74701649	0.37881398
0.02400000	-0.87275469	0.37589198
0.02500000	-0.78134227	0.33772147
0.02600000	-0.50064594	0.27946603
0.02700000	-0.07025098	0.20976870
0.02800000	0.34061271	0.14840674
0.02900000	0.67104453	0.10420768
0.03000000	0.83649117	0.09833292
0.03100000	0.81111592	0.13167445
0.03200000	0.59359622	0.18731545
0.03300000	0.21831939	0.25759721
0.03400000	-0.20487820	0.31862080
0.03500000	-0.61466533	0.36103591
0.03600000	-0.84298104	0.37567666
0.03700000	-0.85811394	0.36054379
0.03800000	-0.66169417	0.31382260
0.03900000	-0.28032726	0.24234129
0.04000000	0.13671875	0.17805733
0.04100000	0.52829725	0.13019808
0.04200000	0.77786660	0.10999016
0.04300000	0.84624135	0.12090920
0.04400000	0.72207183	0.15867987
0.04500000	0.42615035	0.21742742
0.04600000	0.01774729	0.28158835
0.04700000	-0.44352853	0.34156618
0.04800000	-0.75366020	0.37376967
0.04900000	-0.86924827	0.37376967
0.05000000	-0.77186882	0.34171999
0.05100000	-0.47345597	0.28235728
0.05200000	-0.08276944	0.21512057
0.05300000	0.34273499	0.14969857
0.05400000	0.66547734	0.11174335
0.05500000	0.83615279	0.10691437
0.05600000	0.81071603	0.13327387
0.05700000	0.59467274	0.18719243
0.05800000	0.22757751	0.25132260
0.05900000	-0.23612820	0.31616017
0.06000000	-0.61032850	0.35992864
0.06100000	-0.84215057	0.37629184
0.06200000	-0.85632998	0.35885212
0.06300000	-0.64988309	0.31040847
0.06400000	-0.29939714	0.24612451
0.06500000	0.14486958	0.17525837
0.06600000	0.52306843	0.12561515
0.06700000	0.77786660	0.10442298
0.06800000	0.85088581	0.11611097
0.06900000	0.73166829	0.15911049
0.07000000	0.42910311	0.22031865
0.07100000	-0.01091905	0.29060039
0.07200000	-0.42289001	0.34608760
0.07300000	-0.74793923	0.37881398
0.07400000	-0.87041706	0.37589198
0.07500000	-0.77236098	0.33772147
0.07600000	-0.49166462	0.27946603
0.07700000	-0.06794415	0.20976870
0.07800000	0.33984375	0.14840674
0.07900000	0.67089075	0.10420768
0.08000000	0.83649117	0.09833292
0.08100000	0.81111592	0.13167445
0.08200000	0.59375000	0.18731545
0.08300000	0.21908833	0.25759721
0.08400000	-0.20733882	0.31880537
0.08500000	-0.62444633	0.36180487
0.08600000	-0.84965551	0.37333909
0.08700000	-0.85143948	0.35153174
0.08800000	-0.65191317	0.30499509
0.08900000	-0.27783588	0.24080339
0.09000000	0.13579601	0.17667323
0.09100000	0.52737451	0.12213952
0.09200000	0.78017348	0.09870202
0.09300000	0.85522270	0.10959031
0.09400000	0.73108393	0.15043676
0.09500000	0.42845717	0.21527436
0.09600000	0.01697835	0.28235728
0.09700000	-0.44368234	0.34171999
0.09800000	-0.75350642	0.37376967
0.09900000	-0.86847931	0.37376967
0.10000000	-0.77417570	0.34171999
0.10100000	-0.48243725	0.28235728
0.10200000	-0.09190453	0.21512057
0.10300000	0.33965921	0.14969857
0.10400000	0.66855317	0.11174335
0.10500000	0.84528792	0.10691437
0.10600000	0.81957430	0.13327387
0.10700000	0.59624141	0.18719243
0.10800000	0.22911540	0.25132260
0.10900000	-0.22726993	0.31616017
0.11000000	-0.60131645	0.35992864
0.11100000	-0.83984375	0.37629184
0.11200000	-0.85706818	0.35885212
0.11300000	-0.65003693	0.31040847
0.11400000	-0.29939714	0.24612451
0.11500000	0.14486958	0.17525837
0.11600000	0.52322221	0.12561515
0.11700000	0.77863556	0.10442298
0.11800000	0.84857899	0.11626476
0.11900000	0.72271776	0.15987943
0.12000000	0.42030635	0.21801181
0.12100000	-0.01248770	0.28161910
0.12200000	-0.42427412	0.33710629
0.12300000	-0.75599778	0.37650713
0.12400000	-0.88170522	0.37666091
0.12500000	-0.78364909	0.33787525
0.12600000	-0.49987698	0.27928150
0.12700000	-0.07009719	0.20903051
0.12800000	0.34076649	0.15074433
0.12900000	0.67181349	0.11318897
0.13000000	0.83418429	0.10749877
0.13100000	0.80210382	0.13475025
0.13200000	0.58458418	0.18408588
0.13300000	0.21601255	0.24766240
0.13400000	-0.20410925	0.31210014
0.13500000	-0.61451155	0.36847934
0.13600000	-0.84298104	0.38312009
0.13700000	-0.85811394	0.35402313
0.13800000	-0.66169417	0.30422613
0.13900000	-0.28032726	0.24064961
0.14000000	0.13671875	0.17651944
0.14100000	0.52829725	0.12137057
0.14200000	0.77786660	0.10100885
0.14300000	0.84624135	0.11860237
0.14400000	0.72207183	0.15944882
0.14500000	0.42615035	0.21758120
0.14600000	0.01790108	0.28158835
0.14700000	-0.44275960	0.34156618
0.14800000	-0.75596702	0.37376967
0.14900000	-0.87822956	0.37376967
0.15000000	-0.78103471	0.34171999
0.15100000	-0.47656250	0.28235728
0.15200000	-0.07969365	0.21512057
0.15300000	0.35187009	0.14969857
0.15400000	0.67445868	0.11174335
0.15500000	0.83845967	0.10691437
0.15600000	0.80994707	0.13327387
0.15700000	0.59451896	0.18719243
0.15800000	0.22757751	0.25132260
0.15900000	-0.23612820	0.31616017
0.16000000	-0.61048228	0.35992864
0.16100000	-0.84291953	0.37629184
0.16200000	-0.85383856	0.35885212
0.16300000	-0.64016360	0.31040847
0.16400000	-0.29275346	0.24612451
0.16500000	0.13819513	0.17525837
0.16600000	0.51347196	0.12561515
0.16700000	0.77617496	0.10442298
0.16800000	0.84934795	0.11611097
0.16900000	0.72287154	0.15911049
0.17000000	0.42030635	0.22031865
0.17100000	-0.01248770	0.29060039
0.17200000	-0.42442790	0.34608760
0.17300000	-0.75676674	0.37881398
0.17400000	-0.87939835	0.37589198
0.17500000	-0.77466780	0.33772147
0.17600000	-0.49089566	0.27928150
0.17700000	-0.06779035	0.20903051
0.17800000	0.33984375	0.15074433
0.17900000	0.67089075	0.11318897
0.18000000	0.83649117	0.10734498
0.18100000	0.81111592	0.13398130
0.18200000	0.59359622	0.18654650
0.18300000	0.21831939	0.25744340
0.18400000	-0.20503199	0.31862080
0.18499999	-0.61543429	0.36103591
0.18599999	-0.84067422	0.37567666
0.18699999	-0.84913260	0.36054379
0.18799999	-0.65268207	0.31382260
0.18899999	-0.27798966	0.24234129
0.18999999	0.13594981	0.17821112
0.19099999	0.52814347	0.13096702
0.19199999	0.77802044	0.10752953
0.19299999	0.84701031	0.11112820
0.19399999	0.71976501	0.15200542
0.19499999	0.41713828	0.22413263
0.19599999	0.00888903	0.29133859
0.19699999	-0.44509721	0.34402683
0.19799999	-0.75519806	0.37318528
0.19899999	-0.87807578	0.37438485
0.19999999	-0.78088093	0.33938238
0.20099999	-0.47579354	0.27334523
0.20199999	-0.08215428	0.20610851
0.20299999	0.34211984	0.14736098
0.20399999	0.66778421	0.11251231
0.20499999	0.84513408	0.10706816
0.20599999	0.81972808	0.13327387
0.20699999	0.59701031	0.18719243
0.20799999	0.22665477	0.25132260
0.20899999	-0.23705094	0.31616017
0.20999999	-0.60802168	0.35992864
0.21099999	-0.83313853	0.37629184
0.21199999	-0.84731793	0.35869834
0.21299999	-0.64757627	0.30963951
0.21399999	-0.30031988	0.24843135
0.21499999	0.14394686	0.18423967
0.21599999	0.52552903	0.13459645
0.21699999	0.78761685	0.10672982
0.21799999	0.85740650	0.11552657
0.21899999	0.72425568	0.15972564
0.21999999	0.42184424	0.21801181
0.22099999	-0.00366019	0.28161910
0.22199999	-0.41544661	0.33710629
0.22299999	-0.75445992	0.37650713
0.22399999	-0.88016731	0.37666091
0.22499999	-0.77482158	0.33787525
0.22599999	-0.49104947	0.27946603
0.22699999	-0.06855930	0.20976870
0.22799999	0.34230438	0.14840674
0.22899999	0.68067175	0.10420768
0.22999999	0.84319633	0.09833292
0.23099999	0.80444145	0.13167445
0.23199999	0.58381522	0.18716167
0.23299999	0.21585876	0.25682825
0.23399999	-0.20410925	0.32111222
0.23499999	-0.61451155	0.37078616
0.23599999	-0.84298104	0.38235113
0.23699999	-0.85811394	0.35386935
0.23799999	-0.66169417	0.30407235
0.23899999	-0.28032726	0.23988065
0.23999999	0.13671875	0.17898007
0.24099999	0.52829725	0.13112082
0.24199999	0.77786660	0.10768332
0.24299999	0.84624135	0.11189715
0.24399999	0.72207183	0.14969857
0.24499999	0.42615035	0.21512057
0.24599999	0.01790108	0.28251109
0.24699999	-0.44275960	0.34248891
0.24799999	-0.75596702	0.37146285
0.24899999	-0.87822956	0.36478838
0.24999999	-0.78088093	0.33270791
0.25099999	-0.47579354	0.28001967
0.25199999	-0.08200049	0.21604331
0.25299999	0.34288877	0.15059055
0.25399999	0.66547734	0.10943651
0.25499999	0.83615279	0.09793307
0.25599999	0.81071603	0.12429257
0.25699999	0.59467274	0.18485482
0.25799999	0.22757751	0.25209153
0.25899999	-0.23612820	0.31631398
0.25999999	-0.61032850	0.35992864
0.26099999	-0.84215057	0.37629184
0.26199999	-0.85632998	0.35885212
0.26299999	-0.64988309	0.31040847
0.26399999	-0.29939714	0.24612451
0.26499999	0.14486958	0.17525837
0.26599999	0.52322221	0.12561515
0.26699999	0.77863556	0.10442298
0.26799999	0.84857899	0.11611097
0.26899999	0.72271776	0.15911049
0.26999999	0.42030635	0.22047244
0.27099999	-0.01248770	0.29136935
0.27199999	-0.42442790	0.34378076
0.27299999	-0.75676674	0.36980191
0.27399999	-0.87939835	0.36687991
0.27499999	-0.77466780	0.33541462
0.27599999	-0.49089566	0.28005046
0.27699999	-0.06779035	0.20918430
0.27799999	0.33984375	0.15074433
0.27899999	0.67089075	0.11318897
0.27999999	0.83649117	0.10734498
0.28099999	0.81111592	0.13398130
0.28199999	0.59359622	0.18654650
0.28299999	0.21831939	0.25744340
0.28399999	-0.20487820	0.31880537
0.28499999	-0.61466533	0.36180487
0.28599999	-0.84298104	0.37333909
0.28699999	-0.85811394	0.35153174
0.28799999	-0.66169417	0.30499509
0.28899999	-0.28032726	0.24080339
0.28999999	0.13671875	0.17667323
0.29099999	0.52829725	0.12213952
0.29199999	0.77786660	0.09854823
0.29299999	0.84624135	0.10882135
0.29399999	0.72207183	0.15277436
0.29499999	0.42615035	0.22428642
0.29599999	0.01774729	0.29133859
0.29699999	-0.44352853	0.34402683
0.29799999	-0.75366020	0.37303150
0.29899999	-0.86924827	0.37361589
0.29999999	-0.77186882	0.34171999
0.30099999	-0.47345597	0.28235728
0.30199999	-0.08292323	0.21527436
0.30299999	0.34196603	0.15043676
0.30399999	0.66778421	0.10943651
0.30499999	0.84513408	0.09793307
0.30599999	0.81972808	0.12429257
0.30699999	0.59701031	0.18485482
0.30799999	0.22665477	0.25209153
0.30899999	-0.23705094	0.31631398
0.30999999	-0.60802168	0.35992864
0.31099999	-0.83313853	0.37629184
0.31199999	-0.84731793	0.35885212
0.31299999	-0.64757627	0.31040847
0.31399999	-0.30016610	0.24612451
0.31499999	0.14471580	0.17525837
0.31599999	0.52322221	0.12561515
0.31699999	0.77863556	0.10442298
0.31799999	0.84842521	0.11611097
0.31899999	0.72194880	0.15911049
0.31999999	0.42245939	0.22047244
0.32099999	-0.00427534	0.29136935
0.32199999	-0.41313976	0.34378076
0.32299999	-0.74547857	0.36980191
0.32399999	-0.87118602	0.36687991
0.32499999	-0.77251476	0.33541462
0.32599999	-0.49181840	0.28005046
0.32699999	-0.06871309	0.20918430
0.32799999	0.34215060	0.15074433
0.32899999	0.67990279	0.11318897
0.32999999	0.84550321	0.10734498
0.33099999	0.81342274	0.13398130
0.33199999	0.59282726	0.18654650
0.33299999	0.21816561	0.25744340
0.33399999	-0.20487820	0.31862080
0.33499999	-0.61466533	0.36103591
0.33599999	-0.84298104	0.37567666
0.33699999	-0.85811394	0.36054379
0.33799999	-0.66169417	0.31382260
0.33899999	-0.28032726	0.24234129
0.33999999	0.13671875	0.17821112
0.34099999	0.52829725	0.13096702
0.34199999	0.77786660	0.10768332
0.34299999	0.84624135	0.11189715
0.34399999	0.72207183	0.14969857
0.34499999	0.42615035	0.21512057
0.34599999	0.01790108	0.28251109
0.34699999	-0.44275960	0.34248891
0.34799999	-0.75596702	0.37146285
0.34899999	-0.87822956	0.36478838
0.34999999	-0.78103471	0.33270791
0.35099999	-0.47656250	0.28001967
0.35199999	-0.07969365	0.21588951
0.35299999	0.35187009	0.14985237
0.35399999	0.67445868	0.11174335
0.35499999	0.83845967	0.10691437
0.35599999	0.80994707	0.13327387
0.35699999	0.59451896	0.18719243
0.35799999	0.22757751	0.25132260
0.35899999	-0.23612820	0.31616017
0.35999999	-0.61032850	0.35992864
0.36099999	-0.84215057	0.37629184
0.36199999	-0.85617620	0.35885212
0.36299999	-0.64911419	0.31040847
0.36399999	-0.30188853	0.24612451
0.36499999	0.13511933	0.17525837
0.36599999	0.51654774	0.12561515
0.36699999	0.78527927	0.10442298
0.36799999	0.85832924	0.11611097
0.36899999	0.72517842	0.15911049
0.36999999	0.41953740	0.22047244
0.37099999	-0.01264149	0.29136935
0.37199999	-0.42442790	0.34378076
0.37299999	-0.75676674	0.36980191
0.37399999	-0.87939835	0.36687991
0.37499999	-0.77466780	0.33541462
0.37599999	-0.49089566	0.28005046
0.37699999	-0.06779035	0.20918430
0.37799999	0.33984375	0.15074433
0.37899999	0.67089075	0.11318897
0.37999999	0.83649117	0.10734498
0.38099999	0.81111592	0.13398130
0.38199999	0.59375000	0.18654650
0.38299999	0.21908833	0.25744340
0.38399999	-0.20733882	0.31862080
0.38499999	-0.62444633	0.36103591
0.38599999	-0.84950173	0.37567666
0.38699999	-0.85067052	0.36054379
0.38799999	-0.65425074	0.31397638
0.38899999	-0.28684792	0.24311024
0.38999999	0.12693775	0.17590427
0.39099999	0.52580583	0.12198573
0.39199999	0.77878934	0.09870202
0.39299999	0.84716409	0.10959031
0.39399999	0.71976501	0.15043676
0.39499999	0.41713828	0.21527436
0.39599999	0.00888903	0.28235728
0.39699999	-0.44509721	0.34171999
0.39799999	-0.75504428	0.37395424
0.39899999	-0.87730682	0.37453863
0.39999999	-0.78318775	0.33938238
0.40099999	-0.48474410	0.27334523
0.40199999	-0.09098179	0.20610851
0.40299999	0.34055117	0.14736098
0.40399999	0.66624629	0.11251231
0.40499999	0.83630657	0.10706816
0.40599999	0.81071603	0.13327387
0.40699999	0.59467274	0.18719243
0.40799999	0.22757751	0.25132260
0.40899999	-0.23612820	0.31616017
0.40999999	-0.61032850	0.35992864
0.41099999	-0.84215057	0.37629184
0.41199999	-0.85632998	0.35885212
0.41299999	-0.64988309	0.31040847
0.41399999	-0.29939714	0.24612451
0.41499999	0.14486958	0.17525837
0.41599999	0.52322221	0.12561515
0.41699999	0.77863556	0.10442298
0.41799999	0.84857899	0.11611097
0.41899999	0.72271776	0.15911049
0.41999999	0.42015254	0.22047244
0.42099999	-0.01322589	0.29136935
0.42199999	-0.42196727	0.34378076
0.42299999	-0.74701649	0.36980191
0.42399999	-0.87275469	0.36687991
0.42499999	-0.78134227	0.33541462
0.42599999	-0.50079972	0.28005046
0.42699999	-0.07101993	0.20918430
0.42799999	0.34307334	0.15074433
0.42899999	0.68082553	0.11318897
0.42999999	0.84319633	0.10734498
0.43099999	0.80444145	0.13398130
0.43199999	0.58381522	0.18654650
0.43299999	0.21585876	0.25744340
0.43399999	-0.20410925	0.31862080
0.43499999	-0.61451155	0.36103591
0.43599999	-0.84298104	0.37567666
0.43699999	-0.85811394	0.36054379
0.43799999	-0.66169417	0.31397638
0.43899999	-0.28032726	0.24311024
0.43999999	0.13671875	0.17590427
0.44099999	0.52829725	0.12198573
0.44199999	0.77786660	0.09870202
0.44299999	0.84624135	0.10959031
0.44399999	0.72207183	0.15043676
0.44499999	0.42615035	0.21527436
0.44599999	0.01774729	0.28235728
0.44699999	-0.44352853	0.34171999
0.44799999	-0.75366020	0.37376967
0.44899999	-0.86924827	0.37376967
0.44999999	-0.77186882	0.34171999
0.45099999	-0.47345597	0.28235728
0.45199999	-0.08276944	0.21512057
0.45299999	0.34273499	0.14969857
0.45399999	0.66547734	0.11174335
0.45499999	0.83615279	0.10691437
0.45599999	0.81071603	0.13327387
0.45699999	0.59467274	0.18719243
0.45799999	0.22757751	0.25132260
0.45899999	-0.23612820	0.31616017
0.45999999	-0.61032850	0.35992864
0.46099999	-0.84215057	0.37629184
0.46199999	-0.85632998	0.35885212
0.46299999	-0.64988309	0.31040847
0.46399999	-0.29939714	0.24612451
0.46499999	0.14486958	0.17525837
0.46599999	0.52322221	0.12561515
0.46699999	0.77863556	0.10442298
0.46799999	0.84857899	0.11611097
0.46899999	0.72271776	0.15911049
0.46999999	0.42030635	0.22047244
0.47099999	-0.01248770	0.29136935
0.47199999	-0.42442790	0.34378076
0.47299999	-0.75676674	0.36980191
0.47399999	-0.87939835	0.36687991
0.47499999	-0.77466780	0.33541462
0.47599999	-0.49089566	0.28005046
0.47699999	-0.06779035	0.20918430
0.47799999	0.33984375	0.15074433
0.47899999	0.67089075	0.11318897
0.47999999	0.83649117	0.10734498
0.48099999	0.81111592	0.13398130
0.48199999	0.59359622	0.18654650
0.48299999	0.21831939	0.25744340
0.48399999	-0.20503199	0.31880537
0.48499999	-0.61543429	0.36180487
0.48599999	-0.84067422	0.37333909
0.48699999	-0.84913260	0.35153174
0.48799999	-0.65268207	0.30484128
0.48899999	-0.27798966	0.24003445
0.48999999	0.13579601	0.17898007
0.49099999	0.52737451	0.13112082
0.49199999	0.78032726	0.10752953
0.49299999	0.85599160	0.11112820
0.49399999	0.72874629	0.15200542
0.49499999	0.41947588	0.22413263
0.49599999	0.00812008	0.29149237
0.49699999	-0.44525099	0.34479576
0.49799999	-0.75504428	0.37084767
0.49899999	-0.87730682	0.36540353
0.49999999	-0.78318775	0.33040109
0.50099999	-0.48474410	0.27103838
0.50199999	-0.09098179	0.20687746
0.50299999	0.34055117	0.14751476
0.50399999	0.66624629	0.11251231
0.50499999	0.83630657	0.10706816
0.50599999	0.81071603	0.13327387
0.50699999	0.59467274	0.18719243
0.50799999	0.22757751	0.25132260
0.50899999	-0.23612820	0.31616017
0.50999999	-0.61032850	0.35992864
0.51099999	-0.84215057	0.37629184
0.51199999	-0.85632998	0.35885212
0.51299999	-0.64988309	0.31040847
0.51399999	-0.29939714	0.24612451
0.51499999	0.14486958	0.17525837
0.51599999	0.52322221	0.12561515
0.51699999	0.77863556	0.10442298
0.51799999	0.84842521	0.11611097
0.51899999	0.72194880	0.15911049
0.51999999	0.42261317	0.22047244
0.52099999	-0.00350640	0.29136935
0.52199999	-0.41529280	0.34378076
0.52299999	-0.75369096	0.36980191
0.52399999	-0.88247418	0.36687991
0.52499999	-0.78380293	0.33541462
0.52599999	-0.50003076	0.28005046
0.52699999	-0.07086614	0.20918430
0.52799999	0.34307334	0.15074433
0.52899999	0.68082553	0.11318897
0.52999999	0.84319633	0.10734498
0.53099999	0.80444145	0.13398130
0.53199999	0.58381522	0.18654650
0.53299999	0.21585876	0.25744340
0.53399999	-0.20426305	0.31862080
0.53499999	-0.61528051	0.36103591
0.53599999	-0.84067422	0.37567666
0.53699999	-0.84913260	0.36054379
0.53799999	-0.65268207	0.31382260
0.53899998	-0.27798966	0.24234129
0.53999998	0.13594981	0.17805733
0.54099998	0.52814347	0.13019808
0.54199998	0.77786660	0.10983637
0.54299998	0.84624135	0.12014025
0.54399998	0.72207183	0.16101746
0.54499998	0.42615035	0.22643946
0.54599998	0.01790108	0.29072341
0.54699998	-0.44275960	0.34464198
0.54799998	-0.75596702	0.37084767
0.54899998	-0.87822956	0.36540353
0.54999998	-0.78088093	0.33040109
0.55099998	-0.47579354	0.27103838
0.55199998	-0.08200049	0.20687746
0.55299998	0.34288877	0.14751476
0.55399998	0.66547734	0.11251231
0.55499998	0.83615279	0.10706816
0.55599998	0.81071603	0.13327387
0.55699998	0.59467274	0.18719243
0.55799998	0.22757751	0.25132260
0.55899998	-0.23612820	0.31616017
0.55999998	-0.61048228	0.35992864
0.56099998	-0.84291953	0.37629184
0.56199998	-0.85399234	0.35885212
0.56299998	-0.64093256	0.31040847
0.56399998	-0.29044661	0.24612451
0.56499998	0.14717643	0.17525837
0.56599998	0.52245325	0.12561515
0.56699998	0.77848178	0.10442298
0.56799998	0.84857899	0.11611097
0.56899998	0.72271776	0.15911049
0.56999998	0.42030635	0.22047244
0.57099998	-0.01248770	0.29136935
0.57199998	-0.42442790	0.34378076
0.57299998	-0.75676674	0.36980191
0.57399998	-0.87939835	0.36687991
0.57499998	-0.77466780	0.33541462
0.57599998	-0.49089566	0.28005046
0.57699998	-0.06779035	0.20918430
0.57799998	0.33984375	0.15074433
0.57899998	0.67089075	0.11318897
0.57999998	0.83649117	0.10734498
0.58099998	0.81111592	0.13398130
0.58199998	0.59359622	0.18654650
0.58299998	0.21831939	0.25744340
0.58399998	-0.20503199	0.31880537
0.58499998	-0.61543429	0.36180487
0.58599998	-0.84067422	0.37333909
0.58699998	-0.84913260	0.35153174
0.58799998	-0.65268207	0.30484128
0.58899998	-0.27798966	0.24003445
0.58999998	0.13579601	0.17898007
0.59099998	0.52737451	0.13112082
0.59199998	0.78032726	0.10768332
0.59299998	0.85599160	0.11189715
0.59399998	0.72874629	0.14969857
0.59499998	0.41947588	0.21512057
0.59599998	0.00796629	0.28235728
0.59699998	-0.44601992	0.34171999
0.59799998	-0.75289124	0.37395424
0.59899998	-0.86909449	0.37453863
0.59999998	-0.77186882	0.33938238
0.60099998	-0.47345597	0.27334523
0.60199998	-0.08292323	0.20610851
0.60299998	0.34196603	0.14736098
0.60399998	0.66778421	0.11251231
0.60499998	0.84513408	0.10706816
0.60599998	0.81972808	0.13327387
0.60699998	0.59701031	0.18719243
0.60799998	0.22665477	0.25132260
0.60899998	-0.23705094	0.31616017
0.60999998	-0.60802168	0.35992864
0.61099998	-0.83313853	0.37629184
0.61199998	-0.84731793	0.35885212
0.61299998	-0.64757627	0.31040847
0.61399998	-0.30016610	0.24612451
0.61499998	0.14471580	0.17525837
0.61599998	0.52322221	0.12561515
0.61699998	0.77863556	0.10442298
0.61799998	0.84842521	0.11611097
0.61899998	0.72194880	0.15911049
0.61999998	0.42261317	0.22031865
0.62099998	-0.00350640	0.29060039
0.62199998	-0.41544661	0.34608760
0.62299998	-0.75445992	0.37881398
0.62399998	-0.88016731	0.37589198
0.62499998	-0.77482158	0.33772147
0.62599998	-0.49104947	0.27928150
0.62699998	-0.06855930	0.20903051
0.62799998	0.34230438	0.15074433
0.62899998	0.68067175	0.11318897
0.62999998	0.84319633	0.10734498
0.63099998	0.80444145	0.13398130
0.63199998	0.58396900	0.18654650
0.63299998	0.21662770	0.25744340
0.63399998	-0.20641609	0.31862080
0.63499998	-0.62352359	0.36103591
0.63599998	-0.85199308	0.37567666
0.63699998	-0.86045152	0.36054379
0.63799998	-0.66092521	0.31397638
0.63899998	-0.28017348	0.24311024
0.63999998	0.13671875	0.17590427
0.64099998	0.52829725	0.12198573
0.64199998	0.77786660	0.09870202
0.64299998	0.84624135	0.10959031
0.64399998	0.72207183	0.15043676
0.64499998	0.42615035	0.21527436
0.64599998	0.01774729	0.28235728
0.64699998	-0.44352853	0.34171999
0.64799998	-0.75350642	0.37395424
0.64899998	-0.86847931	0.37453863
0.64999998	-0.77417570	0.33938238
0.65099998	-0.48243725	0.27334523
0.65199998	-0.09175074	0.20610851
0.65299998	0.34039739	0.14736098
0.65399998	0.66624629	0.11251231
0.65499998	0.83630657	0.10706816
0.65599998	0.81071603	0.13327387
0.65699998	0.59467274	0.18719243
0.65799998	0.22757751	0.25132260
0.65899998	-0.23612820	0.31616017
0.65999998	-0.61032850	0.35992864
0.66099998	-0.84215057	0.37629184
0.66199998	-0.85632998	0.35885212
0.66299998	-0.64988309	0.31040847
0.66399998	-0.29939714	0.24612451
0.66499998	0.14486958	0.17525837
0.66599998	0.52322221	0.12561515
0.66699998	0.77863556	0.10442298
0.66799998	0.84857899	0.11611097
0.66899998	0.72271776	0.15911049
0.66999998	0.42030635	0.22047244
0.67099998	-0.01248770	0.29136935
0.67199998	-0.42442790	0.34378076
0.67299998	-0.75676674	0.36980191
0.67399998	-0.87939835	0.36687991
0.67499998	-0.77466780	0.33541462
0.67599998	-0.49104947	0.28005046
0.67699998	-0.06855930	0.20918430
0.67799998	0.34215060	0.15074433
0.67899998	0.67990279	0.11318897
0.67999998	0.84550321	0.10734498
0.68099998	0.81342274	0.13398130
0.68199998	0.59282726	0.18654650
0.68299998	0.21816561	0.25744340
0.68399998	-0.20487820	0.31862080
0.68499998	-0.61466533	0.36103591
0.68599998	-0.84298104	0.37567666
0.68699998	-0.85811394	0.36054379
0.68799998	-0.66169417	0.31397638
0.68899998	-0.28032726	0.24311024
0.68999998	0.13671875	0.17590427
0.69099998	0.52829725	0.12198573
0.69199998	0.77802044	0.09854823
0.69299998	0.84701031	0.10882135
0.69399998	0.71976501	0.15277436
0.69499998	0.41713828	0.22428642
0.69599998	0.00873524	0.29149237
0.69699998	-0.44586614	0.34479576
0.69799998	-0.75289124	0.37084767
0.69899998	-0.86909449	0.36540353
0.69999998	-0.77202266	0.33040109
0.70099998	-0.47422490	0.27103838
0.70199998	-0.08046260	0.20687746
0.70299998	0.35171628	0.14751476
0.70399998	0.67445868	0.11251231
0.70499998	0.83845967	0.10706816
0.70599998	0.80994707	0.13327387
0.70699998	0.59451896	0.18719243
0.70799998	0.22757751	0.25132260
0.70899998	-0.23612820	0.31616017
0.70999998	-0.61032850	0.35992864
0.71099998	-0.84215057	0.37629184
0.71199998	-0.85632998	0.35885212
0.71299998	-0.64988309	0.31040847
0.71399998	-0.29939714	0.24612451
0.71499998	0.14486958	0.17525837
0.71599998	0.52322221	0.12561515
0.71699998	0.77863556	0.10442298
0.71799998	0.84842521	0.11611097
0.71899998	0.72194880	0.15911049
0.71999998	0.42245939	0.22031865
0.72099998	-0.00427534	0.29060039
0.72199998	-0.41298598	0.34608760
0.72299998	-0.74470967	0.37881398
0.72399998	-0.87352359	0.37589198
0.72499998	-0.78149605	0.33772147
0.72599998	-0.50079972	0.27928150
0.72699998	-0.07101993	0.20903051
0.72799998	0.34307334	0.15074433
0.72899998	0.68082553	0.11318897
0.72999998	0.84319633	0.10749877
0.73099998	0.80444145	0.13475025
0.73199998	0.58381522	0.18423967
0.73299998	0.21585876	0.24843135
0.73399998	-0.20410925	0.30979329
0.73499998	-0.61451155	0.35946727
0.73599998	-0.84298104	0.37410802
0.73699998	-0.85811394	0.35171628
0.73799998	-0.66154033	0.30499509
0.73899998	-0.27955833	0.24080339
0.73999998	0.13441192	0.17651944
0.74099998	0.51931596	0.12137057
0.74199998	0.76888531	0.10085507
0.74299998	0.84393454	0.11783341
0.74399998	0.72284079	0.16175567
0.74499998	0.42630413	0.22659326
0.74599998	0.01774729	0.29072341
0.74699998	-0.44352853	0.34464198
0.74799998	-0.75366020	0.37069389
0.74899998	-0.86924827	0.36463460
0.74999998	-0.77186882	0.33270791
0.75099998	-0.47345597	0.28001967
0.75199998	-0.08276944	0.21588951
0.75299998	0.34273499	0.14985237
0.75399998	0.66547734	0.11174335
0.75499998	0.83615279	0.10691437
0.75599998	0.81071603	0.13327387
0.75699998	0.59467274	0.18719243
0.75799998	0.22742371	0.25132260
0.75899998	-0.23689714	0.31616017
0.75999998	-0.60802168	0.35992864
0.76099998	-0.83313853	0.37629184
0.76199998	-0.84731793	0.35885212
0.76299998	-0.64757627	0.31040847
0.76399998	-0.30016610	0.24612451
0.76499998	0.14471580	0.17525837
0.76599998	0.52322221	0.12561515
0.76699998	0.77863556	0.10442298
0.76799998	0.84842521	0.11611097
0.76899998	0.72194880	0.15911049
0.76999998	0.42261317	0.22031865
0.77099998	-0.00350640	0.29060039
0.77199998	-0.41544661	0.34608760
0.77299998	-0.75445992	0.37881398
0.77399998	-0.88016731	0.37589198
0.77499998	-0.77482158	0.33772147
0.77599998	-0.49104947	0.27928150
0.77699998	-0.06855930	0.20903051
0.77799998	0.34215060	0.15074433
0.77899998	0.67990279	0.11318897
0.77999998	0.84550321	0.10734498
0.78099998	0.81342274	0.13398130
0.78199998	0.59282726	0.18654650
0.78299998	0.21816561	0.25744340
0.78399998	-0.20503199	0.31880537
0.78499998	-0.61543429	0.36180487
0.78599998	-0.84067422	0.37333909
0.78699998	-0.84913260	0.35153174
0.78799998	-0.65268207	0.30499509
0.78899998	-0.27798966	0.24080339
0.78999998	0.13579601	0.17667323
0.79099998	0.52737451	0.12213952
0.79199998	0.78032726	0.09854823
0.79299998	0.85599160	0.10882135
0.79399998	0.72874629	0.15277436
0.79499998	0.41947588	0.22428642
0.79599998	0.00812008	0.29133859
0.79699998	-0.44525099	0.34402683
0.79799998	-0.75519806	0.37303150
0.79899998	-0.87807578	0.37361589
0.79999998	-0.78088093	0.34171999
0.80099998	-0.47579354	0.28235728
0.80199998	-0.08200049	0.21527436
0.80299998	0.34288877	0.15043676
0.80399998	0.66547734	0.10943651
0.80499998	0.83615279	0.09793307
0.80599998	0.81071603	0.12429257
0.80699998	0.59467274	0.18485482
0.80799998	0.22742371	0.25209153
0.80899998	-0.23689714	0.31631398
0.80999998	-0.60802168	0.36008242
0.81099998	-0.83313853	0.37706077
0.81199998	-0.84731793	0.35654527
0.81299998	-0.64757627	0.30139640
0.81399998	-0.30016610	0.23711245
0.81499998	0.14471580	0.17292076
0.81599998	0.52322221	0.12638411
0.81699998	0.77863556	0.10457677
0.81799998	0.84842521	0.11611097
0.81899998	0.72194880	0.15911049
0.81999998	0.42261317	0.22031865
0.82099998	-0.00350640	0.29060039
0.82199998	-0.41544661	0.34608760
0.82299998	-0.75445992	0.37881398
0.82399998	-0.88016731	0.37589198
0.82499998	-0.77482158	0.33772147
0.82599998	-0.49104947	0.27928150
0.82699998	-0.06855930	0.20903051
0.82799998	0.34215060	0.15074433
0.82899998	0.67990279	0.11318897
0.82999998	0.84550321	0.10734498
0.83099998	0.81342274	0.13398130
0.83199998	0.59282726	0.18639271
0.83299998	0.21816561	0.25667447
0.83399998	-0.20487820	0.32111222
0.83499998	-0.61466533	0.37078616
0.83599998	-0.84298104	0.38235113
0.83699998	-0.85811394	0.35386935
0.83799998	-0.66169417	0.30422613
0.83899998	-0.28032726	0.24064961
0.83999998	0.13671875	0.17667323
0.84099998	0.52829725	0.12213952
0.84199998	0.77786660	0.09870202
0.84299998	0.84624135	0.10959031
0.84399998	0.72207183	0.15043676
0.84499998	0.42615035	0.21527436
0.84599998	0.01790108	0.28251109
0.84699998	-0.44275960	0.34248891
0.84799998	-0.75596702	0.37146285
0.84899998	-0.87822956	0.36478838
0.84999998	-0.78088093	0.33270791
0.85099998	-0.47579354	0.28001967
0.85199998	-0.08200049	0.21588951
0.85299998	0.34288877	0.14985237
0.85399998	0.66547734	0.11174335
0.85499998	0.83615279	0.10691437
0.85599998	0.81071603	0.13327387
0.85699998	0.59467274	0.18719243
0.85799998	0.22757751	0.25132260
0.85899998	-0.23612820	0.31616017
0.85999998	-0.61032850	0.35992864
0.86099998	-0.84215057	0.37629184
0.86199998	-0.85632998	0.35885212
0.86299998	-0.64988309	0.31040847
0.86399998	-0.29939714	0.24612451
0.86499998	0.14486958	0.17525837
0.86599998	0.52322221	0.12561515
0.86699998	0.77863556	0.10442298
0.86799998	0.84857899	0.11611097
0.86899998	0.72271776	0.15911049
0.86999998	0.42030635	0.22047244
0.87099998	-0.01248770	0.29136935
0.87199998	-0.42442790	0.34378076
0.87299998	-0.75676674	0.36980191
0.87399998	-0.87939835	0.36687991
0.87499998	-0.77466780	0.33541462
0.87599998	-0.49089566	0.28005046
0.87699998	-0.06779035	0.20918430
0.87799998	0.33984375	0.15074433
0.87899998	0.67089075	0.11318897
0.87999998	0.83649117	0.10734498
0.88099998	0.81111592	0.13398130
0.88199998	0.59359622	0.18654650
0.88299998	0.21831939	0.25744340
0.88399998	-0.20503199	0.31862080
0.88499998	-0.61543429	0.36103591
0.88599998	-0.84067422	0.37567666
0.88699998	-0.84913260	0.36054379
0.88799998	-0.65252829	0.31382260
0.88899998	-0.27722073	0.24234129
0.88999998	0.13348918	0.17821112
0.89099998	0.51839322	0.13096702
0.89199997	0.77119219	0.10752953
0.89299997	0.85291582	0.11112820
0.89399997	0.73182207	0.15200542
0.89499997	0.42861098	0.22413263
0.89599997	0.01713214	0.29133859
0.89699997	-0.44291338	0.34402683
0.89799997	-0.75596702	0.37303150
0.89899997	-0.87822956	0.37361589
0.89999997	-0.78088093	0.34171999
0.90099997	-0.47579354	0.28235728
0.90199997	-0.08200049	0.21512057
0.90299997	0.34288877	0.14969857
0.90399997	0.66563118	0.11174335
0.90499997	0.83689100	0.10691437
0.90599997	0.80840921	0.13327387
0.90699997	0.58572221	0.18719243
0.90799997	0.21844243	0.25132260
0.90899997	-0.23920399	0.31616017
0.90999997	-0.60725272	0.35992864
0.91099997	-0.83298475	0.37629184
0.91199997	-0.84731793	0.35885212
0.91299997	-0.64757627	0.31040847
0.91399997	-0.30016610	0.24612451
0.91499997	0.14471580	0.17525837
0.91599997	0.52322221	0.12561515
0.91699997	0.77863556	0.10442298
0.91799997	0.84857899	0.11611097
0.91899997	0.72271776	0.15911049
0.91999997	0.42030635	0.22047244
0.92099997	-0.01248770	0.29136935
0.92199997	-0.42442790	0.34378076
0.92299997	-0.75676674	0.36980191
0.92399997	-0.87939835	0.36687991
0.92499997	-0.77466780	0.33541462
0.92599997	-0.49089566	0.28005046
0.92699997	-0.06779035	0.20918430
0.92799997	0.33984375	0.15074433
0.92899997	0.67089075	0.11318897
0.92999997	0.83649117	0.10734498
0.93099997	0.81111592	0.13398130
0.93199997	0.59359622	0.18639271
0.93299997	0.21831939	0.25667447
0.93399997	-0.20487820	0.32095841
0.93499997	-0.61466533	0.37001723
0.93599997	-0.84298104	0.38465798
0.93699997	-0.85811394	0.36285064
0.93799997	-0.66169417	0.31308439
0.93899997	-0.28032726	0.24218750
0.93999997	0.13671875	0.17805733
0.94099997	0.52829725	0.13019808
0.94199997	0.77786660	0.10999016
0.94299997	0.84624135	0.12090920
0.94399997	0.72207183	0.15867987
0.94499997	0.42615035	0.21742742
0.94599997	0.01790108	0.28174213
0.94699997	-0.44275960	0.34233513
0.94799997	-0.75596702	0.37161663
0.94899997	-0.87822956	0.36555734
0.94999997	-0.78088093	0.33040109
0.95099997	-0.47579354	0.27103838
0.95199997	-0.08200049	0.20687746
0.95299997	0.34288877	0.14751476
0.95399997	0.66547734	0.11251231
0.95499997	0.83615279	0.10706816
0.95599997	0.81071603	0.13327387
0.95699997	0.59467274	0.18719243
0.95799997	0.22757751	0.25132260
0.95899997	-0.23612820	0.31616017
0.95999997	-0.61048228	0.35992864
0.96099997	-0.84291953	0.37629184
0.96199997	-0.85399234	0.35885212
0.96299997	-0.64093256	0.31040847
0.96399997	-0.29044661	0.24612451
0.96499997	0.14717643	0.17525837
0.96599997	0.52245325	0.12561515
0.96699997	0.77848178	0.10442298
0.96799997	0.84857899	0.11611097
0.96899997	0.72271776	0.15911049
0.96999997	0.42015254	0.22047244
0.97099997	-0.01322589	0.29136935
0.97199997	-0.42212105	0.34378076
0.97299997	-0.74778545	0.36980191
0.97399997	-0.87041706	0.36687991
0.97499997	-0.77236098	0.33541462
0.97599997	-0.49166462	0.28005046
0.97699997	-0.06794415	0.20918430
0.97799997	0.33984375	0.15074433
0.97899997	0.67089075	0.11318897
0.97999997	0.83649117	0.10734498
0.98099997	0.81111592	0.13398130
0.98199997	0.59359622	0.18654650
0.98299997	0.21831939	0.25744340
0.98399997	-0.20487820	0.31862080
0.98499997	-0.61466533	0.36103591
0.98599997	-0.84298104	0.37567666
0.98699997	-0.85811394	0.36054379
0.98799997	-0.66169417	0.31397638
0.98899997	-0.28032726	0.24311024
0.98999997	0.13671875	0.17575049
0.99099997	0.52829725	0.12121678
0.99199997	0.77802044	0.10100885
0.99299997	0.84701031	0.11860237
0.99399997	0.71976501	0.15944882
0.99499997	0.41713828	0.21758120
0.99599997	0.00873524	0.28174213
0.99699997	-0.44586614	0.34233513
0.99799997	-0.75289124	0.37146285
0.99899997	-0.86909449	0.36478838
0.99999997	-0.77186882	0.33270791
1.00099997	-0.47345597	0.28001967
1.00199997	-0.08276944	0.21588951
1.00299997	0.34273499	0.14985237
1.00399997	0.66547734	0.11174335
1.00499997	0.83615279	0.10691437
1.00599997	0.81071603	0.13327387
1.00699997	0.59467274	0.18719243
1.00799997	0.22742371	0.25132260
1.00899997	-0.23689714	0.31616017
1.00999997	-0.60802168	0.35992864
1.01099997	-0.83313853	0.37629184
1.01199997	-0.84731793	0.35885212
1.01299997	-0.64757627	0.31040847
1.01399997	-0.30031988	0.24612451
1.01499997	0.14394686	0.17525837
1.01599997	0.52552903	0.12561515
1.01699997	0.78761685	0.10442298
1.01799997	0.85740650	0.11611097
1.01899997	0.72425568	0.15911049
1.01999997	0.42184424	0.22047244
1.02099997	-0.00366019	0.29136935
1.02199997	-0.41544661	0.34393454
1.02299997	-0.75445992	0.37057087
1.02399997	-0.88016731	0.36457309
1.02499997	-0.77482158	0.32640254
1.02599997	-0.49089566	0.27106914
1.02699997	-0.06779035	0.20684670
1.02799997	0.33984375	0.15151329
1.02899997	0.67089075	0.11334276
1.02999997	0.83649117	0.10734498
1.03099997	0.81111592	0.13398130
1.03199997	0.59359622	0.18639271
1.03299997	0.21831939	0.25667447
1.03399997	-0.20487820	0.32111222
1.03499997	-0.61466533	0.37078616
1.03599997	-0.84298104	0.38235113
1.03699997	-0.85811394	0.35386935
1.03799997	-0.66169417	0.30422613
1.03899997	-0.28032726	0.24064961
1.03999997	0.13671875	0.17667323
1.04099997	0.52829725	0.12213952
1.04199997	0.77786660	0.09870202
1.04299997	0.84624135	0.10959031
1.04399997	0.72207183	0.15043676
1.04499997	0.42615035	0.21527436
1.04599997	0.01790108	0.28235728
1.04699997	-0.44275960	0.34171999
1.04799997	-0.75596702	0.37395424
1.04899997	-0.87822956	0.37453863
1.04999997	-0.78088093	0.33938238
1.05099997	-0.47579354	0.27334523
1.05199997	-0.08200049	0.20610851
1.05299997	0.34288877	0.14736098
1.05399997	0.66547734	0.11251231
1.05499997	0.83615279	0.10706816
1.05599997	0.81071603	0.13327387
1.05699997	0.59467274	0.18719243
1.05799997	0.22757751	0.25132260
1.05899997	-0.23612820	0.31616017
1.05999997	-0.61032850	0.35992864
1.06099997	-0.84215057	0.37629184
1.06199997	-0.85632998	0.35885212
1.06299997	-0.64988309	0.31040847
1.06399997	-0.29939714	0.24612451
1.06499997	0.14486958	0.17525837
1.06599997	0.52322221	0.12561515
1.06699997	0.77863556	0.10442298
1.06799997	0.84857899	0.11611097
1.06899997	0.72271776	0.15911049
1.06999997	0.42015254	0.22031865
1.07099997	-0.01322589	0.29060039
1.07199997	-0.42212105	0.34608760
1.07299997	-0.74778545	0.37881398
1.07399997	-0.87041706	0.37589198
1.07499997	-0.77236098	0.33772147
1.07599997	-0.49166462	0.27928150
1.07699997	-0.06794415	0.20903051
1.07799997	0.33984375	0.15074433
1.07899997	0.67089075	0.11318897
1.07999997	0.83649117	0.10734498
1.08099997	0.81111592	0.13398130
1.08199997	0.59359622	0.18654650
1.08299997	0.21831939	0.25744340
1.08399997	-0.20503199	0.31880537
1.08499997	-0.61543429	0.36180487
1.08599997	-0.84067422	0.37333909
1.08699997	-0.84913260	0.35153174
1.08799997	-0.65268207	0.30499509
1.08899997	-0.27798966	0.24080339
1.08999997	0.13594981	0.17651944
1.09099997	0.52814347	0.12137057
1.09199997	0.77802044	0.10085507
1.09299997	0.84701031	0.11783341
1.09399997	0.71976501	0.16175567
1.09499997	0.41713828	0.22659326
1.09599997	0.00873524	0.29056963
1.09699997	-0.44586614	0.34387302
1.09799997	-0.75289124	0.37318528
1.09899997	-0.86909449	0.37438485
1.09999997	-0.77186882	0.33938238
1.10099997	-0.47345597	0.27334523
1.10199997	-0.08276944	0.20610851
1.10299997	0.34273499	0.14736098
1.10399997	0.66547734	0.11251231
1.10499997	0.83615279	0.10706816
1.10599997	0.81071603	0.13327387
1.10699997	0.59467274	0.18719243
1.10799997	0.22757751	0.25132260
1.10899997	-0.23612820	0.31616017
1.10999997	-0.61032850	0.35992864
1.11099997	-0.84215057	0.37629184
1.11199997	-0.85632998	0.35885212
1.11299997	-0.64988309	0.31040847
1.11399997	-0.29939714	0.24612451
1.11499997	0.14486958	0.17525837
1.11599997	0.52322221	0.12561515
1.11699997	0.77863556	0.10442298
1.11799997	0.84857899	0.11611097
1.11899997	0.72271776	0.15911049
1.11999997	0.42015254	0.22031865
1.12099997	-0.01322589	0.29060039
1.12199997	-0.42196727	0.34608760
1.12299997	-0.74701649	0.37881398
1.12399997	-0.87275469	0.37589198
1.12499997	-0.78134227	0.33772147
1.12599997	-0.50079972	0.27928150
1.12699997	-0.07101993	0.20903051
1.12799997	0.34291953	0.15074433
1.12899997	0.68005657	0.11318897
1.12999997	0.84550321	0.10734498
1.13099997	0.81342274	0.13398130
1.13199997	0.59298104	0.18654650
1.13299997	0.21893455	0.25744340
1.13399997	-0.20718504	0.31862080
1.13499997	-0.62367743	0.36103591
1.13599997	-0.85199308	0.37567666
1.13699997	-0.86045152	0.36054379
1.13799997	-0.66092521	0.31397638
1.13899997	-0.28017348	0.24311024
1.13999997	0.13671875	0.17590427
1.14099997	0.52829725	0.12198573
1.14199997	0.77786660	0.09870202
1.14299997	0.84624135	0.10959031
1.14399997	0.72207183	0.15043676
1.14499997	0.42615035	0.21527436
1.14599997	0.01790108	0.28251109
1.14699997	-0.44275960	0.34248891
1.14799997	-0.75596702	0.37161663
1.14899997	-0.87822956	0.36555734
1.14999997	-0.78088093	0.33040109
1.15099997	-0.47579354	0.27103838
1.15199997	-0.08200049	0.20703125
1.15299997	0.34288877	0.14828371
1.15399997	0.66547734	0.11020546
1.15499997	0.83615279	0.09808686
1.15599997	0.81071603	0.12429257
1.15699997	0.59467274	0.18485482
1.15799997	0.22757751	0.25209153
1.15899997	-0.23612820	0.31631398
1.15999997	-0.61032850	0.35992864
1.16099997	-0.84215057	0.37629184
1.16199997	-0.85632998	0.35885212
1.16299997	-0.64988309	0.31040847
1.16399997	-0.29939714	0.24612451
1.16499997	0.14486958	0.17525837
1.16599997	0.52322221	0.12561515
1.16699997	0.77863556	0.10442298
1.16799997	0.84857899	0.11611097
1.16899997	0.72271776	0.15911049
1.16999997	0.42030635	0.22047244
1.17099997	-0.01248770	0.29136935
1.17199997	-0.42442790	0.34378076
1.17299997	-0.75676674	0.36980191
1.17399997	-0.87939835	0.36687991
1.17499997	-0.77466780	0.33541462
1.17599997	-0.49089566	0.28005046
1.17699997	-0.06779035	0.20918430
1.17799997	0.33984375	0.15074433
1.17899997	0.67089075	0.11318897
1.17999997	0.83649117	0.10749877
1.18099997	0.81111592	0.13475025
1.18199997	0.59375000	0.18423967
1.18299997	0.21908833	0.24843135
1.18399997	-0.20733882	0.30979329
1.18499997	-0.62444633	0.35946727
1.18599997	-0.84965551	0.37410802
1.18699997	-0.85143948	0.35171628
1.18799997	-0.65191317	0.30499509
1.18899997	-0.27783588	0.24080339
1.18999997	0.13594981	0.17667323
1.19099997	0.52814347	0.12213952
1.19199997	0.77786660	0.09854823
1.19299997	0.84624135	0.10882135
1.19399997	0.72207183	0.15277436
1.19499997	0.42615035	0.22428642
1.19599997	0.01790108	0.29133859
1.19699997	-0.44275960	0.34402683
1.19799997	-0.75596702	0.37318528
1.19899997	-0.87822956	0.37438485
1.19999997	-0.78088093	0.33938238
1.20099997	-0.47579354	0.27334523
1.20199997	-0.08215428	0.20610851
1.20299997	0.34211984	0.14736098
1.20399997	0.66778421	0.11251231
1.20499997	0.84513408	0.10706816
1.20599997	0.81972808	0.13327387
1.20699997	0.59701031	0.18719243
1.20799997	0.22680856	0.25132260
1.20899997	-0.23628199	0.31616017
1.20999997	-0.61032850	0.35992864
1.21099997	-0.84215057	0.37629184
1.21199997	-0.85632998	0.35885212
1.21299997	-0.64988309	0.31040847
1.21399997	-0.29939714	0.24612451
1.21499997	0.14486958	0.17525837
1.21599997	0.52322221	0.12561515
1.21699997	0.77863556	0.10442298
1.21799997	0.84857899	0.11611097
1.21899997	0.72271776	0.15911049
1.21999997	0.42015254	0.22047244
1.22099997	-0.01322589	0.29136935
1.22199997	-0.42196727	0.34378076
1.22299997	-0.74701649	0.36980191
1.22399997	-0.87275469	0.36687991
1.22499997	-0.78134227	0.33541462
1.22599997	-0.50079972	0.28005046
1.22699997	-0.07101993	0.20918430
1.22799997	0.34291953	0.15089813
1.22899997	0.68005657	0.11395792
1.22999997	0.84550321	0.10500738
1.23099997	0.81342274	0.12500000
1.23199997	0.59282726	0.17756520
1.23299997	0.21816561	0.25510579
1.23399997	-0.20487820	0.31938976
1.23499997	-0.61466533	0.36118972
1.23599997	-0.84298104	0.37567666
1.23699997	-0.85811394	0.36054379
1.23799997	-0.66169417	0.31397638
1.23899997	-0.28032726	0.24311024
1.23999997	0.13671875	0.17575049
1.24099997	0.52829725	0.12121678
1.24199997	0.77786660	0.10100885
1.24299997	0.84624135	0.11860237
1.24399997	0.72207183	0.15944882
1.24499997	0.42615035	0.21758120
1.24599996	0.01774729	0.28174213
1.24699996	-0.44352853	0.34233513
1.24799996	-0.75366020	0.37146285
1.24899996	-0.86924827	0.36478838
1.24999996	-0.77186882	0.33270791
1.25099996	-0.47345597	0.28001967
1.25199996	-0.08276944	0.21588951
1.25299996	0.34273499	0.14985237
1.25399996	0.66547734	0.11174335
1.25499996	0.83615279	0.10691437
1.25599996	0.81071603	0.13327387
1.25699996	0.59467274	0.18719243
1.25799996	0.22757751	0.25132260
1.25899996	-0.23612820	0.31616017
1.25999996	-0.61032850	0.35992864
1.26099996	-0.84215057	0.37629184
1.26199996	-0.85632998	0.35885212
1.26299996	-0.64988309	0.31040847
1.26399996	-0.29939714	0.24612451
1.26499996	0.14486958	0.17525837
1.26599996	0.52322221	0.12561515
1.26699996	0.77863556	0.10442298
1.26799996	0.84857899	0.11611097
1.26899996	0.72271776	0.15911049
1.26999996	0.42030635	0.22047244
1.27099996	-0.01248770	0.29136935
1.27199996	-0.42442790	0.34378076
1.27299996	-0.75676674	0.36980191
1.27399996	-0.87939835	0.36687991
1.27499996	-0.77466780	0.33541462
1.27599996	-0.49089566	0.28005046
1.27699996	-0.06779035	0.20918430
1.27799996	0.33984375	0.15074433
1.27899996	0.67089075	0.11318897
1.27999996	0.83649117	0.10734498
1.28099996	0.81111592	0.13398130
1.28199996	0.59359622	0.18654650
1.28299996	0.21831939	0.25744340
1.28399996	-0.20487820	0.31880537
1.28499996	-0.61466533	0.36180487
1.28599996	-0.84282726	0.37333909
1.28699996	-0.85734499	0.35153174
1.28799996	-0.66400099	0.30484128
1.28899996	-0.28930855	0.24003445
1.28999996	0.12755290	0.17882627
1.29099996	0.52522147	0.13035187
1.29199996	0.78109622	0.10999016
1.29299996	0.85614544	0.12090920
1.29399996	0.72874629	0.15867987
1.29499996	0.41947588	0.21742742
1.29599996	0.00796629	0.28158835
1.29699996	-0.44601992	0.34156618
1.29799996	-0.75273746	0.37376967
1.29899996	-0.86832553	0.37376967
1.29999996	-0.77417570	0.34171999
1.30099996	-0.48243725	0.28235728
1.30199996	-0.09190453	0.21512057
1.30299996	0.33965921	0.14969857
1.30399996	0.66870695	0.11174335
1.30499996	0.84605682	0.10691437
1.30599996	0.81742126	0.13327387
1.30699996	0.58802903	0.18719243
1.30799996	0.21767348	0.25132260
1.30899996	-0.23935777	0.31616017
1.30999996	-0.60725272	0.35992864
1.31099996	-0.83298475	0.37629184
1.31199996	-0.84731793	0.35885212
1.31299996	-0.64757627	0.31040847
1.31399996	-0.30016610	0.24612451
1.31499996	0.14471580	0.17525837
1.31599996	0.52322221	0.12561515
1.31699996	0.77863556	0.10442298
1.31799996	0.84857899	0.11611097
1.31899996	0.72271776	0.15911049
1.31999996	0.42030635	0.22047244
1.32099996	-0.01248770	0.29136935
1.32199996	-0.42427412	0.34378076
1.32299996	-0.75599778	0.36980191
1.32399996	-0.88170522	0.36687991
1.32499996	-0.78364909	0.33541462
1.32599996	-0.50003076	0.28005046
1.32699996	-0.07086614	0.20918430
1.32799996	0.34307334	0.15074433
1.32899996	0.68082553	0.11318897
1.32999996	0.84319633	0.10734498
1.33099996	0.80444145	0.13398130
1.33199996	0.58396900	0.18654650
1.33299996	0.21662770	0.25744340
1.33399996	-0.20656988	0.31880537
1.33499996	-0.62429255	0.36180487
1.33599996	-0.84965551	0.37333909
1.33699996	-0.85143948	0.35153174
1.33799996	-0.65191317	0.30484128
1.33899996	-0.27783588	0.24003445
1.33999996	0.13594981	0.17898007
1.34099996	0.52814347	0.13112082
1.34199996	0.77786660	0.10752953
1.34299996	0.84624135	0.11112820
1.34399996	0.72207183	0.15200542
1.34499996	0.42615035	0.22413263
1.34599996	0.01790108	0.29133859
1.34699996	-0.44275960	0.34402683
1.34799996	-0.75596702	0.37318528
1.34899996	-0.87822956	0.37438485
1.34999996	-0.78088093	0.33938238
1.35099996	-0.47579354	0.27334523
1.35199996	-0.08200049	0.20610851
1.35299996	0.34288877	0.14736098
1.35399996	0.66547734	0.11251231
1.35499996	0.83615279	0.10706816
1.35599996	0.81071603	0.13327387
1.35699996	0.59467274	0.18719243
1.35799996	0.22742371	0.25132260
1.35899996	-0.23689714	0.31616017
1.35999996	-0.60802168	0.35992864
1.36099996	-0.83313853	0.37629184
1.36199996	-0.84731793	0.35885212
1.36299996	-0.64757627	0.31040847
1.36399996	-0.30016610	0.24612451
1.36499996	0.14471580	0.17525837
1.36599996	0.52322221	0.12561515
1.36699996	0.77863556	0.10442298
1.36799996	0.84857899	0.11611097
1.36899996	0.72271776	0.15911049
1.36999996	0.42015254	0.22031865
1.37099996	-0.01322589	0.29060039
1.37199996	-0.42212105	0.34608760
1.37299996	-0.74778545	0.37881398
1.37399996	-0.87041706	0.37589198
1.37499996	-0.77236098	0.33772147
1.37599996	-0.49166462	0.27928150
1.37699996	-0.06794415	0.20903051
1.37799996	0.33984375	0.15074433
1.37899996	0.67089075	0.11318897
1.37999996	0.83649117	0.10734498
1.38099996	0.81111592	0.13398130
1.38199996	0.59359622	0.18654650
1.38299996	0.21831939	0.25744340
1.38399996	-0.20503199	0.31880537
1.38499996	-0.61543429	0.36180487
1.38599996	-0.84067422	0.37333909
1.38699996	-0.84913260	0.35153174
1.38799996	-0.65268207	0.30484128
1.38899996	-0.27798966	0.24003445
1.38999996	0.13594981	0.17898007
1.39099996	0.52814347	0.13112082
1.39199996	0.77802044	0.10752953
1.39299996	0.84701031	0.11112820
1.39399996	0.71976501	0.15200542
1.39499996	0.41713828	0.22413263
1.39599996	0.00888903	0.29133859
1.39699996	-0.44509721	0.34402683
1.39799996	-0.75504428	0.37303150
1.39899996	-0.87730682	0.37361589
1.39999996	-0.78318775	0.34171999
1.40099996	-0.48474410	0.28235728
1.40199996	-0.09098179	0.21512057
1.40299996	0.34055117	0.14969857
1.40399996	0.66624629	0.11174335
1.40499996	0.83630657	0.10691437
1.40599996	0.81071603	0.13312007
1.40699996	0.59467274	0.18642348
1.40799996	0.22742371	0.25362942
1.40899996	-0.23689714	0.32514149
1.40999996	-0.60802168	0.36894071
1.41099996	-0.83313853	0.37859866
1.41199996	-0.84731793	0.35808316
1.41299996	-0.64757627	0.31025466
1.41399996	-0.30031988	0.24627830
1.41499996	0.14394686	0.17599656
1.41599996	0.52552903	0.12327756
1.41699996	0.78761685	0.09541093
1.41799996	0.85740650	0.10728347
1.41899996	0.72425568	0.15757258
1.41999996	0.42169046	0.21878076
1.42099996	-0.00442913	0.28177288
1.42199996	-0.41313976	0.33710629
1.42299996	-0.74547857	0.37650713
1.42399996	-0.87118602	0.37666091
1.42499996	-0.77251476	0.33787525
1.42599996	-0.49166462	0.27928150
1.42699996	-0.06794415	0.20903051
1.42799996	0.33984375	0.15074433
1.42899996	0.67089075	0.11318897
1.42999996	0.83649117	0.10734498
1.43099996	0.81111592	0.13398130
1.43199996	0.59359622	0.18654650
1.43299996	0.21831939	0.25744340
1.43399996	-0.20487820	0.31862080
1.43499996	-0.61466533	0.36103591
1.43599996	-0.84298104	0.37567666
1.43699996	-0.85811394	0.36054379
1.43799996	-0.66169417	0.31397638
1.43899996	-0.28032726	0.24311024
1.43999996	0.13671875	0.17575049
1.44099996	0.52829725	0.12121678
1.44199996	0.77786660	0.10100885
1.44299996	0.84624135	0.11860237
1.44399996	0.72207183	0.15944882
1.44499996	0.42615035	0.21758120
1.44599996	0.01790108	0.28158835
1.44699996	-0.44275960	0.34156618
1.44799996	-0.75596702	0.37376967
1.44899996	-0.87822956	0.37376967
1.44999996	-0.78088093	0.34171999
1.45099996	-0.47579354	0.28235728
1.45199996	-0.08200049	0.21512057
1.45299996	0.34288877	0.14969857
1.45399996	0.66547734	0.11174335
1.45499996	0.83615279	0.10691437
1.45599996	0.81071603	0.13327387
1.45699996	0.59467274	0.18719243
1.45799996	0.22757751	0.25132260
1.45899996	-0.23612820	0.31616017
1.45999996	-0.61048228	0.35992864
1.46099996	-0.84291953	0.37629184
1.46199996	-0.85399234	0.35885212
1.46299996	-0.64093256	0.31040847
1.46399996	-0.29060039	0.24612451
1.46499996	0.14640749	0.17525837
1.46599996	0.52479082	0.12561515
1.46699996	0.78746307	0.10442298
1.46799996	0.85756028	0.11611097
1.46899996	0.72502458	0.15911049
1.46999996	0.41953740	0.22047244
1.47099996	-0.01264149	0.29136935
1.47199996	-0.42442790	0.34378076
1.47299996	-0.75676674	0.36980191
1.47399996	-0.87939835	0.36687991
1.47499996	-0.77466780	0.33541462
1.47599996	-0.49089566	0.28005046
1.47699996	-0.06779035	0.20918430
1.47799996	0.33984375	0.15074433
1.47899996	0.67089075	0.11318897
1.47999996	0.83667570	0.10734498
1.48099996	0.81188482	0.13398130
1.48199996	0.59128934	0.18654650
1.48299996	0.20933808	0.25744340
1.48399996	-0.21401329	0.31862080
1.48499996	-0.61774117	0.36103591
1.48599996	-0.83990526	0.37567666
1.48699996	-0.84897882	0.36054379
1.48799996	-0.65268207	0.31397638
1.48899996	-0.27798966	0.24311024
1.48999996	0.13579601	0.17590427
1.49099996	0.52737451	0.12198573
1.49199996	0.78032726	0.09854823
1.49299996	0.85599160	0.10882135
1.49399996	0.72874629	0.15277436
1.49499996	0.41947588	0.22428642
1.49599996	0.00812008	0.29133859
1.49699996	-0.44525099	0.34402683
1.49799996	-0.75504428	0.37303150
1.49899996	-0.87730682	0.37361589
1.49999996	-0.78334153	0.34171999
1.50099996	-0.48551303	0.28235728
1.50199996	-0.08867495	0.21512057
1.50299996	0.34956324	0.14969857
1.50399996	0.67522758	0.11174335
1.50499996	0.83861345	0.10691437
1.50599996	0.80994707	0.13327387
1.50699996	0.59451896	0.18719243
1.50799996	0.22757751	0.25132260
1.50899996	-0.23612820	0.31616017
1.50999996	-0.61032850	0.35992864
1.51099996	-0.84215057	0.37629184
1.51199996	-0.85632998	0.35885212
1.51299996	-0.64988309	0.31040847
1.51399996	-0.29955092	0.24612451
1.51499996	0.14410064	0.17525837
1.51599996	0.52552903	0.12561515
1.51699996	0.78761685	0.10442298
1.51799996	0.85740650	0.11626476
1.51899996	0.72425568	0.15987943
1.51999996	0.42169046	0.21801181
1.52099996	-0.00442913	0.28161910
1.52199996	-0.41298598	0.33710629
1.52299996	-0.74470967	0.37650713
1.52399996	-0.87352359	0.37666091
1.52499996	-0.78149605	0.33787525
1.52599996	-0.50064594	0.27928150
1.52699996	-0.07025098	0.20903051
1.52799996	0.34076649	0.15074433
1.52899996	0.67181349	0.11318897
1.52999996	0.83418429	0.10734498
1.53099996	0.80210382	0.13398130
1.53199996	0.58473796	0.18654650
1.53299996	0.21678150	0.25744340
1.53399996	-0.20656988	0.31880537
1.53499996	-0.62429255	0.36180487
1.53599996	-0.84965551	0.37333909
1.53699996	-0.85143948	0.35153174
1.53799996	-0.65191317	0.30499509
1.53899996	-0.27783588	0.24080339
1.53999996	0.13594981	0.17651944
1.54099996	0.52814347	0.12137057
1.54199996	0.77786660	0.10100885
1.54299996	0.84624135	0.11860237
1.54399996	0.72207183	0.15944882
1.54499996	0.42615035	0.21758120
1.54599996	0.01790108	0.28174213
1.54699996	-0.44275960	0.34233513
1.54799996	-0.75596702	0.37161663
1.54899996	-0.87822956	0.36555734
1.54999996	-0.78088093	0.33040109
1.55099996	-0.47579354	0.27103838
1.55199996	-0.08200049	0.20687746
1.55299996	0.34288877	0.14751476
1.55399996	0.66547734	0.11251231
1.55499996	0.83615279	0.10706816
1.55599996	0.81071603	0.13327387
1.55699996	0.59467274	0.18719243
1.55799996	0.22757751	0.25132260
1.55899996	-0.23612820	0.31616017
1.55999996	-0.61032850	0.35992864
1.56099996	-0.84215057	0.37629184
1.56199996	-0.85617620	0.35885212
1.56299996	-0.64911419	0.31040847
1.56399996	-0.30173475	0.24612451
1.56499996	0.13588829	0.17525837
1.56599996	0.51424092	0.12561515
1.56699996	0.77632874	0.10442298
1.56799996	0.84919417	0.11611097
1.56899996	0.72210258	0.15911049
1.56999996	0.42261317	0.22047244
1.57099996	-0.00350640	0.29136935
1.57199996	-0.41544661	0.34378076
1.57299996	-0.75445992	0.36980191
1.57399996	-0.88016731	0.36687991
1.57499996	-0.77482158	0.33541462
1.57599996	-0.49089566	0.28005046
1.57699996	-0.06779035	0.20918430
1.57799996	0.33984375	0.15074433
1.57899996	0.67089075	0.11318897
1.57999996	0.83667570	0.10734498
1.58099996	0.81188482	0.13398130
1.58199996	0.59128934	0.18654650
1.58299996	0.20933808	0.25744340
1.58399996	-0.21401329	0.31880537
1.58499996	-0.61774117	0.36180487
1.58599996	-0.83990526	0.37333909
1.58699996	-0.84897882	0.35153174
1.58799996	-0.65268207	0.30499509
1.58899996	-0.27798966	0.24080339
1.58999996	0.13594981	0.17651944
1.59099996	0.52814347	0.12137057
1.59199996	0.77802044	0.10100885
1.59299996	0.84701031	0.11860237
1.59399996	0.71976501	0.15944882
1.59499996	0.41713828	0.21758120
1.59599996	0.00873524	0.28174213
1.59699996	-0.44586614	0.34233513
1.59799996	-0.75289124	0.37146285
1.59899995	-0.86909449	0.36478838
1.59999995	-0.77186882	0.33270791
1.60099995	-0.47345597	0.28001967
1.60199995	-0.08292323	0.21588951
1.60299995	0.34196603	0.14985237
1.60399995	0.66793799	0.11174335
1.60499995	0.84590304	0.10691437
1.60599995	0.81742126	0.13327387
1.60699995	0.58802903	0.18719243
1.60799995	0.21782726	0.25132260
1.60899995	-0.23858882	0.31616017
1.60999995	-0.60955954	0.35992864
1.61099995	-0.84199679	0.37629184
1.61199995	-0.85632998	0.35885212
1.61299995	-0.64988309	0.31040847
1.61399995	-0.29939714	0.24612451
1.61499995	0.14486958	0.17525837
1.61599995	0.52322221	0.12561515
1.61699995	0.77863556	0.10442298
1.61799995	0.84857899	0.11611097
1.61899995	0.72271776	0.15911049
1.61999995	0.42030635	0.22031865
1.62099995	-0.01248770	0.29060039
1.62199995	-0.42427412	0.34608760
1.62299995	-0.75599778	0.37881398
1.62399995	-0.88170522	0.37589198
1.62499995	-0.78364909	0.33772147
1.62599995	-0.50003076	0.27928150
1.62699995	-0.07086614	0.20903051
1.62799995	0.34307334	0.15074433
1.62899995	0.68082553	0.11318897
1.62999995	0.84319633	0.10734498
1.63099995	0.80444145	0.13398130
1.63199995	0.58381522	0.18654650
1.63299995	0.21585876	0.25744340
1.63399995	-0.20410925	0.31862080
1.63499995	-0.61451155	0.36103591
1.63599995	-0.84298104	0.37567666
1.63699995	-0.85811394	0.36054379
1.63799995	-0.66169417	0.31397638
1.63899995	-0.28032726	0.24311024
1.63999995	0.13671875	0.17590427
1.64099995	0.52829725	0.12198573
1.64199995	0.77786660	0.09870202
1.64299995	0.84624135	0.10959031
1.64399995	0.72207183	0.15043676
1.64499995	0.42615035	0.21527436
1.64599995	0.01774729	0.28251109
1.64699995	-0.44352853	0.34248891
1.64799995	-0.75366020	0.37146285
1.64899995	-0.86924827	0.36478838
1.64999995	-0.77202266	0.33270791
1.65099995	-0.47422490	0.28001967
1.65199995	-0.08046260	0.21588951
1.65299995	0.35171628	0.14985237
1.65399995	0.67445868	0.11189715
1.65499995	0.83845967	0.10768332
1.65599995	0.80994707	0.13096702
1.65699995	0.59451896	0.17821112
1.65799995	0.22757751	0.24234129
1.65899995	-0.23612820	0.31382260
1.65999995	-0.61032850	0.36069760
1.66099995	-0.84215057	0.37644562
1.66199995	-0.85632998	0.35885212
1.66299995	-0.64988309	0.31040847
1.66399995	-0.29939714	0.24612451
1.66499995	0.14486958	0.17525837
1.66599995	0.52322221	0.12561515
1.66699995	0.77863556	0.10442298
1.66799995	0.84857899	0.11626476
1.66899995	0.72271776	0.15987943
1.66999995	0.42015254	0.21816561
1.67099995	-0.01322589	0.28238803
1.67199995	-0.42212105	0.33479947
1.67299995	-0.74778545	0.36749509
1.67399995	-0.87026328	0.36764887
1.67499995	-0.77159202	0.33556840
1.67599995	-0.49412525	0.28020424
1.67699995	-0.07769439	0.20992249
1.67799995	0.33316928	0.14840674
1.67899995	0.67756522	0.10420768
1.67999995	0.84627217	0.09833292
1.68099995	0.81357652	0.13167445
1.68199995	0.59282726	0.18716167
1.68299995	0.21816561	0.25682825
1.68399995	-0.20503199	0.32111222
1.68499995	-0.61543429	0.37078616
1.68599995	-0.84067422	0.38235113
1.68699995	-0.84913260	0.35386935
1.68799995	-0.65268207	0.30422613
1.68899995	-0.27798966	0.24064961
1.68999995	0.13579601	0.17651944
1.69099995	0.52737451	0.12137057
1.69199995	0.78032726	0.10100885
1.69299995	0.85599160	0.11860237
1.69399995	0.72874629	0.15944882
1.69499995	0.41947588	0.21758120
1.69599995	0.00796629	0.28158835
1.69699995	-0.44601992	0.34156618
1.69799995	-0.75289124	0.37395424
1.69899995	-0.86909449	0.37453863
1.69999995	-0.77186882	0.33938238
1.70099995	-0.47345597	0.27334523
1.70199995	-0.08292323	0.20610851
1.70299995	0.34196603	0.14736098
1.70399995	0.66793799	0.11251231
1.70499995	0.84590304	0.10706816
1.70599995	0.81742126	0.13327387
1.70699995	0.58802903	0.18719243
1.70799995	0.21767348	0.25132260
1.70899995	-0.23935777	0.31616017
1.70999995	-0.60725272	0.35992864
1.71099995	-0.83298475	0.37629184
1.71199995	-0.84731793	0.35885212
1.71299995	-0.64757627	0.31040847
1.71399995	-0.30016610	0.24612451
1.71499995	0.14471580	0.17525837
1.71599995	0.52322221	0.12561515
1.71699995	0.77863556	0.10442298
1.71799995	0.84857899	0.11611097
1.71899995	0.72271776	0.15911049
1.71999995	0.42015254	0.22031865
1.72099995	-0.01322589	0.29060039
1.72199995	-0.42212105	0.34608760
1.72299995	-0.74778545	0.37881398
1.72399995	-0.87041706	0.37589198
1.72499995	-0.77236098	0.33772147
1.72599995	-0.49181840	0.27928150
1.72699995	-0.06871309	0.20903051
1.72799995	0.34230438	0.15074433
1.72899995	0.68067175	0.11318897
1.72999995	0.84319633	0.10734498
1.73099995	0.80444145	0.13398130
1.73199995	0.58381522	0.18654650
1.73299995	0.21585876	0.25744340
1.73399995	-0.20410925	0.31862080
1.73499995	-0.61451155	0.36103591
1.73599995	-0.84298104	0.37567666
1.73699995	-0.85811394	0.36054379
1.73799995	-0.66169417	0.31382260
1.73899995	-0.28032726	0.24234129
1.73999995	0.13671875	0.17821112
1.74099995	0.52829725	0.13096702
1.74199995	0.77786660	0.10768332
1.74299995	0.84624135	0.11189715
1.74399995	0.72207183	0.14969857
1.74499995	0.42615035	0.21512057
1.74599995	0.01790108	0.28235728
1.74699995	-0.44275960	0.34171999
1.74799995	-0.75596702	0.37395424
1.74899995	-0.87822956	0.37453863
1.74999995	-0.78088093	0.33938238
1.75099995	-0.47579354	0.27334523
1.75199995	-0.08200049	0.20610851
1.75299995	0.34288877	0.14736098
1.75399995	0.66547734	0.11251231
1.75499995	0.83615279	0.10706816
1.75599995	0.81071603	0.13327387
1.75699995	0.59467274	0.18719243
1.75799995	0.22757751	0.25132260
1.75899995	-0.23612820	0.31616017
1.75999995	-0.61032850	0.35992864
1.76099995	-0.84215057	0.37629184
1.76199995	-0.85632998	0.35885212
1.76299995	-0.64988309	0.31040847
1.76399995	-0.29955092	0.24612451
1.76499995	0.14410064	0.17525837
1.76599995	0.52552903	0.12561515
1.76699995	0.78761685	0.10442298
1.76799995	0.85756028	0.11611097
1.76899995	0.72502458	0.15911049
1.76999995	0.41938362	0.22047244
1.77099995	-0.01337968	0.29136935
1.77199995	-0.42212105	0.34378076
1.77299995	-0.74778545	0.36980191
1.77399995	-0.87041706	0.36687991
1.77499995	-0.77236098	0.33541462
1.77599995	-0.49166462	0.28005046
1.77699995	-0.06794415	0.20918430
1.77799995	0.33984375	0.15074433
1.77899995	0.67089075	0.11318897
1.77999995	0.83649117	0.10734498
1.78099995	0.81111592	0.13398130
1.78199995	0.59359622	0.18654650
1.78299995	0.21831939	0.25744340
1.78399995	-0.20487820	0.31862080
1.78499995	-0.61466533	0.36103591
1.78599995	-0.84298104	0.37567666
1.78699995	-0.85811394	0.36054379
1.78799995	-0.66169417	0.31397638
1.78899995	-0.28032726	0.24311024
1.78999995	0.13671875	0.17575049
1.79099995	0.52829725	0.12121678
1.79199995	0.77802044	0.10100885
1.79299995	0.84701031	0.11860237
1.79399995	0.71976501	0.15944882
1.79499995	0.41713828	0.21758120
1.79599995	0.00888903	0.28158835
1.79699995	-0.44509721	0.34156618
1.79799995	-0.75519806	0.37376967
1.79899995	-0.87807578	0.37376967
1.79999995	-0.78088093	0.34171999
1.80099995	-0.47579354	0.28235728
1.80199995	-0.08200049	0.21512057
1.80299995	0.34288877	0.14969857
1.80399995	0.66547734	0.11174335
1.80499995	0.83615279	0.10691437
1.80599995	0.81071603	0.13327387
1.80699995	0.59467274	0.18719243
1.80799995	0.22742371	0.25132260
1.80899995	-0.23689714	0.31616017
1.80999995	-0.60802168	0.35992864
1.81099995	-0.83313853	0.37629184
1.81199995	-0.84731793	0.35885212
1.81299995	-0.64757627	0.31040847
1.81399995	-0.30031988	0.24612451
1.81499995	0.14394686	0.17525837
1.81599995	0.52552903	0.12561515
1.81699995	0.78761685	0.10442298
1.81799995	0.85740650	0.11626476
1.81899995	0.72425568	0.15987943
1.81999995	0.42184424	0.21816561
1.82099995	-0.00366019	0.28238803
1.82199995	-0.41544661	0.33479947
1.82299995	-0.75445992	0.36749509
1.82399995	-0.88016731	0.36764887
1.82499995	-0.77482158	0.33556840
1.82599995	-0.49104947	0.28005046
1.82699995	-0.06855930	0.20918430
1.82799995	0.34230438	0.15074433
1.82899995	0.68067175	0.11318897
1.82999995	0.84319633	0.10749877
1.83099995	0.80444145	0.13475025
1.83199995	0.58396900	0.18423967
1.83299995	0.21662770	0.24843135
1.83399995	-0.20656988	0.30979329
1.83499995	-0.62429255	0.35946727
1.83599995	-0.84965551	0.37410802
1.83699995	-0.85143948	0.35171628
1.83799995	-0.65191317	0.30499509
1.83899995	-0.27783588	0.24080339
1.83999995	0.13594981	0.17667323
1.84099995	0.52814347	0.12213952
1.84199995	0.77786660	0.09870202
1.84299995	0.84624135	0.10959031
1.84399995	0.72207183	0.15043676
1.84499995	0.42615035	0.21527436
1.84599995	0.01790108	0.28235728
1.84699995	-0.44275960	0.34171999
1.84799995	-0.75596702	0.37395424
1.84899995	-0.87822956	0.37453863
1.84999995	-0.78088093	0.33938238
1.85099995	-0.47579354	0.27334523
1.85199995	-0.08200049	0.20610851
1.85299995	0.34288877	0.14736098
1.85399995	0.66547734	0.11251231
1.85499995	0.83615279	0.10706816
1.85599995	0.81071603	0.13327387
1.85699995	0.59467274	0.18719243
1.85799995	0.22757751	0.25132260
1.85899995	-0.23612820	0.31616017
1.85999995	-0.61032850	0.35992864
1.86099995	-0.84215057	0.37629184
1.86199995	-0.85632998	0.35885212
1.86299995	-0.64988309	0.31040847
1.86399995	-0.29939714	0.24612451
1.86499995	0.14486958	0.17525837
1.86599995	0.52322221	0.12561515
1.86699995	0.77863556	0.10442298
1.86799995	0.84857899	0.11626476
1.86899995	0.72271776	0.15987943
1.86999995	0.42030635	0.21801181
1.87099995	-0.01248770	0.28161910
1.87199995	-0.42442790	0.33726010
1.87299995	-0.75676674	0.37727609
1.87399995	-0.87939835	0.37432334
1.87499995	-0.77466780	0.32889396
1.87599995	-0.49089566	0.27030021
1.87699995	-0.06779035	0.20669292
1.87799995	0.33999753	0.15151329
1.87899995	0.67165971	0.11334276
1.87999995	0.83418429	0.10749877
1.88099995	0.80210382	0.13475025
1.88199995	0.58458418	0.18423967
1.88299995	0.21601255	0.24843135
1.88399995	-0.20410925	0.30979329
1.88499995	-0.61451155	0.35946727
1.88599995	-0.84298104	0.37410802
1.88699995	-0.85811394	0.35171628
1.88799995	-0.66169417	0.30499509
1.88899995	-0.28032726	0.24080339
1.88999995	0.13671875	0.17651944
1.89099995	0.52829725	0.12137057
1.89199995	0.77802044	0.10085507
1.89299995	0.84701031	0.11783341
1.89399995	0.71976501	0.16175567
1.89499995	0.41713828	0.22659326
1.89599995	0.00888903	0.29056963
1.89699995	-0.44509721	0.34387302
1.89799995	-0.75519806	0.37318528
1.89899995	-0.87807578	0.37438485
1.89999995	-0.78088093	0.33938238
1.90099995	-0.47579354	0.27334523
1.90199995	-0.08200049	0.20610851
1.90299995	0.34288877	0.14736098
1.90399995	0.66563118	0.11251231
1.90499995	0.83689100	0.10706816
1.90599995	0.80840921	0.13327387
1.90699995	0.58572221	0.18719243
1.90799995	0.21844243	0.25132260
1.90899995	-0.23920399	0.31616017
1.90999995	-0.60725272	0.35992864
1.91099995	-0.83298475	0.37629184
1.91199995	-0.84731793	0.35885212
1.91299995	-0.64757627	0.31040847
1.91399995	-0.30031988	0.24612451
1.91499995	0.14394686	0.17525837
1.91599995	0.52552903	0.12561515
1.91699995	0.78761685	0.10442298
1.91799995	0.85756028	0.11611097
1.91899995	0.72502458	0.15911049
1.91999995	0.41938362	0.22047244
1.92099995	-0.01337968	0.29136935
1.92199995	-0.42212105	0.34378076
1.92299995	-0.74778545	0.36980191
1.92399995	-0.87041706	0.36687991
1.92499995	-0.77236098	0.33541462
1.92599995	-0.49181840	0.28005046
1.92699995	-0.06871309	0.20918430
1.92799995	0.34230438	0.15074433
1.92899995	0.68067175	0.11318897
1.92999995	0.84319633	0.10734498
1.93099995	0.80444145	0.13398130
1.93199995	0.58381522	0.18654650
1.93299995	0.21585876	0.25744340
1.93399995	-0.20410925	0.31880537
1.93499995	-0.61451155	0.36180487
1.93599995	-0.84298104	0.37333909
1.93699995	-0.85811394	0.35153174
1.93799995	-0.66169417	0.30484128
1.93899995	-0.28032726	0.24003445
1.93999995	0.13671875	0.17898007
1.94099995	0.52829725	0.13112082
1.94199995	0.77786660	0.10768332
1.94299995	0.84624135	0.11189715
1.94399995	0.72207183	0.14969857
1.94499995	0.42615035	0.21512057
1.94599995	0.01790108	0.28235728
1.94699995	-0.44275960	0.34171999
1.94799995	-0.75596702	0.37376967
1.94899995	-0.87822956	0.37376967
1.94999995	-0.78088093	0.34171999
1.95099995	-0.47579354	0.28235728
1.95199995	-0.08200049	0.21512057
1.95299994	0.34288877	0.14969857
1.95399994	0.66547734	0.11174335
1.95499994	0.83615279	0.10691437
1.95599994	0.81071603	0.13327387
1.95699994	0.59467274	0.18719243
1.95799994	0.22757751	0.25132260
1.95899994	-0.23612820	0.31616017
1.95999994	-0.61032850	0.35992864
1.96099994	-0.84215057	0.37629184
1.96199994	-0.85632998	0.35885212
1.96299994	-0.64988309	0.31040847
1.96399994	-0.29939714	0.24612451
1.96499994	0.14486958	0.17525837
1.96599994	0.52322221	0.12561515
1.96699994	0.77863556	0.10442298
1.96799994	0.84857899	0.11611097
1.96899994	0.72271776	0.15911049
1.96999994	0.42030635	0.22031865
1.97099994	-0.01248770	0.29060039
1.97199994	-0.42442790	0.34608760
1.97299994	-0.75676674	0.37881398
1.97399994	-0.87939835	0.37589198
1.97499994	-0.77466780	0.33772147
1.97599994	-0.49089566	0.27946603
1.97699994	-0.06779035	0.20976870
1.97799994	0.33984375	0.14840674
1.97899994	0.67089075	0.10420768
1.97999994	0.83649117	0.09848671
1.98099994	0.81111592	0.13244340
1.98199994	0.59359622	0.18500862
1.98299994	0.21831939	0.24858513
1.98399994	-0.20503199	0.30979329
1.98499994	-0.61543429	0.35946727
1.98599994	-0.84067422	0.37410802
1.98699994	-0.84913260	0.35171628
1.98799994	-0.65268207	0.30499509
1.98899994	-0.27798966	0.24080339
1.98999994	0.13579601	0.17651944
1.99099994	0.52737451	0.12137057
1.99199994	0.78032726	0.10085507
1.99299994	0.85599160	0.11783341
1.99399994	0.72874629	0.16175567
1.99499994	0.41947588	0.22659326
1.99599994	0.00796629	0.29056963
1.99699994	-0.44601992	0.34387302
1.99799994	-0.75289124	0.37303150
1.99899994	-0.86909449	0.37361589
1.99999994	-0.77202266	0.34171999
2.00099994	-0.47422490	0.28235728
2.00199994	-0.08046260	0.21512057
2.00299994	0.35171628	0.14969857
