Time	Channel A	Channel B
(us)	(V)	(V)

-0.00400000	0.46182948	0.11020546
-0.00300000	0.75052285	0.15741880
-0.00200000	0.85528421	0.22093381
-0.00100000	0.76027310	0.28998524
0.00000000	0.48403665	0.34777927
0.00100000	0.06883612	0.38475025
0.00200000	-0.34848672	0.39339322
0.00300000	-0.70746183	0.37220103
0.00400000	-0.87140131	0.32594118
0.00500000	-0.81751353	0.26233390
0.00600000	-0.56299210	0.19586614
0.00700000	-0.14351624	0.13773376
0.00800000	0.27642101	0.10027067
0.00900000	0.63533467	0.08999754
0.01000000	0.82960135	0.10740650
0.01100000	0.82837105	0.14979085
0.01200000	0.63997906	0.20730807
0.01300000	0.29438362	0.26968503
0.01400000	-0.12555364	0.33043185
0.01500000	-0.55837846	0.37949064
0.01600000	-0.81905144	0.39677659
0.01700000	-0.87170893	0.37918308
0.01800000	-0.70715427	0.34156618
0.01900000	-0.34697959	0.29010826
0.02000000	0.06422244	0.22690083
0.02100000	0.46607405	0.16329356
0.02200000	0.74181843	0.11395792
0.02300000	0.84833294	0.08670644
0.02400000	0.75916582	0.09255044
0.02500000	0.48984990	0.13075173
0.02600000	0.09331939	0.18577756
0.02700000	-0.37220103	0.24873893
0.02800000	-0.70866144	0.30917814
0.02900000	-0.86903298	0.35642225
0.03000000	-0.80973178	0.38232037
0.03100000	-0.53730929	0.38232037
0.03200000	-0.15818775	0.35657603
0.03300000	0.27214566	0.30994710
0.03400000	0.61829478	0.24643208
0.03500000	0.82772517	0.17676550
0.03600000	0.83713704	0.12173966
0.03700000	0.64646900	0.09024360
0.03800000	0.29678273	0.08747540
0.03900000	-0.16024852	0.11411171
0.04000000	-0.54875124	0.16313976
0.04100000	-0.81326896	0.22613189
0.04200000	-0.86549580	0.29256889
0.04300000	-0.69721949	0.35131642
0.04400000	-0.37017101	0.38585752
0.04500000	0.06868234	0.39007136
0.04600000	0.46182948	0.36989418
0.04700000	0.75052285	0.32874015
0.04800000	0.85528421	0.26814714
0.04900000	0.76027310	0.19844981
0.05000000	0.48403665	0.14080955
0.05100000	0.06883612	0.10509966
0.05200000	-0.34864050	0.09076649
0.05300000	-0.70823079	0.10042446
0.05400000	-0.86906374	0.13773376
0.05500000	-0.80853224	0.19586614
0.05600000	-0.55388778	0.26233390
0.05700000	-0.14044045	0.32594118
0.05800000	0.27334523	0.37220103
0.05900000	0.62619954	0.39339322
0.06000000	0.82077384	0.38475025
0.06100000	0.82683319	0.34777927
0.06200000	0.63856423	0.28998524
0.06300000	0.28635579	0.22093381
0.06400000	-0.13699557	0.15741880
0.06500000	-0.57043552	0.11020546
0.06600000	-0.82480317	0.08722933
0.06700000	-0.86411172	0.09267347
0.06800000	-0.69971085	0.12444635
0.06900000	-0.35350025	0.17713459
0.07000000	0.05444144	0.24049582
0.07100000	0.46361342	0.30345717
0.07200000	0.74274117	0.35540724
0.07300000	0.84925568	0.38751847
0.07400000	0.75682825	0.39059424
0.07500000	0.48086861	0.36457309
0.07600000	0.08433809	0.31246924
0.07700000	-0.37450787	0.24280265
0.07800000	-0.70773870	0.17636564
0.07900000	-0.86811024	0.12429257
0.08000000	-0.81203860	0.09267347
0.08100000	-0.54632133	0.08722933
0.08200000	-0.16716905	0.11035925
0.08300000	0.26983884	0.15818775
0.08400000	0.61906374	0.21862696
0.08500000	0.82787895	0.28100392
0.08600000	0.83713704	0.33867496
0.08700000	0.64646900	0.38167447
0.08800000	0.29678273	0.39631522
0.08900000	-0.16024852	0.38056716
0.09000000	-0.54875124	0.33710629
0.09100000	-0.81326896	0.27288386
0.09200000	-0.86564958	0.20656988
0.09300000	-0.69798845	0.14966781
0.09400000	-0.36786416	0.10632997
0.09500000	0.07766363	0.08393824
0.09600000	0.47081077	0.09547244
0.09700000	0.75282973	0.13908711
0.09800000	0.85451525	0.19691192
0.09900000	0.76008856	0.25928888
0.10000000	0.48403665	0.31972811
0.10100000	0.06883612	0.36755660
0.10200000	-0.34864050	0.39068651
0.10300000	-0.70823079	0.38524237
0.10400000	-0.86906374	0.35346949
0.10500000	-0.80853224	0.30078125
0.10600000	-0.55404156	0.23742002
0.10700000	-0.14120939	0.17445867
0.10800000	0.27565208	0.12250862
0.10900000	0.63518083	0.09039739
0.11000000	0.82960135	0.08747540
0.11100000	0.82837105	0.11411171
0.11200000	0.63997906	0.16313976
0.11300000	0.29438362	0.22613189
0.11400000	-0.12555364	0.29256889
0.11500000	-0.55837846	0.35131642
0.11600000	-0.81905144	0.38601133
0.11700000	-0.87170893	0.39084029
0.11800000	-0.70715427	0.36771038
0.11900000	-0.34697959	0.32049704
0.12000000	0.06422244	0.25682825
0.12100000	0.46607405	0.18716167
0.12200000	0.74181843	0.13244340
0.12300000	0.84833294	0.10217766
0.12400000	0.75916582	0.09353469
0.12500000	0.48984990	0.10805241
0.12600000	0.09331939	0.15120570
0.12700000	-0.37220103	0.21542814
0.12800000	-0.70866144	0.28189591
0.12900000	-0.86903298	0.33941314
0.13000000	-0.80988556	0.37964442
0.13100000	-0.53807825	0.39539248
0.13200000	-0.15572712	0.38398129
0.13300000	0.28189591	0.34762549
0.13400000	0.62496924	0.28998524
0.13500000	0.82105070	0.22093381
0.13600000	0.82735604	0.15726501
0.13700000	0.64400834	0.10943651
0.13800000	0.29770547	0.08953617
0.13900000	-0.15932579	0.10165478
0.14000000	-0.55108881	0.13324311
0.14100000	-0.82228100	0.17867249
0.14200000	-0.87450784	0.24203371
0.14300000	-0.69955707	0.31231546
0.14400000	-0.36940205	0.36457309
0.14500000	0.06883612	0.39059424
0.14600000	0.46182948	0.38751847
0.14700000	0.75052285	0.35540724
0.14800000	0.85528421	0.30345717
0.14900000	0.76027310	0.24049582
0.15000000	0.48419046	0.17713459
0.15100000	0.06960507	0.12444635
0.15200000	-0.35097811	0.09267347
0.15300000	-0.71721208	0.08722933
0.15400000	-0.87804502	0.11020546
0.15500000	-0.81083906	0.15741880
0.15600000	-0.55311882	0.22093381
0.15700000	-0.14028667	0.28998524
0.15800000	0.27334523	0.34777927
0.15900000	0.62619954	0.38475025
0.16000000	0.82077384	0.39339322
0.16100000	0.82683319	0.37220103
0.16200000	0.63856423	0.32594118
0.16300000	0.28635579	0.26233390
0.16400000	-0.13699557	0.19586614
0.16500000	-0.57043552	0.13773376
0.16600000	-0.82495695	0.10027067
0.16700000	-0.86488068	0.08999754
0.16800000	-0.69740403	0.10740650
0.16900000	-0.34448817	0.14979085
0.17000000	0.06345350	0.20730807
0.17100000	0.46592027	0.26968503
0.17200000	0.74197221	0.33043185
0.17300000	0.84910184	0.37949064
0.17400000	0.75682825	0.39693037
0.17500000	0.48086861	0.37995201
0.17600000	0.08433809	0.33941314
0.17700000	-0.37450787	0.28189591
0.17800000	-0.70789248	0.21558194
0.17900000	-0.86887920	0.15197465
0.18000000	-0.80973178	0.10571481
0.18100000	-0.53730929	0.08452263
0.18200000	-0.15818775	0.09331939
0.18300000	0.27214566	0.13090551
0.18400000	0.61829478	0.18562376
0.18499999	0.82772517	0.24796999
0.18599999	0.83713704	0.31148499
0.18699999	0.64646900	0.36540353
0.18799999	0.29678273	0.39145547
0.18899999	-0.16024852	0.38539615
0.18999999	-0.54875124	0.35346949
0.19099999	-0.81326896	0.30078125
0.19199999	-0.86549580	0.23742002
0.19299999	-0.69721949	0.17445867
0.19399999	-0.37017101	0.12250862
0.19499999	0.06868234	0.09039739
0.19599999	0.46182948	0.08747540
0.19699999	0.75052285	0.11411171
0.19799999	0.85528421	0.16313976
0.19899999	0.76027310	0.22613189
0.19999999	0.48403665	0.29256889
0.20099999	0.06883612	0.35131642
0.20199999	-0.34864050	0.38585752
0.20299999	-0.70823079	0.39007136
0.20399999	-0.86906374	0.36989418
0.20499999	-0.80853224	0.32874015
0.20599999	-0.55388778	0.26830092
0.20699999	-0.14044045	0.19921875
0.20799999	0.27334523	0.13831817
0.20899999	0.62619954	0.09531865
0.20999999	0.82062006	0.08409203
0.21099999	0.82606423	0.10709891
0.21199999	0.64074802	0.14748400
0.21299999	0.29453740	0.19835752
0.21399999	-0.12555364	0.26171875
0.21499999	-0.55837846	0.32655635
0.21599999	-0.81905144	0.36986342
0.21699999	-0.87170893	0.38438115
0.21799999	-0.70715427	0.37573817
0.21899999	-0.34697959	0.34547243
0.21999999	0.06422244	0.29075417
0.22099999	0.46607405	0.22108760
0.22199999	0.74181843	0.15741880
0.22299999	0.84833294	0.11020546
0.22399999	0.75916582	0.08722933
0.22499999	0.48984990	0.09267347
0.22599999	0.09331939	0.12444635
0.22699999	-0.37220103	0.17713459
0.22799999	-0.70866144	0.24049582
0.22899999	-0.86903298	0.30345717
0.22999999	-0.80988556	0.35540724
0.23099999	-0.53807825	0.38751847
0.23199999	-0.15572712	0.39044046
0.23299999	0.28189591	0.36380413
0.23399999	0.62496924	0.31477609
0.23499999	0.82105070	0.25178397
0.23599999	0.82735604	0.18534695
0.23699999	0.64400834	0.12659942
0.23799999	0.29752091	0.09190453
0.23899999	-0.16009474	0.08707554
0.23999999	-0.54875124	0.11035925
0.24099999	-0.81326896	0.15818775
0.24199999	-0.86549580	0.21862696
0.24299999	-0.69721949	0.28100392
0.24399999	-0.37017101	0.33882874
0.24499999	0.06868234	0.38244340
0.24599999	0.46182948	0.39397761
0.24699999	0.75052285	0.37158588
0.24799999	0.85528421	0.32809424
0.24899999	0.76027310	0.27057701
0.24999999	0.48403665	0.20718504
0.25099999	0.06883612	0.14905265
0.25199999	-0.34864050	0.10866757
0.25299999	-0.70823079	0.09291954
0.25399999	-0.86906374	0.10448450
0.25499999	-0.80853224	0.14142470
0.25599999	-0.55388778	0.19614296
0.25699999	-0.14044045	0.25913510
0.25799999	0.27334523	0.31972811
0.25899999	0.62619954	0.36755660
0.25999999	0.82077384	0.39068651
0.26099999	0.82683319	0.38524237
0.26199999	0.63841045	0.35346949
0.26299999	0.28558686	0.30078125
0.26399999	-0.13468874	0.23742002
0.26499999	-0.56145424	0.17445867
0.26599999	-0.81579107	0.12250862
0.26699999	-0.86177409	0.09039739
0.26799999	-0.70047981	0.08732160
0.26899999	-0.35365403	0.11334276
0.26999999	0.05444144	0.16544661
0.27099999	0.46361342	0.23511319
0.27199999	0.74274117	0.30155021
0.27299999	0.84925568	0.35362327
0.27399999	0.75682825	0.38524237
0.27499999	0.48086861	0.39068651
0.27599999	0.08433809	0.36771038
0.27699999	-0.37450787	0.32049704
0.27799999	-0.70789248	0.25698203
0.27899999	-0.86887920	0.18793061
0.27999999	-0.80988556	0.13013656
0.28099999	-0.53807825	0.09316560
0.28199999	-0.15588090	0.08452263
0.28299999	0.28112698	0.10571481
0.28399999	0.62727606	0.15197465
0.28499999	0.83003199	0.21558194
0.28599999	0.83636808	0.28204972
0.28699999	0.64631522	0.34018210
0.28799999	0.29678273	0.37749138
0.28899999	-0.16024852	0.38714936
0.28999999	-0.54875124	0.37281618
0.29099999	-0.81326896	0.33710629
0.29199999	-0.86549580	0.27946603
0.29299999	-0.69721949	0.20976870
0.29399999	-0.37017101	0.14917569
0.29499999	0.06868234	0.10802165
0.29599999	0.46182948	0.08784449
0.29699999	0.75052285	0.09205832
0.29799999	0.85528421	0.12659942
0.29899999	0.76027310	0.18534695
0.29999999	0.48403665	0.25178397
0.30099999	0.06883612	0.31477609
0.30199999	-0.34864050	0.36380413
0.30299999	-0.70823079	0.39044046
0.30399999	-0.86906374	0.38767225
0.30499999	-0.80853224	0.35617617
0.30599999	-0.55404156	0.30115035
0.30699999	-0.14120939	0.23148376
0.30799999	0.27565208	0.16796875
0.30899999	0.63518083	0.12133981
0.30999999	0.82975519	0.09559547
0.31099999	0.82914001	0.09559547
0.31199999	0.63767225	0.12133981
0.31299999	0.28543308	0.16796875
0.31399999	-0.13453494	0.23148376
0.31499999	-0.56068528	0.30115035
0.31599999	-0.81828249	0.35617617
0.31699999	-0.87155509	0.38767225
0.31799999	-0.70715427	0.39028665
0.31899999	-0.34697959	0.36303517
0.31999999	0.06422244	0.31692913
0.32099999	0.46607405	0.26002708
0.32199999	0.74197221	0.19663508
0.32299999	0.84910184	0.13788755
0.32399999	0.75698203	0.10027067
0.32499999	0.48163754	0.08999754
0.32599999	0.08200049	0.10725271
0.32699999	-0.38351992	0.14902189
0.32799999	-0.71687376	0.20976870
0.32899999	-0.87121677	0.27946603
0.32999999	-0.80911660	0.33710629
0.33099999	-0.53792447	0.37281618
0.33199999	-0.15572712	0.38714936
0.33299999	0.28189591	0.37749138
0.33399999	0.62496924	0.34018210
0.33499999	0.82105070	0.28204972
0.33599999	0.82735604	0.21558194
0.33699999	0.64400834	0.15197465
0.33799999	0.29752091	0.10556103
0.33899999	-0.16009474	0.08378445
0.33999999	-0.54875124	0.09547244
0.34099999	-0.81326896	0.13908711
0.34199999	-0.86549580	0.19691192
0.34299999	-0.69721949	0.25928888
0.34399999	-0.37017101	0.31972811
0.34499999	0.06868234	0.36755660
0.34599999	0.46182948	0.39068651
0.34699999	0.75052285	0.38524237
0.34799999	0.85528421	0.35346949
0.34899999	0.76027310	0.30078125
0.34999999	0.48419046	0.23742002
0.35099999	0.06960507	0.17445867
0.35199999	-0.35097811	0.12235482
0.35299999	-0.71721208	0.08962844
0.35399999	-0.87804502	0.08962844
0.35499999	-0.81083906	0.12235482
0.35599999	-0.55327266	0.17445867
0.35699999	-0.14105561	0.23742002
0.35799999	0.27565208	0.30078125
0.35899999	0.63518083	0.35346949
0.35999999	0.82975519	0.38524237
0.36099999	0.82914001	0.39068651
0.36199999	0.63767225	0.36755660
0.36299999	0.28543308	0.31972811
0.36399999	-0.13453494	0.25928888
0.36499999	-0.56068528	0.19691192
0.36599999	-0.81812871	0.13908711
0.36699999	-0.87078619	0.09547244
0.36799999	-0.70964569	0.08378445
0.36899999	-0.35672984	0.10556103
0.36999999	0.05754798	0.15197465
0.37099999	0.47274852	0.21558194
0.37199999	0.75175321	0.28189591
0.37299999	0.85159326	0.33941314
0.37399999	0.75605929	0.37979823
0.37499999	0.48071480	0.39616141
0.37599999	0.08433809	0.38182825
0.37699999	-0.37450787	0.33944389
0.37799999	-0.70789248	0.27869710
0.37899999	-0.86887920	0.20961492
0.37999999	-0.80988556	0.14917569
0.38099999	-0.53807825	0.10802165
0.38199999	-0.15588090	0.08784449
0.38299999	0.28112698	0.09205832
0.38399999	0.62727606	0.12644562
0.38499999	0.83003199	0.18457800
0.38599999	0.83636808	0.25409079
0.38699999	0.64631522	0.32375738
0.38799999	0.29678273	0.37278542
0.38899999	-0.16024852	0.39277804
0.38999999	-0.54875124	0.38690329
0.39099999	-0.81326896	0.35602239
0.39199999	-0.86549580	0.30115035
0.39299999	-0.69721949	0.23148376
0.39399999	-0.37017101	0.16796875
0.39499999	0.06868234	0.12133981
0.39599999	0.46182948	0.09559547
0.39699999	0.75052285	0.09559547
0.39799999	0.85528421	0.12133981
0.39899999	0.76027310	0.16796875
0.39999999	0.48403665	0.23148376
0.40099999	0.06883612	0.30115035
0.40199999	-0.34864050	0.35602239
0.40299999	-0.70823079	0.38690329
0.40399999	-0.86906374	0.39262426
0.40499999	-0.80853224	0.37201649
0.40599999	-0.55388778	0.32594118
0.40699999	-0.14044045	0.26233390
0.40799999	0.27334523	0.19586614
0.40899999	0.62619954	0.13773376
0.40999999	0.82062006	0.10027067
0.41099999	0.82606423	0.08999754
0.41199999	0.64074802	0.10725271
0.41299999	0.29453740	0.14902189
0.41399999	-0.12570743	0.20976870
0.41499999	-0.55914742	0.27946603
0.41599999	-0.81671381	0.33710629
0.41699999	-0.86269683	0.37281618
0.41799999	-0.69832677	0.38714936
0.41899999	-0.34541091	0.37749138
0.41999999	0.06576034	0.34018210
0.42099999	0.47490159	0.28204972
0.42199999	0.75083047	0.21558194
0.42299999	0.85067052	0.15197465
0.42399999	0.75855070	0.10571481
0.42499999	0.49046504	0.08452263
0.42599999	0.09116634	0.09331939
0.42699999	-0.38041338	0.13090551
0.42799999	-0.71998030	0.18562376
0.42899999	-0.88035184	0.24796999
0.42999999	-0.81794417	0.31148499
0.43099999	-0.53949308	0.36540353
0.43199999	-0.15726501	0.39145547
0.43299999	0.27306840	0.38539615
0.43399999	0.61598796	0.35346949
0.43499999	0.81874382	0.30078125
0.43599999	0.82812500	0.23742002
0.43699999	0.64416218	0.17445867
0.43799999	0.29770547	0.12250862
0.43899999	-0.15932579	0.09039739
0.43999999	-0.55108881	0.08732160
0.44099999	-0.82228100	0.11334276
0.44199999	-0.87450784	0.16544661
0.44299999	-0.69955707	0.23511319
0.44399999	-0.36940205	0.30155021
0.44499999	0.06883612	0.35362327
0.44599999	0.46182948	0.38524237
0.44699999	0.75052285	0.39068651
0.44799999	0.85528421	0.36755660
0.44899999	0.76027310	0.31972811
0.44999999	0.48403665	0.25928888
0.45099999	0.06883612	0.19691192
0.45199999	-0.34864050	0.13908711
0.45299999	-0.70823079	0.09547244
0.45399999	-0.86906374	0.08393824
0.45499999	-0.80853224	0.10632997
0.45599999	-0.55388778	0.14966781
0.45699999	-0.14044045	0.20656988
0.45799999	0.27334523	0.27288386
0.45899999	0.62619954	0.33710629
0.45999999	0.82077384	0.38056716
0.46099999	0.82683319	0.39631522
0.46199999	0.63841045	0.38182825
0.46299999	0.28558686	0.33944389
0.46399999	-0.13468874	0.27869710
0.46499999	-0.56145424	0.20961492
0.46599999	-0.81579107	0.14902189
0.46699999	-0.86177409	0.10725271
0.46799999	-0.70047981	0.08999754
0.46899999	-0.35365403	0.10027067
0.46999999	0.05444144	0.13773376
0.47099999	0.46361342	0.19586614
0.47199999	0.74274117	0.26233390
0.47299999	0.84925568	0.32594118
0.47399999	0.75698203	0.37201649
0.47499999	0.48163754	0.39262426
0.47599999	0.08184670	0.38690329
0.47699999	-0.38425812	0.35602239
0.47799999	-0.71456695	0.30130413
0.47899999	-0.86223549	0.23225270
0.47999999	-0.80013531	0.16566192
0.48099999	-0.53561759	0.11235851
0.48199999	-0.15664986	0.08646038
0.48299999	0.28097317	0.09251969
0.48399999	0.62727606	0.12444635
0.48499999	0.83003199	0.17713459
0.48599999	0.83636808	0.24049582
0.48699999	0.64631522	0.30345717
0.48799999	0.29678273	0.35540724
0.48899999	-0.16024852	0.38751847
0.48999999	-0.54859746	0.39044046
0.49099999	-0.81250000	0.36380413
0.49199999	-0.86780268	0.31477609
0.49299999	-0.70620078	0.25178397
0.49399999	-0.37915230	0.18534695
0.49499999	0.06634473	0.12659942
0.49599999	0.46259841	0.09190453
0.49699999	0.75067669	0.08707554
0.49799999	0.85528421	0.11035925
0.49899999	0.76027310	0.15818775
0.49999999	0.48419046	0.21862696
0.50099999	0.06960507	0.28100392
0.50199999	-0.35079354	0.33882874
0.50299999	-0.71644318	0.38244340
0.50399999	-0.88035184	0.39397761
0.50499999	-0.81982034	0.37158588
0.50599999	-0.56206942	0.32824802
0.50699999	-0.14262426	0.27134597
0.50799999	0.27411416	0.20503199
0.50899999	0.62635332	0.14080955
0.50999999	0.82077384	0.09734867
0.51099999	0.82683319	0.08160064
0.51199999	0.63856423	0.09608760
0.51299999	0.28635579	0.13847195
0.51399999	-0.13699557	0.19921875
0.51499999	-0.57043552	0.26830092
0.51599999	-0.82480317	0.32874015
0.51699999	-0.86411172	0.36989418
0.51799999	-0.69971085	0.39007136
0.51899999	-0.35350025	0.38585752
0.51999999	0.05444144	0.35131642
0.52099999	0.46361342	0.29256889
0.52199999	0.74258733	0.22613189
0.52299999	0.84851748	0.16313976
0.52399999	0.75916582	0.11411171
0.52499999	0.48984990	0.08747540
0.52599999	0.09331939	0.09024360
0.52699999	-0.37220103	0.12173966
0.52799999	-0.70866144	0.17661171
0.52899999	-0.86903298	0.24566314
0.52999999	-0.80973178	0.31210014
0.53099999	-0.53730929	0.36478838
0.53199999	-0.15803395	0.39363927
0.53299999	0.27291462	0.39363927
0.53399999	0.61598796	0.36478838
0.53499999	0.81874382	0.31210014
0.53599999	0.82812500	0.24566314
0.53699999	0.64416218	0.17661171
0.53799999	0.29752091	0.12173966
0.53899998	-0.16009474	0.09024360
0.53999998	-0.54875124	0.08747540
0.54099998	-0.81326896	0.11411171
0.54199998	-0.86549580	0.16313976
0.54299998	-0.69721949	0.22613189
0.54399998	-0.37017101	0.29256889
0.54499998	0.06868234	0.35131642
0.54599998	0.46182948	0.38585752
0.54699998	0.75052285	0.39007136
0.54799998	0.85528421	0.36989418
0.54899998	0.76027310	0.32874015
0.54999998	0.48419046	0.26830092
0.55099998	0.06960507	0.19921875
0.55199998	-0.35097811	0.13831817
0.55299998	-0.71721208	0.09531865
0.55399998	-0.87804502	0.08393824
0.55499998	-0.81083906	0.10632997
0.55599998	-0.55327266	0.14966781
0.55699998	-0.14105561	0.20656988
0.55799998	0.27565208	0.27288386
0.55899998	0.63518083	0.33710629
0.55999998	0.82975519	0.38056716
0.56099998	0.82914001	0.39631522
0.56199998	0.63767225	0.38167447
0.56299998	0.28543308	0.33867496
0.56399998	-0.13453494	0.28100392
0.56499998	-0.56068528	0.21862696
0.56599998	-0.81828249	0.15818775
0.56699998	-0.87155509	0.11035925
0.56799998	-0.70715427	0.08707554
0.56899998	-0.34697959	0.09190453
0.56999998	0.06422244	0.12659942
0.57099998	0.46607405	0.18534695
0.57199998	0.74197221	0.25178397
0.57299998	0.84910184	0.31477609
0.57399998	0.75698203	0.36380413
0.57499998	0.48163754	0.39044046
0.57599998	0.08200049	0.38751847
0.57699998	-0.38351992	0.35540724
0.57799998	-0.71671999	0.30345717
0.57899998	-0.87044781	0.24049582
0.57999998	-0.81142348	0.17713459
0.58099998	-0.54693651	0.12444635
0.58199998	-0.16486220	0.09251969
0.58299998	0.27878937	0.08646038
0.58399998	0.62804502	0.11251231
0.58499998	0.83018577	0.16643086
0.58599998	0.83636808	0.22994587
0.58699998	0.64631522	0.29229209
0.58799998	0.29678273	0.34716412
0.58899998	-0.16024852	0.38536540
0.58999998	-0.54875124	0.39105561
0.59099998	-0.81326896	0.36318898
0.59199998	-0.86549580	0.31692913
0.59299998	-0.69721949	0.26002708
0.59399998	-0.37017101	0.19663508
0.59499998	0.06868234	0.13788755
0.59599998	0.46182948	0.10011688
0.59699998	0.75052285	0.08922859
0.59799998	0.85528421	0.10959031
0.59899998	0.76027310	0.15803395
0.59999998	0.48419046	0.21862696
0.60099998	0.06960507	0.28100392
0.60199998	-0.35097811	0.33867496
0.60299998	-0.71721208	0.38167447
0.60399998	-0.87804502	0.39616141
0.60499998	-0.81083906	0.37979823
0.60599998	-0.55311882	0.33941314
0.60699998	-0.14028667	0.28189591
0.60799998	0.27334523	0.21558194
0.60899998	0.62619954	0.15197465
0.60999998	0.82077384	0.10571481
0.61099998	0.82683319	0.08452263
0.61199998	0.63856423	0.09316560
0.61299998	0.28635579	0.13013656
0.61399998	-0.13699557	0.18793061
0.61499998	-0.57043552	0.25698203
0.61599998	-0.82495695	0.32049704
0.61699998	-0.86488068	0.36771038
0.61799998	-0.69740403	0.39084029
0.61899998	-0.34448817	0.38601133
0.61999998	0.06345350	0.35116264
0.62099998	0.46592027	0.29179996
0.62199998	0.74181843	0.22846949
0.62299998	0.84833294	0.17215182
0.62399998	0.75931960	0.12312377
0.62499998	0.49061885	0.08978223
0.62599998	0.09101255	0.08962844
0.62699998	-0.38118234	0.12235482
0.62799998	-0.71764272	0.17430487
0.62899998	-0.87137055	0.23665108
0.62999998	-0.80896282	0.30311885
0.63099998	-0.53715551	0.36248153
0.63199998	-0.15803395	0.39437747
0.63299998	0.27291462	0.39379305
0.63399998	0.61598796	0.36463460
0.63499998	0.81874382	0.31133121
0.63599998	0.82812500	0.24796999
0.63699998	0.64416218	0.18562376
0.63799998	0.29752091	0.13075173
0.63899998	-0.16009474	0.09255044
0.63999998	-0.54875124	0.08670644
0.64099998	-0.81326896	0.11395792
0.64199998	-0.86549580	0.16313976
0.64299998	-0.69721949	0.22613189
0.64399998	-0.37017101	0.29256889
0.64499998	0.06868234	0.35131642
0.64599998	0.46182948	0.38585752
0.64699998	0.75052285	0.39007136
0.64799998	0.85528421	0.36989418
0.64899998	0.76027310	0.32874015
0.64999998	0.48419046	0.26830092
0.65099998	0.06960507	0.19921875
0.65199998	-0.35097811	0.13831817
0.65299998	-0.71721208	0.09531865
0.65399998	-0.87804502	0.08393824
0.65499998	-0.81083906	0.10632997
0.65599998	-0.55311882	0.14966781
0.65699998	-0.14028667	0.20656988
0.65799998	0.27334523	0.27288386
0.65899998	0.62619954	0.33710629
0.65999998	0.82077384	0.38056716
0.66099998	0.82683319	0.39631522
0.66199998	0.63856423	0.38182825
0.66299998	0.28635579	0.33944389
0.66399998	-0.13699557	0.27869710
0.66499998	-0.57043552	0.20961492
0.66599998	-0.82480317	0.14902189
0.66699998	-0.86411172	0.10725271
0.66799998	-0.69971085	0.08999754
0.66899998	-0.35350025	0.10027067
0.66999998	0.05444144	0.13788755
0.67099998	0.46361342	0.19663508
0.67199998	0.74274117	0.26002708
0.67299998	0.84925568	0.31692913
0.67399998	0.75682825	0.36318898
0.67499998	0.48086861	0.39105561
0.67599998	0.08433809	0.38536540
0.67699998	-0.37450787	0.34716412
0.67799998	-0.70789248	0.29229209
0.67899998	-0.86887920	0.22994587
0.67999998	-0.80988556	0.16643086
0.68099998	-0.53807825	0.11251231
0.68199998	-0.15588090	0.08646038
0.68299998	0.28112698	0.09251969
0.68399998	0.62727606	0.12444635
0.68499998	0.83003199	0.17713459
0.68599998	0.83636808	0.24049582
0.68699998	0.64631522	0.30345717
0.68799998	0.29678273	0.35540724
0.68899998	-0.16024852	0.38751847
0.68999998	-0.54875124	0.39059424
0.69099998	-0.81326896	0.36457309
0.69199998	-0.86564958	0.31246924
0.69299998	-0.69798845	0.24280265
0.69399998	-0.36786416	0.17636564
0.69499998	0.07766363	0.12429257
0.69599998	0.47081077	0.09267347
0.69699998	0.75282973	0.08722933
0.69799998	0.85451525	0.11020546
0.69899998	0.76008856	0.15741880
0.69999998	0.48403665	0.22093381
0.70099998	0.06883612	0.28998524
0.70199998	-0.34864050	0.34777927
0.70299998	-0.70823079	0.38475025
0.70399998	-0.86906374	0.39339322
0.70499998	-0.80853224	0.37220103
0.70599998	-0.55404156	0.32594118
0.70699998	-0.14120939	0.26233390
0.70799998	0.27565208	0.19586614
0.70899998	0.63518083	0.13773376
0.70999998	0.82960135	0.10027067
0.71099998	0.82837105	0.08999754
0.71199998	0.64013284	0.10740650
0.71299998	0.29515254	0.14979085
0.71399998	-0.12789124	0.20730807
0.71499998	-0.56735975	0.26968503
0.71599998	-0.82803273	0.33043185
0.71699998	-0.87401575	0.37949064
0.71799998	-0.70638531	0.39693037
0.71899998	-0.34679502	0.37995201
0.71999998	0.06422244	0.33925936
0.72099998	0.46607405	0.28112698
0.72199998	0.74181843	0.21788877
0.72299998	0.84833294	0.16098671
0.72399998	0.75931960	0.11472687
0.72499998	0.49061885	0.08686024
0.72599998	0.09101255	0.09239665
0.72699998	-0.38118234	0.12998277
0.72799998	-0.71764272	0.18793061
0.72899998	-0.87137055	0.25698203
0.72999998	-0.80911660	0.32049704
0.73099998	-0.53792447	0.36771038
0.73199998	-0.15572712	0.39068651
0.73299998	0.28189591	0.38524237
0.73399998	0.62496924	0.35346949
0.73499998	0.82105070	0.30078125
0.73599998	0.82735604	0.23726624
0.73699998	0.64400834	0.17368971
0.73799998	0.29752091	0.12481545
0.73899998	-0.16009474	0.09940945
0.73999998	-0.54875124	0.09645669
0.74099998	-0.81326896	0.11644931
0.74199998	-0.86549580	0.16237082
0.74299998	-0.69721949	0.22597811
0.74399998	-0.37017101	0.29256889
0.74499998	0.06868234	0.35131642
0.74599998	0.46182948	0.38601133
0.74699998	0.75052285	0.39084029
0.74799998	0.85528421	0.36771038
0.74899998	0.76027310	0.32049704
0.74999998	0.48403665	0.25698203
0.75099998	0.06883612	0.18793061
0.75199998	-0.34864050	0.13013656
0.75299998	-0.70823079	0.09316560
0.75399998	-0.86906374	0.08452263
0.75499998	-0.80853224	0.10571481
0.75599998	-0.55388778	0.15197465
0.75699998	-0.14044045	0.21558194
0.75799998	0.27334523	0.28189591
0.75899998	0.62619954	0.33941314
0.75999998	0.82077384	0.37995201
0.76099998	0.82683319	0.39693037
0.76199998	0.63841045	0.37949064
0.76299998	0.28558686	0.33043185
0.76399998	-0.13468874	0.26968503
0.76499998	-0.56145424	0.20730807
0.76599998	-0.81579107	0.14979085
0.76699998	-0.86177409	0.10740650
0.76799998	-0.70063359	0.08999754
0.76899998	-0.35442299	0.10027067
0.76999998	0.05662525	0.13773376
0.77099998	0.47182578	0.19586614
0.77199998	0.75406003	0.26233390
0.77299998	0.86057454	0.32594118
0.77399998	0.76522517	0.37220103
0.77499998	0.48379061	0.39339322
0.77599998	0.08123154	0.38475025
0.77699998	-0.38367373	0.34777927
0.77799998	-0.71687376	0.28998524
0.77899998	-0.87121677	0.22093381
0.77999998	-0.80896282	0.15741880
0.78099998	-0.53715551	0.11020546
0.78199998	-0.15818775	0.08722933
0.78299998	0.27214566	0.09267347
0.78399998	0.61844856	0.12429257
0.78499998	0.82849407	0.17636564
0.78599998	0.83479947	0.24280265
0.78699998	0.63751847	0.31246924
0.78799998	0.28780141	0.36457309
0.78899998	-0.16255537	0.39059424
0.78999998	-0.54801303	0.38767225
0.79099998	-0.81311518	0.35617617
0.79199998	-0.86564958	0.30115035
0.79299998	-0.69798845	0.23148376
0.79399998	-0.36786416	0.16812254
0.79499998	0.07766363	0.12210876
0.79599998	0.47096455	0.09328863
0.79699998	0.75359869	0.08661418
0.79799998	0.85220844	0.11235851
0.79899998	0.75113803	0.16566192
0.79999998	0.47508612	0.23225270
0.80099998	0.06652928	0.30130413
0.80199998	-0.34771776	0.35617617
0.80299998	-0.70730805	0.38767225
0.80399998	-0.87140131	0.39044046
0.80499998	-0.81751353	0.36380413
0.80599998	-0.56299210	0.31477609
0.80699998	-0.14351624	0.25178397
0.80799998	0.27642101	0.18534695
0.80899998	0.63533467	0.12659942
0.80999998	0.82975519	0.09190453
0.81099998	0.82914001	0.08707554
0.81199998	0.63782603	0.11035925
0.81299998	0.28620201	0.15818775
0.81399998	-0.13699557	0.21862696
0.81499998	-0.57043552	0.28100392
0.81599998	-0.82495695	0.33882874
0.81699998	-0.86488068	0.38244340
0.81799998	-0.69740403	0.39397761
0.81899998	-0.34448817	0.37158588
0.81999998	0.06345350	0.32824802
0.82099998	0.46592027	0.27134597
0.82199998	0.74197221	0.20487820
0.82299998	0.84910184	0.14004061
0.82399998	0.75698203	0.09965551
0.82499998	0.48163754	0.09061269
0.82599998	0.08200049	0.10509966
0.82699998	-0.38351992	0.14080955
0.82799998	-0.71687376	0.19844981
0.82899998	-0.87121677	0.26814714
0.82999998	-0.80911660	0.32889396
0.83099998	-0.53792447	0.37066314
0.83199998	-0.15572712	0.38791829
0.83299998	0.28189591	0.37764516
0.83399998	0.62496924	0.34018210
0.83499998	0.82105070	0.28204972
0.83599998	0.82735604	0.21558194
0.83699998	0.64400834	0.15197465
0.83799998	0.29752091	0.10571481
0.83899998	-0.16009474	0.08452263
0.83999998	-0.54875124	0.09316560
0.84099998	-0.81326896	0.13013656
0.84199998	-0.86549580	0.18793061
0.84299998	-0.69721949	0.25698203
0.84399998	-0.37017101	0.32049704
0.84499998	0.06868234	0.36771038
0.84599998	0.46182948	0.39068651
0.84699998	0.75052285	0.38524237
0.84799998	0.85528421	0.35362327
0.84899998	0.76027310	0.30155021
0.84999998	0.48403665	0.23511319
0.85099998	0.06883612	0.16544661
0.85199998	-0.34864050	0.11334276
0.85299998	-0.70823079	0.08732160
0.85399998	-0.86906374	0.09039739
0.85499998	-0.80853224	0.12250862
0.85599998	-0.55404156	0.17430487
0.85699998	-0.14120939	0.23665108
0.85799998	0.27565208	0.30311885
0.85899998	0.63518083	0.36248153
0.85999998	0.82960135	0.39437747
0.86099998	0.82837105	0.39379305
0.86199998	0.63997906	0.36463460
0.86299998	0.29438362	0.31133121
0.86399998	-0.12570743	0.24796999
0.86499998	-0.55914742	0.18562376
0.86599998	-0.81671381	0.13075173
0.86699998	-0.86269683	0.09255044
0.86799998	-0.69817299	0.08670644
0.86899998	-0.34464198	0.11395792
0.86999998	0.06345350	0.16313976
0.87099998	0.46592027	0.22613189
0.87199998	0.74197221	0.29256889
0.87299998	0.84910184	0.35131642
0.87399998	0.75682825	0.38585752
0.87499998	0.48086861	0.39007136
0.87599998	0.08433809	0.36989418
0.87699998	-0.37450787	0.32874015
0.87799998	-0.70789248	0.26830092
0.87899998	-0.86887920	0.19921875
0.87999998	-0.80988556	0.13847195
0.88099998	-0.53807825	0.09608760
0.88199998	-0.15588090	0.08160064
0.88299998	0.28112698	0.09734867
0.88399998	0.62727606	0.14065576
0.88499998	0.83003199	0.20426305
0.88599998	0.83636808	0.27365279
0.88699998	0.64631522	0.33726010
0.88799998	0.29678273	0.38041338
0.88899998	-0.16024852	0.39554626
0.88999998	-0.54875124	0.38398129
0.89099998	-0.81326896	0.34762549
0.89199997	-0.86549580	0.28998524
0.89299997	-0.69721949	0.22093381
0.89399997	-0.37017101	0.15741880
0.89499997	0.06868234	0.11020546
0.89599997	0.46182948	0.08707554
0.89699997	0.75052285	0.09190453
0.89799997	0.85528421	0.12659942
0.89899997	0.76027310	0.18534695
0.89999997	0.48403665	0.25178397
0.90099997	0.06883612	0.31477609
0.90199997	-0.34864050	0.36380413
0.90299997	-0.70823079	0.39044046
0.90399997	-0.86906374	0.38767225
0.90499997	-0.80853224	0.35617617
0.90599997	-0.55388778	0.30115035
0.90699997	-0.14044045	0.23148376
0.90799997	0.27334523	0.16796875
0.90899997	0.62619954	0.12133981
0.90999997	0.82077384	0.09559547
0.91099997	0.82683319	0.09559547
0.91199997	0.63841045	0.12133981
0.91299997	0.28558686	0.16796875
0.91399997	-0.13468874	0.23148376
0.91499997	-0.56145424	0.30115035
0.91599997	-0.81594485	0.35617617
0.91699997	-0.86254305	0.38767225
0.91799997	-0.69817299	0.39044046
0.91899997	-0.34464198	0.36380413
0.91999997	0.06345350	0.31462228
0.92099997	0.46592027	0.25101501
0.92199997	0.74197221	0.18765379
0.92299997	0.84910184	0.13558070
0.92399997	0.75682825	0.10103962
0.92499997	0.48086861	0.09015132
0.92599997	0.08433809	0.10709891
0.92699997	-0.37450787	0.14828371
0.92799997	-0.70789248	0.21195251
0.92899997	-0.86887920	0.28764763
0.92999997	-0.80988556	0.34854823
0.93099997	-0.53807825	0.38490403
0.93199997	-0.15572712	0.39339322
0.93299997	0.28189591	0.37220103
0.93399997	0.62496924	0.32594118
0.93499997	0.82105070	0.26233390
0.93599997	0.82735604	0.19586614
0.93699997	0.64400834	0.13773376
0.93799997	0.29752091	0.10042446
0.93899997	-0.16009474	0.09076649
0.93999997	-0.54875124	0.10509966
0.94099997	-0.81326896	0.14080955
0.94199997	-0.86549580	0.19844981
0.94299997	-0.69721949	0.26814714
0.94399997	-0.37017101	0.32889396
0.94499997	0.06868234	0.37066314
0.94599997	0.46182948	0.38791829
0.94699997	0.75052285	0.37764516
0.94799997	0.85528421	0.34018210
0.94899997	0.76027310	0.28204972
0.94999997	0.48403665	0.21558194
0.95099997	0.06883612	0.15197465
0.95199997	-0.34864050	0.10571481
0.95299997	-0.70823079	0.08452263
0.95399997	-0.86906374	0.09316560
0.95499997	-0.80853224	0.13013656
0.95599997	-0.55404156	0.18793061
0.95699997	-0.14120939	0.25698203
0.95799997	0.27565208	0.32049704
0.95899997	0.63518083	0.36771038
0.95999997	0.82975519	0.39084029
0.96099997	0.82914001	0.38601133
0.96199997	0.63782603	0.35131642
0.96299997	0.28620201	0.29256889
0.96399997	-0.13699557	0.22613189
0.96499997	-0.57043552	0.16313976
0.96599997	-0.82495695	0.11411171
0.96699997	-0.86488068	0.08747540
0.96799997	-0.69740403	0.09024360
0.96899997	-0.34448817	0.12173966
0.96999997	0.06345350	0.17661171
0.97099997	0.46592027	0.24566314
0.97199997	0.74197221	0.31210014
0.97299997	0.84910184	0.36478838
0.97399997	0.75682825	0.39363927
0.97499997	0.48086861	0.39363927
0.97599997	0.08433809	0.36478838
0.97699997	-0.37450787	0.31210014
0.97799997	-0.70789248	0.24566314
0.97899997	-0.86887920	0.17661171
0.97999997	-0.80988556	0.12173966
0.98099997	-0.53807825	0.09024360
0.98199997	-0.15588090	0.08747540
0.98299997	0.28112698	0.11411171
0.98399997	0.62727606	0.16313976
0.98499997	0.83003199	0.22613189
0.98599997	0.83636808	0.29256889
0.98699997	0.64631522	0.35131642
0.98799997	0.29678273	0.38601133
0.98899997	-0.16024852	0.39084029
0.98999997	-0.54875124	0.36755660
0.99099997	-0.81326896	0.31972811
0.99199997	-0.86549580	0.25928888
0.99299997	-0.69721949	0.19691192
0.99399997	-0.37017101	0.13908711
0.99499997	0.06868234	0.09547244
0.99599997	0.46182948	0.08378445
0.99699997	0.75052285	0.10556103
0.99799997	0.85528421	0.15197465
0.99899997	0.76027310	0.21558194
0.99999997	0.48403665	0.28189591
1.00099997	0.06883612	0.33941314
1.00199997	-0.34864050	0.37979823
1.00299997	-0.70823079	0.39616141
1.00399997	-0.86906374	0.38182825
1.00499997	-0.80853224	0.33944389
1.00599997	-0.55388778	0.27869710
1.00699997	-0.14044045	0.20961492
1.00799997	0.27334523	0.14902189
1.00899997	0.62619954	0.10725271
1.00999997	0.82077384	0.08999754
1.01099997	0.82683319	0.10027067
1.01199997	0.63841045	0.13773376
1.01299997	0.28558686	0.19586614
1.01399997	-0.13453494	0.26233390
1.01499997	-0.56068528	0.32594118
1.01599997	-0.81828249	0.37220103
1.01699997	-0.87155509	0.39339322
1.01799997	-0.70730805	0.38459647
1.01899997	-0.34771776	0.34701034
1.01999997	0.06652928	0.29229209
1.02099997	0.47508612	0.22994587
1.02199997	0.75098425	0.16643086
1.02299997	0.85143948	0.11251231
1.02399997	0.75621307	0.08630659
1.02499997	0.48148376	0.09175074
1.02599997	0.08200049	0.12659942
1.02699997	-0.38351992	0.18534695
1.02799997	-0.71687376	0.25178397
1.02899997	-0.87121677	0.31477609
1.02999997	-0.80911660	0.36380413
1.03099997	-0.53792447	0.39044046
1.03199997	-0.15572712	0.38751847
1.03299997	0.28189591	0.35540724
1.03399997	0.62496924	0.30345717
1.03499997	0.82105070	0.24049582
1.03599997	0.82735604	0.17713459
1.03699997	0.64400834	0.12444635
1.03799997	0.29752091	0.09251969
1.03899997	-0.16009474	0.08646038
1.03999997	-0.54890501	0.11251231
1.04099997	-0.81403792	0.16643086
1.04199997	-0.86334276	0.22994587
1.04299997	-0.68900716	0.29229209
1.04399997	-0.35885212	0.34716412
1.04499997	0.08000123	0.38536540
1.04599997	0.47004184	0.39105561
1.04699997	0.75267595	0.36318898
1.04799997	0.85451525	0.31692913
1.04899997	0.76008856	0.26002708
1.04999997	0.48419046	0.19663508
1.05099997	0.06960507	0.13788755
1.05199997	-0.35097811	0.10027067
1.05299997	-0.71721208	0.08999754
1.05399997	-0.87804502	0.10725271
1.05499997	-0.81083906	0.14902189
1.05599997	-0.55311882	0.20961492
1.05699997	-0.14028667	0.27869710
1.05799997	0.27334523	0.33944389
1.05899997	0.62619954	0.38182825
1.05999997	0.82077384	0.39631522
1.06099997	0.82683319	0.38056716
1.06199997	0.63841045	0.33726010
1.06299997	0.28558686	0.27365279
1.06399997	-0.13453494	0.20410925
1.06499997	-0.56068528	0.13988681
1.06599997	-0.81828249	0.09965551
1.06699997	-0.87155509	0.09061269
1.06799997	-0.70715427	0.10509966
1.06899997	-0.34697959	0.14080955
1.06999997	0.06422244	0.19844981
1.07099997	0.46607405	0.26814714
1.07199997	0.74197221	0.32874015
1.07299997	0.84910184	0.36989418
1.07399997	0.75682825	0.39007136
1.07499997	0.48086861	0.38585752
1.07599997	0.08433809	0.35131642
1.07699997	-0.37450787	0.29256889
1.07799997	-0.70789248	0.22613189
1.07899997	-0.86887920	0.16313976
1.07999997	-0.80988556	0.11411171
1.08099997	-0.53807825	0.08747540
1.08199997	-0.15572712	0.09024360
1.08299997	0.28189591	0.12173966
1.08399997	0.62496924	0.17661171
1.08499997	0.82105070	0.24566314
1.08599997	0.82735604	0.31210014
1.08699997	0.64400834	0.36478838
1.08799997	0.29752091	0.39379305
1.08899997	-0.16009474	0.39437747
1.08999997	-0.54875124	0.36248153
1.09099997	-0.81326896	0.30311885
1.09199997	-0.86549580	0.23665108
1.09299997	-0.69721949	0.17430487
1.09399997	-0.37017101	0.12250862
1.09499997	0.06868234	0.09039739
1.09599997	0.46198326	0.08732160
1.09699997	0.75129181	0.11334276
1.09799997	0.85297734	0.16544661
1.09899997	0.75129181	0.23511319
1.09999997	0.47508612	0.30139640
1.10099997	0.06652928	0.35285434
1.10199997	-0.34787154	0.38754922
1.10299997	-0.70807701	0.39969859
1.10399997	-0.86906374	0.37672243
1.10499997	-0.80853224	0.32280388
1.10599997	-0.55404156	0.25621310
1.10699997	-0.14120939	0.18777682
1.10799997	0.27565208	0.13013656
1.10899997	0.63518083	0.09316560
1.10999997	0.82975519	0.08452263
1.11099997	0.82914001	0.10571481
1.11199997	0.63782603	0.15197465
1.11299997	0.28620201	0.21558194
1.11399997	-0.13684177	0.28189591
1.11499997	-0.56969732	0.33941314
1.11599997	-0.82726377	0.37995201
1.11699997	-0.87386197	0.39693037
1.11799997	-0.70638531	0.37964442
1.11899997	-0.34679502	0.33120078
1.11999997	0.06422244	0.26737821
1.12099997	0.46607405	0.19829601
1.12199997	0.74197221	0.14080955
1.12299997	0.84910184	0.10509966
1.12399997	0.75698203	0.09076649
1.12499997	0.48163754	0.10042446
1.12599997	0.08200049	0.13773376
1.12699997	-0.38351992	0.19586614
1.12799997	-0.71687376	0.26233390
1.12899997	-0.87121677	0.32594118
1.12999997	-0.80911660	0.37220103
1.13099997	-0.53792447	0.39339322
1.13199997	-0.15572712	0.38475025
1.13299997	0.28189591	0.34777927
1.13399997	0.62496924	0.28998524
1.13499997	0.82105070	0.22093381
1.13599997	0.82735604	0.15741880
1.13699997	0.64400834	0.11020546
1.13799997	0.29752091	0.08707554
1.13899997	-0.16009474	0.09190453
1.13999997	-0.54890501	0.12659942
1.14099997	-0.81403792	0.18534695
1.14199997	-0.86318898	0.25178397
1.14299997	-0.68823820	0.31477609
1.14399997	-0.36115897	0.36380413
1.14499997	0.07098918	0.39044046
1.14599997	0.46106052	0.38767225
1.14699997	0.75036907	0.35617617
1.14799997	0.85528421	0.30130413
1.14899997	0.76027310	0.23225270
1.14999997	0.48419046	0.16581570
1.15099997	0.06960507	0.11312746
1.15199997	-0.35097811	0.08412278
1.15299997	-0.71721208	0.08353838
1.15399997	-0.87804502	0.11543430
1.15499997	-0.81083906	0.17479700
1.15599997	-0.55327266	0.24126476
1.15699997	-0.14105561	0.30361098
1.15799997	0.27565208	0.35540724
1.15899997	0.63518083	0.38751847
1.15999997	0.82975519	0.39044046
1.16099997	0.82914001	0.36380413
1.16199997	0.63782603	0.31477609
1.16299997	0.28620201	0.25178397
1.16399997	-0.13699557	0.18534695
1.16499997	-0.57043552	0.12659942
1.16599997	-0.82480317	0.09190453
1.16699997	-0.86411172	0.08707554
1.16799997	-0.69971085	0.11020546
1.16899997	-0.35350025	0.15741880
1.16999997	0.05428765	0.22093381
1.17099997	0.46284449	0.28998524
1.17199997	0.74507874	0.34777927
1.17299997	0.85826772	0.38475025
1.17399997	0.76584029	0.39339322
1.17499997	0.48317543	0.37220103
1.17599997	0.08356915	0.32594118
1.17699997	-0.37466165	0.26233390
1.17799997	-0.70773870	0.19601993
1.17899997	-0.86811024	0.13850270
1.17999997	-0.81219244	0.09796382
1.18099997	-0.54709029	0.08098548
1.18199997	-0.16486220	0.09842519
1.18299997	0.27878937	0.14748400
1.18399997	0.62804502	0.20807701
1.18499997	0.83018577	0.26983884
1.18599997	0.83636808	0.33043185
1.18699997	0.64631522	0.37949064
1.18799997	0.29678273	0.39693037
1.18899997	-0.16024852	0.37995201
1.18999997	-0.54875124	0.33941314
1.19099997	-0.81326896	0.28189591
1.19199997	-0.86549580	0.21558194
1.19299997	-0.69721949	0.15197465
1.19399997	-0.37017101	0.10571481
1.19499997	0.06868234	0.08452263
1.19599997	0.46182948	0.09316560
1.19699997	0.75052285	0.13013656
1.19799997	0.85528421	0.18793061
1.19899997	0.76027310	0.25698203
1.19999997	0.48403665	0.32049704
1.20099997	0.06883612	0.36771038
1.20199997	-0.34864050	0.39068651
1.20299997	-0.70823079	0.38524237
1.20399997	-0.86906374	0.35346949
1.20499997	-0.80853224	0.30078125
1.20599997	-0.55388778	0.23742002
1.20699997	-0.14044045	0.17445867
1.20799997	0.27334523	0.12235482
1.20899997	0.62619954	0.08962844
1.20999997	0.82062006	0.08962844
1.21099997	0.82606423	0.12235482
1.21199997	0.64090180	0.17445867
1.21299997	0.29530635	0.23742002
1.21399997	-0.12804502	0.30078125
1.21499997	-0.56812871	0.35346949
1.21599997	-0.82572585	0.38539615
1.21699997	-0.86503446	0.39145547
1.21799997	-0.69755781	0.36540353
1.21899997	-0.34525713	0.31148499
1.21999997	0.06576034	0.24781619
1.22099997	0.47490159	0.18485482
1.22199997	0.75098425	0.13321236
1.22299997	0.85143948	0.10233144
1.22399997	0.75621307	0.09353469
1.22499997	0.48148376	0.10805241
1.22599997	0.08200049	0.15105192
1.22699997	-0.38351992	0.21465920
1.22799997	-0.71687376	0.28435653
1.22899997	-0.87121677	0.34916338
1.22999997	-0.80911660	0.38662648
1.23099997	-0.53792447	0.39022514
1.23199997	-0.15572712	0.36974040
1.23299997	0.28189591	0.32797122
1.23399997	0.62496924	0.27060777
1.23499997	0.82105070	0.20823081
1.23599997	0.82750982	0.14748400
1.23699997	0.64477730	0.09842519
1.23799997	0.29521409	0.08098548
1.23899997	-0.16904527	0.09796382
1.23999997	-0.55773252	0.13850270
1.24099997	-0.81557578	0.19601993
1.24199997	-0.86472684	0.26233390
1.24299997	-0.69706571	0.32594118
1.24399997	-0.37017101	0.37220103
1.24499997	0.06868234	0.39339322
1.24599996	0.46182948	0.38475025
1.24699996	0.75052285	0.34777927
1.24799996	0.85528421	0.28998524
1.24899996	0.76027310	0.22093381
1.24999996	0.48419046	0.15741880
1.25099996	0.06960507	0.11020546
1.25199996	-0.35097811	0.08707554
1.25299996	-0.71721208	0.09190453
1.25399996	-0.87804502	0.12659942
1.25499996	-0.81083906	0.18534695
1.25599996	-0.55311882	0.25178397
1.25699996	-0.14028667	0.31477609
1.25799996	0.27319142	0.36380413
1.25899996	0.62543058	0.39044046
1.25999996	0.82311147	0.38751847
1.26099996	0.83584523	0.35540724
1.26199996	0.64742249	0.30345717
1.26299996	0.28789371	0.24049582
1.26399996	-0.13545768	0.17713459
1.26499996	-0.56160802	0.12444635
1.26599996	-0.81579107	0.09251969
1.26699996	-0.86177409	0.08646038
1.26799996	-0.70063359	0.11235851
1.26899996	-0.35442299	0.16566192
1.26999996	0.05677903	0.23225270
1.27099996	0.47259474	0.30130413
1.27199996	0.75175321	0.35617617
1.27299996	0.85159326	0.38767225
1.27399996	0.75621307	0.39044046
1.27499996	0.48148376	0.36380413
1.27599996	0.08200049	0.31477609
1.27699996	-0.38351992	0.25178397
1.27799996	-0.71687376	0.18534695
1.27899996	-0.87121677	0.12659942
1.27999996	-0.80911660	0.09190453
1.28099996	-0.53792447	0.08707554
1.28199996	-0.15588090	0.11035925
1.28299996	0.28112698	0.15818775
1.28399996	0.62727606	0.21862696
1.28499996	0.83003199	0.28100392
1.28599996	0.83636808	0.33882874
1.28699996	0.64631522	0.38244340
1.28799996	0.29678273	0.39397761
1.28899996	-0.16024852	0.37158588
1.28999996	-0.54875124	0.32824802
1.29099996	-0.81326896	0.27134597
1.29199996	-0.86549580	0.20503199
1.29299996	-0.69721949	0.14080955
1.29399996	-0.37017101	0.09719488
1.29499996	0.06868234	0.08083169
1.29599996	0.46198326	0.09827141
1.29699996	0.75129181	0.14671506
1.29799996	0.85297734	0.21053764
1.29899996	0.75129181	0.27961984
1.29999996	0.47523990	0.33710629
1.30099996	0.06729823	0.37281618
1.30199996	-0.35020915	0.38714936
1.30299996	-0.71705830	0.37749138
1.30399996	-0.87804502	0.34018210
1.30499996	-0.81083906	0.28204972
1.30599996	-0.55327266	0.21558194
1.30699996	-0.14105561	0.15197465
1.30799996	0.27565208	0.10571481
1.30899996	0.63518083	0.08452263
1.30999996	0.82960135	0.09316560
1.31099996	0.82837105	0.13013656
1.31199996	0.63997906	0.18793061
1.31299996	0.29438362	0.25698203
1.31399996	-0.12555364	0.32049704
1.31499996	-0.55837846	0.36771038
1.31599996	-0.81905144	0.39068651
1.31699996	-0.87170893	0.38524237
1.31799996	-0.70730805	0.35362327
1.31899996	-0.34771776	0.30155021
1.31999996	0.06652928	0.23511319
1.32099996	0.47508612	0.16544661
1.32199996	0.75083047	0.11334276
1.32299996	0.85067052	0.08732160
1.32399996	0.75855070	0.09039739
1.32499996	0.49046504	0.12250862
1.32599996	0.09101255	0.17445867
1.32699996	-0.38118234	0.23742002
1.32799996	-0.71764272	0.30078125
1.32899996	-0.87137055	0.35346949
1.32999996	-0.80911660	0.38539615
1.33099996	-0.53792447	0.39145547
1.33199996	-0.15588090	0.36540353
1.33299996	0.28112698	0.31148499
1.33399996	0.62727606	0.24796999
1.33499996	0.83003199	0.18562376
1.33599996	0.83636808	0.13075173
1.33699996	0.64631522	0.09255044
1.33799996	0.29678273	0.08686024
1.33899996	-0.16024852	0.11472687
1.33999996	-0.54875124	0.16098671
1.34099996	-0.81326896	0.21788877
1.34199996	-0.86549580	0.28128076
1.34299996	-0.69721949	0.34002829
1.34399996	-0.37017101	0.37764516
1.34499996	0.06868234	0.38791829
1.34599996	0.46182948	0.37050936
1.34699996	0.75052285	0.32812500
1.34799996	0.85528421	0.27060777
1.34899996	0.76027310	0.20823081
1.34999996	0.48419046	0.14748400
1.35099996	0.06960507	0.09842519
1.35199996	-0.35097811	0.08083169
1.35299996	-0.71721208	0.09719488
1.35399996	-0.87804502	0.14080955
1.35499996	-0.81083906	0.20503199
1.35599996	-0.55327266	0.27134597
1.35699996	-0.14105561	0.32824802
1.35799996	0.27565208	0.37143210
1.35899996	0.63518083	0.39323941
1.35999996	0.82975519	0.38475025
1.36099996	0.82914001	0.34777927
1.36199996	0.63767225	0.28998524
1.36299996	0.28543308	0.22093381
1.36399996	-0.13468874	0.15741880
1.36499996	-0.56145424	0.11020546
1.36599996	-0.81594485	0.08707554
1.36699996	-0.86254305	0.09190453
1.36799996	-0.69817299	0.12659942
1.36899996	-0.34464198	0.18534695
1.36999996	0.06329971	0.25178397
1.37099996	0.46515134	0.31477609
1.37199996	0.74430978	0.36380413
1.37299996	0.85811394	0.39044046
1.37399996	0.76584029	0.38751847
1.37499996	0.48317543	0.35540724
1.37599996	0.08341535	0.30345717
1.37699996	-0.37543061	0.24049582
1.37799996	-0.70543182	0.17698081
1.37899996	-0.85915971	0.12367741
1.37999996	-0.80321109	0.09485728
1.38099996	-0.54475272	0.09544168
1.38199996	-0.16563115	0.12149360
1.38299996	0.27863559	0.16873769
1.38399996	0.62804502	0.22917692
1.38499996	0.83018577	0.29213828
1.38599996	0.83636808	0.34716412
1.38699996	0.64631522	0.38536540
1.38799996	0.29678273	0.39105561
1.38899996	-0.16024852	0.36318898
1.38999996	-0.54875124	0.31692913
1.39099996	-0.81326896	0.26002708
1.39199996	-0.86549580	0.19663508
1.39299996	-0.69721949	0.13788755
1.39399996	-0.37017101	0.10027067
1.39499996	0.06868234	0.08999754
1.39599996	0.46182948	0.10725271
1.39699996	0.75052285	0.14902189
1.39799996	0.85528421	0.20961492
1.39899996	0.76027310	0.27869710
1.39999996	0.48403665	0.33944389
1.40099996	0.06883612	0.38182825
1.40199996	-0.34848672	0.39631522
1.40299996	-0.70746183	0.38056716
1.40399996	-0.87140131	0.33710629
1.40499996	-0.81751353	0.27288386
1.40599996	-0.56299210	0.20641609
1.40699996	-0.14351624	0.14889887
1.40799996	0.27642101	0.10866757
1.40899996	0.63533467	0.09291954
1.40999996	0.82975519	0.10448450
1.41099996	0.82914001	0.14142470
1.41199996	0.63782603	0.19614296
1.41299996	0.28620201	0.25913510
1.41399996	-0.13684177	0.31972811
1.41499996	-0.56969732	0.36755660
1.41599996	-0.82726377	0.39084029
1.41699996	-0.87386197	0.38601133
1.41799996	-0.70638531	0.35131642
1.41899996	-0.34679502	0.29256889
1.41999996	0.06422244	0.22597811
1.42099996	0.46607405	0.16237082
1.42199996	0.74197221	0.11644931
1.42299996	0.84910184	0.09645669
1.42399996	0.75682825	0.09940945
1.42499996	0.48086861	0.12481545
1.42599996	0.08433809	0.17353593
1.42699996	-0.37450787	0.23649730
1.42799996	-0.70789248	0.30327263
1.42899996	-0.86887920	0.36325049
1.42999996	-0.80988556	0.39207062
1.43099996	-0.53807825	0.38478100
1.43199996	-0.15572712	0.35580710
1.43299996	0.28189591	0.30979329
1.43399996	0.62496924	0.24643208
1.43499996	0.82105070	0.17676550
1.43599996	0.82735604	0.12173966
1.43699996	0.64400834	0.09024360
1.43799996	0.29752091	0.08747540
1.43899996	-0.16009474	0.11411171
1.43999996	-0.54875124	0.16313976
1.44099996	-0.81326896	0.22613189
1.44199996	-0.86564958	0.29256889
1.44299996	-0.69798845	0.35131642
1.44399996	-0.36786416	0.38585752
1.44499996	0.07766363	0.39007136
1.44599996	0.47081077	0.36989418
1.44699996	0.75282973	0.32874015
1.44799996	0.85451525	0.26830092
1.44899996	0.76008856	0.19921875
1.44999996	0.48403665	0.13831817
1.45099996	0.06883612	0.09531865
1.45199996	-0.34864050	0.08378445
1.45299996	-0.70823079	0.10556103
1.45399996	-0.86906374	0.15197465
1.45499996	-0.80853224	0.21558194
1.45599996	-0.55388778	0.28189591
1.45699996	-0.14044045	0.33941314
1.45799996	0.27334523	0.37979823
1.45899996	0.62619954	0.39616141
1.45999996	0.82077384	0.38182825
1.46099996	0.82683319	0.33944389
1.46199996	0.63856423	0.27869710
1.46299996	0.28635579	0.20961492
1.46399996	-0.13699557	0.14902189
1.46499996	-0.57043552	0.10725271
1.46599996	-0.82495695	0.08999754
1.46699996	-0.86488068	0.10027067
1.46799996	-0.69740403	0.13773376
1.46899996	-0.34448817	0.19586614
1.46999996	0.06345350	0.26233390
1.47099996	0.46592027	0.32594118
1.47199996	0.74197221	0.37220103
1.47299996	0.84910184	0.39339322
1.47399996	0.75682825	0.38459647
1.47499996	0.48086861	0.34701034
1.47599996	0.08433809	0.29229209
1.47699996	-0.37450787	0.22994587
1.47799996	-0.70789248	0.16643086
1.47899996	-0.86887920	0.11251231
1.47999996	-0.80988556	0.08646038
1.48099996	-0.53807825	0.09251969
1.48199996	-0.15572712	0.12444635
1.48299996	0.28189591	0.17713459
1.48399996	0.62496924	0.24049582
1.48499996	0.82105070	0.30345717
1.48599996	0.82735604	0.35540724
1.48699996	0.64400834	0.38751847
1.48799996	0.29752091	0.39059424
1.48899996	-0.16009474	0.36457309
1.48999996	-0.54875124	0.31246924
1.49099996	-0.81326896	0.24280265
1.49199996	-0.86549580	0.17636564
1.49299996	-0.69721949	0.12429257
1.49399996	-0.37017101	0.09267347
1.49499996	0.06868234	0.08722933
1.49599996	0.46182948	0.11020546
1.49699996	0.75052285	0.15741880
1.49799996	0.85528421	0.22093381
1.49899996	0.76027310	0.28998524
1.49999996	0.48403665	0.34777927
1.50099996	0.06883612	0.38475025
1.50199996	-0.34864050	0.39339322
1.50299996	-0.70823079	0.37220103
1.50399996	-0.86906374	0.32594118
1.50499996	-0.80853224	0.26233390
1.50599996	-0.55388778	0.19601993
1.50699996	-0.14044045	0.13850270
1.50799996	0.27334523	0.09796382
1.50899996	0.62619954	0.08098548
1.50999996	0.82077384	0.09842519
1.51099996	0.82683319	0.14748400
1.51199996	0.63856423	0.20807701
1.51299996	0.28635579	0.26983884
1.51399996	-0.13699557	0.33043185
1.51499996	-0.57043552	0.37949064
1.51599996	-0.82495695	0.39693037
1.51699996	-0.86488068	0.37995201
1.51799996	-0.69740403	0.33941314
1.51899996	-0.34448817	0.28189591
1.51999996	0.06345350	0.21558194
1.52099996	0.46592027	0.15197465
1.52199996	0.74197221	0.10571481
1.52299996	0.84910184	0.08452263
1.52399996	0.75698203	0.09331939
1.52499996	0.48163754	0.13090551
1.52599996	0.08200049	0.18562376
1.52699996	-0.38351992	0.24796999
1.52799996	-0.71687376	0.31148499
1.52899996	-0.87121677	0.36540353
1.52999996	-0.80911660	0.39145547
1.53099996	-0.53792447	0.38539615
1.53199996	-0.15572712	0.35346949
1.53299996	0.28189591	0.30078125
1.53399996	0.62496924	0.23742002
1.53499996	0.82105070	0.17445867
1.53599996	0.82735604	0.12235482
1.53699996	0.64400834	0.08962844
1.53799996	0.29752091	0.08978223
1.53899996	-0.16009474	0.12312377
1.53999996	-0.54890501	0.17215182
1.54099996	-0.81403792	0.22846949
1.54199996	-0.86334276	0.29164615
1.54299996	-0.68900716	0.35039371
1.54399996	-0.35885212	0.38831815
1.54499996	0.08000123	0.39985237
1.54599996	0.47004184	0.37672243
1.54699996	0.75267595	0.32280388
1.54799996	0.85451525	0.25621310
1.54899996	0.76008856	0.18777682
1.54999996	0.48403665	0.13013656
1.55099996	0.06883612	0.09316560
1.55199996	-0.34864050	0.08452263
1.55299996	-0.70823079	0.10571481
1.55399996	-0.86906374	0.15197465
1.55499996	-0.80853224	0.21558194
1.55599996	-0.55388778	0.28189591
1.55699996	-0.14044045	0.33941314
1.55799996	0.27319142	0.37979823
1.55899996	0.62543058	0.39616141
1.55999996	0.82311147	0.38167447
1.56099996	0.83584523	0.33867496
1.56199996	0.64742249	0.28100392
1.56299996	0.28789371	0.21862696
1.56399996	-0.13545768	0.15803395
1.56499996	-0.56160802	0.10959031
1.56599996	-0.81594485	0.08922859
1.56699996	-0.86254305	0.10011688
1.56799996	-0.69817299	0.13773376
1.56899996	-0.34464198	0.19586614
1.56999996	0.06345350	0.26233390
1.57099996	0.46592027	0.32594118
1.57199996	0.74197221	0.37201649
1.57299996	0.84910184	0.39262426
1.57399996	0.75698203	0.38690329
1.57499996	0.48163754	0.35602239
1.57599996	0.08200049	0.30130413
1.57699996	-0.38351992	0.23225270
1.57799996	-0.71687376	0.16566192
1.57899996	-0.87121677	0.11235851
1.57999996	-0.80911660	0.08646038
1.58099996	-0.53792447	0.09251969
1.58199996	-0.15588090	0.12429257
1.58299996	0.28112698	0.17636564
1.58399996	0.62727606	0.24280265
1.58499996	0.83003199	0.31246924
1.58599996	0.83636808	0.36441928
1.58699996	0.64631522	0.38982528
1.58799996	0.29678273	0.38982528
1.58899996	-0.16024852	0.36441928
1.58999996	-0.54875124	0.31231546
1.59099996	-0.81326896	0.24203371
1.59199996	-0.86549580	0.17867249
1.59299996	-0.69721949	0.13324311
1.59399996	-0.37017101	0.10165478
1.59499996	0.06868234	0.08953617
1.59599996	0.46182948	0.10943651
1.59699996	0.75052285	0.15726501
1.59799996	0.85528421	0.22093381
1.59899995	0.76027310	0.28998524
1.59999995	0.48403665	0.34777927
1.60099995	0.06883612	0.38475025
1.60199995	-0.34864050	0.39339322
1.60299995	-0.70823079	0.37220103
1.60399995	-0.86906374	0.32594118
1.60499995	-0.80853224	0.26233390
1.60599995	-0.55404156	0.19601993
1.60699995	-0.14120939	0.13850270
1.60799995	0.27565208	0.09796382
1.60899995	0.63518083	0.08098548
1.60999995	0.82960135	0.09827141
1.61099995	0.82837105	0.14671506
1.61199995	0.64013284	0.21053764
1.61299995	0.29515254	0.27961984
1.61399995	-0.12804502	0.33710629
1.61499995	-0.56812871	0.37281618
1.61599995	-0.82572585	0.38714936
1.61699995	-0.86503446	0.37749138
1.61799995	-0.69740403	0.34018210
1.61899995	-0.34448817	0.28204972
1.61999995	0.06345350	0.21558194
1.62099995	0.46592027	0.15197465
1.62199995	0.74181843	0.10571481
1.62299995	0.84833294	0.08452263
1.62399995	0.75916582	0.09316560
1.62499995	0.48984990	0.13013656
1.62599995	0.09331939	0.18793061
1.62699995	-0.37220103	0.25698203
1.62799995	-0.70866144	0.32049704
1.62899995	-0.86903298	0.36771038
1.62999995	-0.80973178	0.39068651
1.63099995	-0.53730929	0.38524237
1.63199995	-0.15818775	0.35346949
1.63299995	0.27214566	0.30078125
1.63399995	0.61829478	0.23742002
1.63499995	0.82772517	0.17445867
1.63599995	0.83713704	0.12235482
1.63699995	0.64646900	0.08962844
1.63799995	0.29678273	0.08962844
1.63899995	-0.16024852	0.12235482
1.63999995	-0.54875124	0.17445867
1.64099995	-0.81326896	0.23742002
1.64199995	-0.86549580	0.30078125
1.64299995	-0.69721949	0.35346949
1.64399995	-0.37017101	0.38524237
1.64499995	0.06868234	0.39068651
1.64599995	0.46182948	0.36771038
1.64699995	0.75052285	0.32049704
1.64799995	0.85528421	0.25698203
1.64899995	0.76027310	0.18793061
1.64999995	0.48419046	0.13013656
1.65099995	0.06960507	0.09316560
1.65199995	-0.35097811	0.08452263
1.65299995	-0.71721208	0.10571481
1.65399995	-0.87804502	0.15197465
1.65499995	-0.81083906	0.21558194
1.65599995	-0.55311882	0.28189591
1.65699995	-0.14028667	0.33941314
1.65799995	0.27334523	0.37995201
1.65899995	0.62619954	0.39693037
1.65999995	0.82077384	0.37949064
1.66099995	0.82683319	0.33043185
1.66199995	0.63856423	0.26983884
1.66299995	0.28635579	0.20807701
1.66399995	-0.13699557	0.14748400
1.66499995	-0.57043552	0.09842519
1.66599995	-0.82495695	0.08098548
1.66699995	-0.86488068	0.09796382
1.66799995	-0.69740403	0.13850270
1.66899995	-0.34448817	0.19601993
1.66999995	0.06345350	0.26233390
1.67099995	0.46592027	0.32594118
1.67199995	0.74197221	0.37220103
1.67299995	0.84910184	0.39339322
1.67399995	0.75682825	0.38475025
1.67499995	0.48086861	0.34777927
1.67599995	0.08433809	0.28998524
1.67699995	-0.37450787	0.22093381
1.67799995	-0.70789248	0.15741880
1.67899995	-0.86887920	0.11020546
1.67999995	-0.80988556	0.08722933
1.68099995	-0.53807825	0.09267347
1.68199995	-0.15588090	0.12429257
1.68299995	0.28112698	0.17636564
1.68399995	0.62727606	0.24280265
1.68499995	0.83003199	0.31246924
1.68599995	0.83636808	0.36441928
1.68699995	0.64631522	0.38982528
1.68799995	0.29678273	0.38967150
1.68899995	-0.16024852	0.36365035
1.68999995	-0.54875124	0.31477609
1.69099995	-0.81326896	0.25178397
1.69199995	-0.86549580	0.18534695
1.69299995	-0.69721949	0.12659942
1.69399995	-0.37017101	0.09190453
1.69499995	0.06868234	0.08707554
1.69599995	0.46198326	0.11020546
1.69699995	0.75129181	0.15741880
1.69799995	0.85297734	0.22093381
1.69899995	0.75129181	0.28998524
1.69999995	0.47523990	0.34762549
1.70099995	0.06729823	0.38398129
1.70199995	-0.35020915	0.39554626
1.70299995	-0.71705830	0.38041338
1.70399995	-0.87804502	0.33710629
1.70499995	-0.81083906	0.27288386
1.70599995	-0.55327266	0.20641609
1.70699995	-0.14105561	0.14889887
1.70799995	0.27565208	0.10866757
1.70899995	0.63518083	0.09291954
1.70999995	0.82960135	0.10433071
1.71099995	0.82837105	0.14065576
1.71199995	0.64013284	0.19844981
1.71299995	0.29515254	0.26814714
1.71399995	-0.12789124	0.32874015
1.71499995	-0.56735975	0.36989418
1.71599995	-0.82803273	0.39007136
1.71699995	-0.87401575	0.38585752
1.71799995	-0.70653909	0.35147023
1.71899995	-0.34756398	0.29333785
1.71999995	0.06652928	0.22382505
1.72099995	0.47508612	0.15415846
1.72199995	0.75083047	0.10513041
1.72299995	0.85067052	0.08513779
1.72399995	0.75855070	0.09101255
1.72499995	0.49046504	0.12189345
1.72599995	0.09101255	0.17661171
1.72699995	-0.38118234	0.24566314
1.72799995	-0.71764272	0.31225392
1.72899995	-0.87137055	0.36555734
1.72999995	-0.80911660	0.39130166
1.73099995	-0.53792447	0.38462722
1.73199995	-0.15572712	0.35580710
1.73299995	0.28189591	0.30979329
1.73399995	0.62496924	0.24643208
1.73499995	0.82105070	0.17676550
1.73599995	0.82750982	0.12173966
1.73699995	0.64477730	0.09024360
1.73799995	0.29521409	0.08747540
1.73899995	-0.16904527	0.11411171
1.73999995	-0.55788630	0.16313976
1.74099995	-0.81634474	0.22613189
1.74199995	-0.86242002	0.29256889
1.74299995	-0.68808442	0.35131642
1.74399995	-0.36115897	0.38601133
1.74499995	0.07098918	0.39084029
1.74599995	0.46106052	0.36755660
1.74699995	0.75036907	0.31972811
1.74799995	0.85528421	0.25928888
1.74899995	0.76027310	0.19691192
1.74999995	0.48403665	0.13908711
1.75099995	0.06883612	0.09547244
1.75199995	-0.34864050	0.08378445
1.75299995	-0.70823079	0.10556103
1.75399995	-0.86906374	0.15197465
1.75499995	-0.80853224	0.21558194
1.75599995	-0.55388778	0.28189591
1.75699995	-0.14044045	0.33941314
1.75799995	0.27334523	0.37979823
1.75899995	0.62619954	0.39616141
1.75999995	0.82077384	0.38182825
1.76099995	0.82683319	0.33944389
1.76199995	0.63856423	0.27869710
1.76299995	0.28635579	0.20961492
1.76399995	-0.13699557	0.14902189
1.76499995	-0.57043552	0.10725271
1.76599995	-0.82480317	0.09015132
1.76699995	-0.86411172	0.10103962
1.76799995	-0.69986469	0.13542692
1.76899995	-0.35426918	0.18688484
1.76999995	0.05677903	0.25332186
1.77099995	0.47259474	0.32360360
1.77199995	0.75175321	0.37293923
1.77299995	0.85159326	0.39354700
1.77399995	0.75605929	0.38459647
1.77499995	0.48071480	0.34701034
1.77599995	0.08433809	0.29229209
1.77699995	-0.37450787	0.22994587
1.77799995	-0.70789248	0.16643086
1.77899995	-0.86887920	0.11251231
1.77999995	-0.80988556	0.08646038
1.78099995	-0.53807825	0.09251969
1.78199995	-0.15588090	0.12444635
1.78299995	0.28112698	0.17713459
1.78399995	0.62742984	0.24049582
1.78499995	0.83080095	0.30345717
1.78599995	0.83406126	0.35540724
1.78699995	0.63736469	0.38751847
1.78799995	0.28795522	0.39059424
1.78899995	-0.16178642	0.36457309
1.78999995	-0.55031985	0.31246924
1.79099995	-0.82212722	0.24280265
1.79199995	-0.87466168	0.17636564
1.79299995	-0.70032603	0.12429257
1.79399995	-0.36709523	0.09251969
1.79499995	0.07781742	0.08646038
1.79599995	0.47081077	0.11251231
1.79699995	0.75282973	0.16643086
1.79799995	0.85451525	0.22994587
1.79899995	0.76008856	0.29229209
1.79999995	0.48419046	0.34701034
1.80099995	0.06960507	0.38459647
1.80199995	-0.35097811	0.39339322
1.80299995	-0.71721208	0.37220103
1.80399995	-0.87804502	0.32594118
1.80499995	-0.81083906	0.26233390
1.80599995	-0.55327266	0.19586614
1.80699995	-0.14105561	0.13773376
1.80799995	0.27565208	0.10042446
1.80899995	0.63518083	0.09076649
1.80999995	0.82960135	0.10509966
1.81099995	0.82837105	0.14080955
1.81199995	0.64013284	0.19829601
1.81299995	0.29515254	0.26737821
1.81399995	-0.12789124	0.33120078
1.81499995	-0.56735975	0.37964442
1.81599995	-0.82803273	0.39677659
1.81699995	-0.87401575	0.37918308
1.81799995	-0.70638531	0.34171999
1.81899995	-0.34679502	0.29087722
1.81999995	0.06422244	0.22459400
1.82099995	0.46607405	0.15431225
1.82199995	0.74197221	0.10497662
1.82299995	0.84910184	0.08436885
1.82399995	0.75698203	0.09331939
1.82499995	0.48163754	0.13090551
1.82599995	0.08200049	0.18577756
1.82699995	-0.38351992	0.24873893
1.82799995	-0.71687376	0.30902436
1.82899995	-0.87121677	0.35565329
1.82999995	-0.80911660	0.38462722
1.83099995	-0.53792447	0.39130166
1.83199995	-0.15572712	0.36555734
1.83299995	0.28189591	0.31225392
1.83399995	0.62496924	0.24566314
1.83499995	0.82105070	0.17661171
1.83599995	0.82735604	0.12173966
1.83699995	0.64400834	0.09024360
1.83799995	0.29752091	0.08747540
1.83899995	-0.16009474	0.11411171
1.83999995	-0.54875124	0.16313976
1.84099995	-0.81326896	0.22613189
1.84199995	-0.86549580	0.29256889
1.84299995	-0.69721949	0.35131642
1.84399995	-0.37017101	0.38601133
1.84499995	0.06868234	0.39084029
1.84599995	0.46182948	0.36755660
1.84699995	0.75052285	0.31972811
1.84799995	0.85528421	0.25928888
1.84899995	0.76027310	0.19691192
1.84999995	0.48419046	0.13924089
1.85099995	0.06960507	0.09624138
1.85199995	-0.35113189	0.08160064
1.85299995	-0.71798104	0.09734867
1.85399995	-0.87573820	0.14080955
1.85499995	-0.80185777	0.20503199
1.85599995	-0.54410678	0.27134597
1.85699995	-0.13797982	0.32824802
1.85799995	0.27257627	0.37143210
1.85899995	0.62604576	0.39323941
1.85999995	0.82077384	0.38475025
1.86099995	0.82683319	0.34777927
1.86199995	0.63856423	0.28998524
1.86299995	0.28635579	0.22093381
1.86399995	-0.13699557	0.15741880
1.86499995	-0.57043552	0.11020546
1.86599995	-0.82495695	0.08707554
1.86699995	-0.86488068	0.09190453
1.86799995	-0.69740403	0.12659942
1.86899995	-0.34448817	0.18534695
1.86999995	0.06345350	0.25178397
1.87099995	0.46592027	0.31477609
1.87199995	0.74197221	0.36380413
1.87299995	0.84910184	0.39044046
1.87399995	0.75698203	0.38751847
1.87499995	0.48163754	0.35540724
1.87599995	0.08200049	0.30345717
1.87699995	-0.38351992	0.24049582
1.87799995	-0.71687376	0.17713459
1.87899995	-0.87121677	0.12444635
1.87999995	-0.80911660	0.09251969
1.88099995	-0.53792447	0.08646038
1.88199995	-0.15588090	0.11251231
1.88299995	0.28112698	0.16643086
1.88399995	0.62727606	0.22994587
1.88499995	0.83003199	0.29229209
1.88599995	0.83636808	0.34701034
1.88699995	0.64631522	0.38459647
1.88799995	0.29678273	0.39354700
1.88899995	-0.16024852	0.37293923
1.88999995	-0.54875124	0.32360360
1.89099995	-0.81326896	0.25332186
1.89199995	-0.86549580	0.18688484
1.89299995	-0.69721949	0.13542692
1.89399995	-0.37017101	0.10103962
1.89499995	0.06868234	0.09015132
1.89599995	0.46198326	0.10725271
1.89699995	0.75129181	0.14902189
1.89799995	0.85297734	0.20961492
1.89899995	0.75129181	0.27869710
1.89999995	0.47523990	0.33944389
1.90099995	0.06729823	0.38182825
1.90199995	-0.35020915	0.39631522
1.90299995	-0.71705830	0.38056716
1.90399995	-0.87804502	0.33710629
1.90499995	-0.81083906	0.27288386
1.90599995	-0.55311882	0.20656988
1.90699995	-0.14028667	0.14966781
1.90799995	0.27334523	0.10632997
1.90899995	0.62619954	0.08393824
1.90999995	0.82077384	0.09547244
1.91099995	0.82683319	0.13908711
1.91199995	0.63841045	0.19691192
1.91299995	0.28558686	0.25928888
1.91399995	-0.13468874	0.31972811
1.91499995	-0.56145424	0.36755660
1.91599995	-0.81594485	0.39084029
1.91699995	-0.86254305	0.38601133
1.91799995	-0.69817299	0.35131642
1.91899995	-0.34464198	0.29256889
1.91999995	0.06345350	0.22597811
1.92099995	0.46592027	0.16237082
1.92199995	0.74181843	0.11644931
1.92299995	0.84833294	0.09645669
1.92399995	0.75931960	0.09925566
1.92499995	0.49061885	0.12404650
1.92599995	0.09101255	0.17599656
1.92699995	-0.38118234	0.24627830
1.92799995	-0.71764272	0.30994710
1.92899995	-0.87137055	0.35657603
1.92999995	-0.80911660	0.38232037
1.93099995	-0.53792447	0.38232037
1.93199995	-0.15572712	0.35657603
1.93299995	0.28189591	0.30994710
1.93399995	0.62496924	0.24643208
1.93499995	0.82105070	0.17676550
1.93599995	0.82735604	0.12173966
1.93699995	0.64400834	0.09024360
1.93799995	0.29752091	0.08762918
1.93899995	-0.16009474	0.11488066
1.93999995	-0.54875124	0.16098671
1.94099995	-0.81326896	0.21788877
1.94199995	-0.86549580	0.28128076
1.94299995	-0.69721949	0.34002829
1.94399995	-0.37017101	0.37764516
1.94499995	0.06868234	0.38791829
1.94599995	0.46182948	0.37066314
1.94699995	0.75052285	0.32889396
1.94799995	0.85528421	0.26814714
1.94899995	0.76027310	0.19844981
1.94999995	0.48419046	0.14065576
1.95099995	0.06960507	0.10433071
1.95199995	-0.35097811	0.09291954
1.95299994	-0.71721208	0.10866757
1.95399994	-0.87804502	0.14889887
1.95499994	-0.81083906	0.20641609
1.95599994	-0.55311882	0.27288386
1.95699994	-0.14028667	0.33710629
1.95799994	0.27334523	0.38056716
1.95899994	0.62619954	0.39631522
1.95999994	0.82077384	0.38167447
1.96099994	0.82683319	0.33867496
1.96199994	0.63841045	0.28100392
1.96299994	0.28558686	0.21862696
1.96399994	-0.13468874	0.15818775
1.96499994	-0.56145424	0.11035925
1.96599994	-0.81594485	0.08707554
1.96699994	-0.86254305	0.09190453
1.96799994	-0.69832677	0.12659942
1.96899994	-0.34541091	0.18534695
1.96999994	0.06576034	0.25178397
1.97099994	0.47490159	0.31477609
1.97199994	0.75098425	0.36380413
1.97299994	0.85143948	0.39044046
1.97399994	0.75605929	0.38751847
1.97499994	0.48071480	0.35540724
1.97599994	0.08433809	0.30345717
1.97699994	-0.37450787	0.24049582
1.97799994	-0.70773870	0.17713459
1.97899994	-0.86811024	0.12444635
1.97999994	-0.81219244	0.09251969
1.98099994	-0.54709029	0.08646038
1.98199994	-0.16470842	0.11235851
1.98299994	0.27955833	0.16566192
1.98399994	0.62573820	0.23225270
1.98499994	0.82120448	0.30130413
1.98599994	0.82735604	0.35602239
1.98699994	0.64400834	0.38690329
1.98799994	0.29752091	0.39262426
1.98899994	-0.16009474	0.37201649
1.98999994	-0.54875124	0.32594118
1.99099994	-0.81326896	0.26233390
1.99199994	-0.86549580	0.19586614
1.99299994	-0.69721949	0.13773376
1.99399994	-0.37017101	0.10027067
1.99499994	0.06868234	0.08999754
1.99599994	0.46182948	0.10725271
1.99699994	0.75052285	0.14902189
1.99799994	0.85528421	0.20961492
1.99899994	0.76027310	0.27869710
1.99999994	0.48403665	0.33944389
2.00099994	0.06883612	0.38182825
2.00199994	-0.34864050	0.39631522
2.00299994	-0.70823079	0.38056716
