Time	Channel A	Channel B
(us)	(V)	(V)

-0.00400000	0.73908097	0.10085507
-0.00300000	0.45343259	0.11783341
-0.00200000	0.05105807	0.16175567
-0.00100000	-0.40904897	0.22659326
0.00000000	-0.73086858	0.29056963
0.00100000	-0.86946356	0.34387302
0.00200000	-0.78980070	0.37318528
0.00300000	-0.50166094	0.37438485
0.00400000	-0.11358882	0.33938238
0.00500000	0.31797490	0.27334523
0.00600000	0.64932948	0.20610851
0.00700000	0.82966292	0.14736098
0.00800000	0.81874382	0.11251231
0.00900000	0.61964810	0.10706816
0.01000000	0.26131889	0.13327387
0.01100000	-0.20297121	0.18719243
0.01200000	-0.58301550	0.25132260
0.01300000	-0.82514149	0.31616017
0.01400000	-0.85377705	0.35992864
0.01500000	-0.66369343	0.37629184
0.01600000	-0.32507998	0.35885212
0.01700000	0.11312746	0.31040847
0.01800000	0.49732405	0.24612451
0.01900000	0.76968503	0.17525837
0.02000000	0.85719121	0.12561515
0.02100000	0.74704725	0.10442298
0.02200000	0.45635459	0.11611097
0.02300000	0.02965059	0.15911049
0.02400000	-0.38816437	0.22031865
0.02500000	-0.73745078	0.29060039
0.02600000	-0.87764519	0.34608760
0.02700000	-0.78863192	0.37881398
0.02800000	-0.51657850	0.37589198
0.02900000	-0.09953248	0.33772147
0.03000000	0.31409940	0.27928150
0.03100000	0.66270918	0.20903051
0.03200000	0.84282726	0.15074433
0.03300000	0.82649481	0.11318897
0.03400000	0.62066317	0.10734498
0.03500000	0.25812009	0.13398130
0.03600000	-0.16799951	0.18654650
0.03700000	-0.59599531	0.25744340
0.03800000	-0.83892101	0.31862080
0.03900000	-0.86312747	0.36103591
0.04000000	-0.67808807	0.37567666
0.04100000	-0.30822465	0.36054379
0.04200000	0.10556103	0.31382260
0.04300000	0.50199926	0.24234129
0.04400000	0.76636320	0.17805733
0.04500000	0.85774481	0.13019808
0.04600000	0.74806225	0.10999016
0.04700000	0.45577016	0.12090920
0.04800000	0.05028912	0.15867987
0.04900000	-0.40920275	0.21742742
0.05000000	-0.73071480	0.28174213
0.05100000	-0.86869460	0.34233513
0.05200000	-0.79213828	0.37161663
0.05300000	-0.51067299	0.36555734
0.05400000	-0.12275468	0.33040109
0.05500000	0.31486836	0.27103838
0.05600000	0.65240526	0.20687746
0.05700000	0.83882874	0.14751476
0.05800000	0.82757133	0.11251231
0.05900000	0.62121677	0.10706816
0.06000000	0.26288754	0.13327387
0.06100000	-0.19414370	0.18719243
0.06200000	-0.57391119	0.25132260
0.06300000	-0.82206571	0.31616017
0.06400000	-0.85685283	0.35992864
0.06500000	-0.67285925	0.37629184
0.06600000	-0.33409202	0.35885212
0.06700000	0.11078987	0.31040847
0.06800000	0.49824679	0.24612451
0.06900000	0.77060777	0.17525837
0.07000000	0.85488433	0.12561515
0.07100000	0.73806596	0.10442298
0.07200000	0.44721949	0.11611097
0.07300000	0.02657480	0.15911049
0.07400000	-0.38490403	0.22047244
0.07500000	-0.72754675	0.29136935
0.07600000	-0.87097073	0.34378076
0.07700000	-0.79530632	0.36980191
0.07800000	-0.52617496	0.36687991
0.07900000	-0.10125492	0.33541462
0.08000000	0.31268454	0.28005046
0.08100000	0.65468132	0.20918430
0.08200000	0.83153909	0.15074433
0.08300000	0.81517595	0.11318897
0.08400000	0.61242002	0.10734498
0.08500000	0.25596702	0.13398130
0.08600000	-0.16723056	0.18654650
0.08700000	-0.59581077	0.25744340
0.08800000	-0.83892101	0.31862080
0.08900000	-0.86312747	0.36103591
0.09000000	-0.67808807	0.37567666
0.09100000	-0.30822465	0.36054379
0.09200000	0.10571481	0.31382260
0.09300000	0.50276822	0.24234129
0.09400000	0.76402557	0.17821112
0.09500000	0.84876353	0.13096702
0.09600000	0.73908097	0.10768332
0.09700000	0.45343259	0.11189715
0.09800000	0.05105807	0.14969857
0.09900000	-0.40904897	0.21512057
0.10000000	-0.73086858	0.28251109
0.10100000	-0.86946356	0.34248891
0.10200000	-0.78980070	0.37161663
0.10300000	-0.50166094	0.36555734
0.10400000	-0.11374262	0.33040109
0.10500000	0.31720597	0.27103838
0.10600000	0.65163630	0.20687746
0.10700000	0.83867496	0.14751476
0.10800000	0.82772517	0.11251231
0.10900000	0.62198573	0.10706816
0.11000000	0.26054996	0.13327387
0.11100000	-0.20312500	0.18719243
0.11200000	-0.58301550	0.25132260
0.11300000	-0.82514149	0.31616017
0.11400000	-0.85377705	0.35992864
0.11500000	-0.66369343	0.37629184
0.11600000	-0.32507998	0.35885212
0.11700000	0.11312746	0.31040847
0.11800000	0.49732405	0.24612451
0.11900000	0.76968503	0.17525837
0.12000000	0.85719121	0.12561515
0.12100000	0.74704725	0.10442298
0.12200000	0.45620078	0.11611097
0.12300000	0.02888164	0.15911049
0.12400000	-0.38582677	0.22047244
0.12500000	-0.72846949	0.29136935
0.12600000	-0.86866385	0.34378076
0.12700000	-0.78632504	0.36980191
0.12800000	-0.51719368	0.36687991
0.12900000	-0.09894808	0.33541462
0.13000000	0.31176180	0.28005046
0.13100000	0.65375859	0.20918430
0.13200000	0.83399975	0.15074433
0.13300000	0.82492620	0.11318897
0.13400000	0.61897147	0.10734498
0.13500000	0.24855438	0.13398130
0.13600000	-0.17464320	0.18654650
0.13700000	-0.58929008	0.25744340
0.13800000	-0.82917076	0.31862080
0.13900000	-0.86066681	0.36103591
0.14000000	-0.67885703	0.37567666
0.14100000	-0.30837846	0.36054379
0.14200000	0.10556103	0.31397638
0.14300000	0.50199926	0.24311024
0.14400000	0.76636320	0.17575049
0.14500000	0.85774481	0.12121678
0.14600000	0.74806225	0.10100885
0.14700000	0.45577016	0.11860237
0.14800000	0.05028912	0.15944882
0.14900000	-0.40920275	0.21758120
0.15000000	-0.73086858	0.28174213
0.15100000	-0.86946356	0.34233513
0.15200000	-0.78980070	0.37146285
0.15300000	-0.50166094	0.36478838
0.15400000	-0.11374262	0.33270791
0.15500000	0.31720597	0.28001967
0.15600000	0.65163630	0.21588951
0.15700000	0.83867496	0.14985237
0.15800000	0.82757133	0.11174335
0.15900000	0.62121677	0.10691437
0.16000000	0.26288754	0.13327387
0.16100000	-0.19414370	0.18719243
0.16200000	-0.57391119	0.25132260
0.16300000	-0.82206571	0.31616017
0.16400000	-0.85685283	0.36008242
0.16500000	-0.67285925	0.37706077
0.16600000	-0.33409202	0.35654527
0.16700000	0.11078987	0.30139640
0.16800000	0.49809301	0.23711245
0.16900000	0.76983881	0.17292076
0.17000000	0.85719121	0.12638411
0.17100000	0.74704725	0.10457677
0.17200000	0.45620078	0.11611097
0.17300000	0.02888164	0.15911049
0.17400000	-0.38567299	0.22047244
0.17500000	-0.72770053	0.29136935
0.17600000	-0.87097073	0.34378076
0.17700000	-0.79530632	0.36980191
0.17800000	-0.52632874	0.36687991
0.17900000	-0.10202387	0.33541462
0.18000000	0.31502214	0.28005046
0.18100000	0.66363192	0.20918430
0.18200000	0.84048969	0.15074433
0.18300000	0.81748277	0.11318897
0.18400000	0.61152804	0.10734498
0.18499999	0.25504428	0.13398130
0.18599999	-0.16492371	0.18654650
0.18699999	-0.58682948	0.25744340
0.18799999	-0.82993972	0.31880537
0.18899999	-0.86082059	0.36180487
0.18999999	-0.67885703	0.37333909
0.19099999	-0.30837846	0.35153174
0.19199999	0.10556103	0.30499509
0.19299999	0.50199926	0.24080339
0.19399999	0.76636320	0.17667323
0.19499999	0.85774481	0.12213952
0.19599999	0.74806225	0.09854823
0.19699999	0.45577016	0.10882135
0.19799999	0.05028912	0.15277436
0.19899999	-0.40920275	0.22428642
0.19999999	-0.73086858	0.29149237
0.20099999	-0.86946356	0.34479576
0.20199999	-0.78980070	0.37069389
0.20299999	-0.50166094	0.36463460
0.20399999	-0.11374262	0.33270791
0.20499999	0.31720597	0.28001967
0.20599999	0.65163630	0.21588951
0.20699999	0.83867496	0.14985237
0.20799999	0.82772517	0.11174335
0.20899999	0.62198573	0.10691437
0.20999999	0.26054996	0.13327387
0.21099999	-0.20312500	0.18719243
0.21199999	-0.58286172	0.25132260
0.21299999	-0.82437253	0.31616017
0.21399999	-0.85611469	0.35992864
0.21499999	-0.67270547	0.37629184
0.21599999	-0.33409202	0.35885212
0.21699999	0.11078987	0.31040847
0.21799999	0.49809301	0.24612451
0.21899999	0.76983881	0.17525837
0.21999999	0.85719121	0.12561515
0.22099999	0.74704725	0.10442298
0.22199999	0.45620078	0.11611097
0.22299999	0.02888164	0.15911049
0.22399999	-0.38582677	0.22047244
0.22499999	-0.72846949	0.29136935
0.22599999	-0.86866385	0.34378076
0.22699999	-0.78632504	0.36980191
0.22799999	-0.51719368	0.36687991
0.22899999	-0.09894808	0.33541462
0.22999999	0.31176180	0.28005046
0.23099999	0.65375859	0.20918430
0.23199999	0.83399975	0.15074433
0.23299999	0.82492620	0.11318897
0.23399999	0.61897147	0.10749877
0.23499999	0.24855438	0.13475025
0.23599999	-0.17464320	0.18423967
0.23699999	-0.58929008	0.24843135
0.23799999	-0.82917076	0.30963951
0.23899999	-0.86066681	0.35869834
0.23999999	-0.67885703	0.37644562
0.24099999	-0.30837846	0.36069760
0.24199999	0.10556103	0.31397638
0.24299999	0.50199926	0.24311024
0.24399999	0.76636320	0.17575049
0.24499999	0.85774481	0.12121678
0.24599999	0.74806225	0.10100885
0.24699999	0.45577016	0.11860237
0.24799999	0.05028912	0.15944882
0.24899999	-0.40920275	0.21758120
0.24999999	-0.73086858	0.28158835
0.25099999	-0.86946356	0.34156618
0.25199999	-0.78980070	0.37395424
0.25299999	-0.50166094	0.37453863
0.25399999	-0.11374262	0.33938238
0.25499999	0.31720597	0.27334523
0.25599999	0.65163630	0.20610851
0.25699999	0.83867496	0.14736098
0.25799999	0.82772517	0.11251231
0.25899999	0.62198573	0.10706816
0.25999999	0.26054996	0.13327387
0.26099999	-0.20312500	0.18719243
0.26199999	-0.58286172	0.25132260
0.26299999	-0.82437253	0.31616017
0.26399999	-0.85611469	0.36008242
0.26499999	-0.67270547	0.37706077
0.26599999	-0.33409202	0.35654527
0.26699999	0.11078987	0.30139640
0.26799999	0.49824679	0.23711245
0.26899999	0.77060777	0.17292076
0.26999999	0.85488433	0.12638411
0.27099999	0.73806596	0.10457677
0.27199999	0.44721949	0.11611097
0.27299999	0.02657480	0.15911049
0.27399999	-0.38490403	0.22047244
0.27499999	-0.72754675	0.29136935
0.27599999	-0.87097073	0.34378076
0.27699999	-0.79530632	0.36980191
0.27799999	-0.52632874	0.36687991
0.27899999	-0.10202387	0.33541462
0.27999999	0.31502214	0.28005046
0.28099999	0.66363192	0.20918430
0.28199999	0.84048969	0.15074433
0.28299999	0.81748277	0.11318897
0.28399999	0.61168182	0.10734498
0.28499999	0.25581324	0.13398130
0.28599999	-0.16723056	0.18654650
0.28699999	-0.59581077	0.25744340
0.28799999	-0.83876723	0.31862080
0.28899999	-0.86235851	0.36103591
0.28999999	-0.68039495	0.37567666
0.29099999	-0.31720597	0.36054379
0.29199999	0.09676427	0.31397638
0.29299999	0.50046134	0.24311024
0.29399999	0.76479453	0.17575049
0.29499999	0.84891731	0.12121678
0.29599999	0.73908097	0.10100885
0.29699999	0.45343259	0.11860237
0.29799999	0.05105807	0.15944882
0.29899999	-0.40904897	0.21758120
0.29999999	-0.73086858	0.28158835
0.30099999	-0.86946356	0.34156618
0.30199999	-0.78980070	0.37395424
0.30299999	-0.50166094	0.37453863
0.30399999	-0.11374262	0.33938238
0.30499999	0.31720597	0.27334523
0.30599999	0.65163630	0.20610851
0.30699999	0.83867496	0.14736098
0.30799999	0.82757133	0.11251231
0.30899999	0.62121677	0.10706816
0.30999999	0.26304135	0.13327387
0.31099999	-0.19337475	0.18719243
0.31199999	-0.57637179	0.25132260
0.31299999	-0.83181596	0.31616017
0.31399999	-0.86355805	0.35992864
0.31499999	-0.66618478	0.37629184
0.31599999	-0.32434177	0.35885212
0.31699999	0.11328125	0.31040847
0.31799999	0.49732405	0.24612451
0.31899999	0.76968503	0.17525837
0.31999999	0.85719121	0.12561515
0.32099999	0.74704725	0.10442298
0.32199999	0.45620078	0.11611097
0.32299999	0.02888164	0.15911049
0.32399999	-0.38582677	0.22047244
0.32499999	-0.72846949	0.29136935
0.32599999	-0.86866385	0.34378076
0.32699999	-0.78632504	0.36980191
0.32799999	-0.51719368	0.36687991
0.32899999	-0.09894808	0.33541462
0.32999999	0.31176180	0.28005046
0.33099999	0.65375859	0.20918430
0.33199999	0.83384597	0.15074433
0.33299999	0.82415724	0.11318897
0.33399999	0.62143207	0.10749877
0.33499999	0.25827387	0.13475025
0.33599999	-0.16799951	0.18423967
0.33699999	-0.59599531	0.24843135
0.33799999	-0.83876723	0.30979329
0.33899999	-0.86235851	0.35946727
0.33999999	-0.68039495	0.37410802
0.34099999	-0.31720597	0.35171628
0.34199999	0.09661048	0.30499509
0.34299999	0.49969241	0.24080339
0.34399999	0.76710135	0.17651944
0.34499999	0.85789859	0.12137057
0.34599999	0.74806225	0.10100885
0.34699999	0.45577016	0.11860237
0.34799999	0.05028912	0.15944882
0.34899999	-0.40920275	0.21758120
0.34999999	-0.73086858	0.28174213
0.35099999	-0.86946356	0.34233513
0.35199999	-0.78980070	0.37161663
0.35299999	-0.50166094	0.36555734
0.35399999	-0.11374262	0.33040109
0.35499999	0.31720597	0.27103838
0.35599999	0.65163630	0.20687746
0.35699999	0.83867496	0.14751476
0.35799999	0.82772517	0.11251231
0.35899999	0.62198573	0.10706816
0.35999999	0.26054996	0.13327387
0.36099999	-0.20312500	0.18719243
0.36199999	-0.58286172	0.25132260
0.36299999	-0.82437253	0.31616017
0.36399999	-0.85611469	0.35992864
0.36499999	-0.67270547	0.37629184
0.36599999	-0.33409202	0.35885212
0.36699999	0.11078987	0.31040847
0.36799999	0.49824679	0.24627830
0.36899999	0.77060777	0.17599656
0.36999999	0.85488433	0.12327756
0.37099999	0.73806596	0.09541093
0.37199999	0.44721949	0.10728347
0.37299999	0.02657480	0.15757258
0.37399999	-0.38505784	0.21893455
0.37499999	-0.72831571	0.28254184
0.37599999	-0.86866385	0.33479947
0.37699999	-0.78632504	0.36749509
0.37799999	-0.51719368	0.36764887
0.37899999	-0.09894808	0.33556840
0.37999999	0.31194636	0.28005046
0.38099999	0.65452754	0.20918430
0.38199999	0.83153909	0.15074433
0.38299999	0.81517595	0.11318897
0.38399999	0.61242002	0.10734498
0.38499999	0.25596702	0.13398130
0.38599999	-0.16723056	0.18654650
0.38699999	-0.59581077	0.25744340
0.38799999	-0.83892101	0.31880537
0.38899999	-0.86312747	0.36180487
0.38999999	-0.67808807	0.37333909
0.39099999	-0.30822465	0.35153174
0.39199999	0.10556103	0.30484128
0.39299999	0.50199926	0.24003445
0.39399999	0.76636320	0.17898007
0.39499999	0.85774481	0.13112082
0.39599999	0.74806225	0.10768332
0.39699999	0.45577016	0.11189715
0.39799999	0.05028912	0.14969857
0.39899999	-0.40920275	0.21512057
0.39999999	-0.73086858	0.28235728
0.40099999	-0.86946356	0.34171999
0.40199999	-0.78980070	0.37395424
0.40299999	-0.50166094	0.37453863
0.40399999	-0.11374262	0.33938238
0.40499999	0.31720597	0.27334523
0.40599999	0.65163630	0.20610851
0.40699999	0.83867496	0.14736098
0.40799999	0.82772517	0.11251231
0.40899999	0.62198573	0.10706816
0.40999999	0.26054996	0.13327387
0.41099999	-0.20312500	0.18719243
0.41199999	-0.58286172	0.25132260
0.41299999	-0.82437253	0.31616017
0.41399999	-0.85611469	0.35992864
0.41499999	-0.67270547	0.37629184
0.41599999	-0.33409202	0.35885212
0.41699999	0.11078987	0.31040847
0.41799999	0.49809301	0.24612451
0.41899999	0.76983881	0.17525837
0.41999999	0.85719121	0.12561515
0.42099999	0.74704725	0.10442298
0.42199999	0.45620078	0.11611097
0.42299999	0.02888164	0.15911049
0.42399999	-0.38567299	0.22047244
0.42499999	-0.72770053	0.29136935
0.42599999	-0.87097073	0.34378076
0.42699999	-0.79530632	0.36980191
0.42799999	-0.52617496	0.36687991
0.42899999	-0.10125492	0.33541462
0.42999999	0.31253076	0.28005046
0.43099999	0.65391243	0.20918430
0.43199999	0.83384597	0.15074433
0.43299999	0.82415724	0.11318897
0.43399999	0.62143207	0.10734498
0.43499999	0.25827387	0.13398130
0.43599999	-0.16799951	0.18654650
0.43699999	-0.59599531	0.25744340
0.43799999	-0.83892101	0.31880537
0.43899999	-0.86312747	0.36180487
0.43999999	-0.67808807	0.37333909
0.44099999	-0.30822465	0.35153174
0.44199999	0.10571481	0.30499509
0.44299999	0.50276822	0.24080339
0.44399999	0.76402557	0.17651944
0.44499999	0.84876353	0.12137057
0.44599999	0.73908097	0.10100885
0.44699999	0.45343259	0.11860237
0.44799999	0.05105807	0.15944882
0.44899999	-0.40904897	0.21758120
0.44999999	-0.73086858	0.28158835
0.45099999	-0.86946356	0.34156618
0.45199999	-0.78980070	0.37376967
0.45299999	-0.50166094	0.37376967
0.45399999	-0.11374262	0.34171999
0.45499999	0.31720597	0.28235728
0.45599999	0.65163630	0.21512057
0.45699999	0.83867496	0.14969857
0.45799999	0.82757133	0.11174335
0.45899999	0.62121677	0.10691437
0.45999999	0.26288754	0.13327387
0.46099999	-0.19414370	0.18719243
0.46199999	-0.57406497	0.25132260
0.46299999	-0.82283467	0.31616017
0.46399999	-0.85454601	0.35992864
0.46499999	-0.66384721	0.37629184
0.46599999	-0.32507998	0.35885212
0.46699999	0.11312746	0.31040847
0.46799999	0.49747786	0.24612451
0.46899999	0.77045399	0.17525837
0.46999999	0.85488433	0.12576894
0.47099999	0.73806596	0.10516117
0.47199999	0.44721949	0.11380413
0.47299999	0.02657480	0.15012918
0.47399999	-0.38490403	0.21149114
0.47499999	-0.72754675	0.28903174
0.47599999	-0.87097073	0.34454972
0.47699999	-0.79530632	0.36995572
0.47799999	-0.52632874	0.36687991
0.47899999	-0.10202387	0.33541462
0.47999999	0.31502214	0.28005046
0.48099999	0.66363192	0.20918430
0.48199999	0.84048969	0.15074433
0.48299999	0.81748277	0.11318897
0.48399999	0.61152804	0.10734498
0.48499999	0.25504428	0.13398130
0.48599999	-0.16492371	0.18654650
0.48699999	-0.58682948	0.25744340
0.48799999	-0.82993972	0.31880537
0.48899999	-0.86082059	0.36180487
0.48999999	-0.67885703	0.37333909
0.49099999	-0.30837846	0.35153174
0.49199999	0.10556103	0.30484128
0.49299999	0.50199926	0.24003445
0.49399999	0.76636320	0.17898007
0.49499999	0.85774481	0.13112082
0.49599999	0.74806225	0.10768332
0.49699999	0.45577016	0.11189715
0.49799999	0.05028912	0.14969857
0.49899999	-0.40920275	0.21512057
0.49999999	-0.73086858	0.28235728
0.50099999	-0.86946356	0.34171999
0.50199999	-0.78980070	0.37376967
0.50299999	-0.50166094	0.37376967
0.50399999	-0.11374262	0.34171999
0.50499999	0.31720597	0.28235728
0.50599999	0.65163630	0.21512057
0.50699999	0.83867496	0.14969857
0.50799999	0.82772517	0.11174335
0.50899999	0.62198573	0.10691437
0.50999999	0.26054996	0.13327387
0.51099999	-0.20312500	0.18719243
0.51199999	-0.58301550	0.25132260
0.51299999	-0.82514149	0.31616017
0.51399999	-0.85377705	0.35992864
0.51499999	-0.66369343	0.37629184
0.51599999	-0.32507998	0.35885212
0.51699999	0.11312746	0.31040847
0.51799999	0.49732405	0.24612451
0.51899999	0.76968503	0.17525837
0.51999999	0.85719121	0.12561515
0.52099999	0.74704725	0.10442298
0.52199999	0.45620078	0.11611097
0.52299999	0.02888164	0.15911049
0.52399999	-0.38582677	0.22047244
0.52499999	-0.72846949	0.29136935
0.52599999	-0.86866385	0.34378076
0.52699999	-0.78632504	0.36980191
0.52799999	-0.51719368	0.36687991
0.52899999	-0.09894808	0.33541462
0.52999999	0.31176180	0.28005046
0.53099999	0.65375859	0.20918430
0.53199999	0.83399975	0.15074433
0.53299999	0.82492620	0.11318897
0.53399999	0.61912525	0.10749877
0.53499999	0.24932332	0.13475025
0.53599999	-0.17713459	0.18423967
0.53699999	-0.59907109	0.24843135
0.53799999	-0.83569145	0.30979329
0.53899998	-0.85322344	0.35946727
0.53999998	-0.67141360	0.37410802
0.54099998	-0.31486836	0.35171628
0.54199998	0.09584153	0.30499509
0.54299998	0.49953863	0.24080339
0.54399998	0.76710135	0.17667323
0.54499998	0.85789859	0.12213952
0.54599998	0.74806225	0.09854823
0.54699998	0.45577016	0.10882135
0.54799998	0.05028912	0.15277436
0.54899998	-0.40920275	0.22428642
0.54999998	-0.73086858	0.29133859
0.55099998	-0.86946356	0.34402683
0.55199998	-0.78980070	0.37303150
0.55299998	-0.50166094	0.37361589
0.55399998	-0.11374262	0.34171999
0.55499998	0.31720597	0.28235728
0.55599998	0.65179008	0.21512057
0.55699998	0.83944392	0.14969857
0.55799998	0.82526451	0.11174335
0.55899998	0.61220473	0.10691437
0.55999998	0.25387549	0.13327387
0.56099998	-0.19648130	0.18719243
0.56199998	-0.57314223	0.25147638
0.56299998	-0.82191193	0.31689838
0.56399998	-0.85685283	0.35762179
0.56499998	-0.67285925	0.36731052
0.56599998	-0.33409202	0.34974778
0.56699998	0.11078987	0.30733266
0.56799998	0.49824679	0.24920030
0.56899998	0.77060777	0.18439345
0.56999998	0.85488433	0.13475025
0.57099998	0.73806596	0.10749877
0.57199998	0.44721949	0.11303519
0.57299998	0.02657480	0.14997539
0.57399998	-0.38505784	0.21133736
0.57499998	-0.72831571	0.28826278
0.57599998	-0.86866385	0.34685653
0.57699998	-0.78632504	0.37896776
0.57799998	-0.51734746	0.37589198
0.57899998	-0.09968627	0.33772147
0.57999998	0.31425321	0.27946603
0.58099998	0.66347808	0.20976870
0.58199998	0.84048969	0.14840674
0.58299998	0.81748277	0.10420768
0.58399998	0.61152804	0.09833292
0.58499998	0.25504428	0.13167445
0.58599998	-0.16492371	0.18731545
0.58699998	-0.58682948	0.25759721
0.58799998	-0.82993972	0.31880537
0.58899998	-0.86082059	0.36180487
0.58999998	-0.67885703	0.37333909
0.59099998	-0.30837846	0.35153174
0.59199998	0.10556103	0.30484128
0.59299998	0.50199926	0.24003445
0.59399998	0.76636320	0.17898007
0.59499998	0.85774481	0.13112082
0.59599998	0.74821603	0.10752953
0.59699998	0.45650837	0.11112820
0.59799998	0.04798228	0.15200542
0.59899998	-0.41815329	0.22413263
0.59999998	-0.73984993	0.29149237
0.60099998	-0.87177044	0.34479576
0.60199998	-0.78903174	0.37069389
0.60299998	-0.50150716	0.36463460
0.60399998	-0.11358882	0.33270791
0.60499998	0.31797490	0.28001967
0.60599998	0.64932948	0.21604331
0.60699998	0.82966292	0.15059055
0.60799998	0.81874382	0.10943651
0.60899998	0.61964810	0.09793307
0.60999998	0.26131889	0.12429257
0.61099998	-0.20297121	0.18485482
0.61199998	-0.58301550	0.25209153
0.61299998	-0.82514149	0.31631398
0.61399998	-0.85377705	0.35992864
0.61499998	-0.66369343	0.37629184
0.61599998	-0.32507998	0.35885212
0.61699998	0.11312746	0.31040847
0.61799998	0.49732405	0.24612451
0.61899998	0.76968503	0.17525837
0.61999998	0.85719121	0.12576894
0.62099998	0.74704725	0.10516117
0.62199998	0.45620078	0.11380413
0.62299998	0.02888164	0.15012918
0.62399998	-0.38582677	0.21149114
0.62499998	-0.72846949	0.28903174
0.62599998	-0.86866385	0.34454972
0.62699998	-0.78632504	0.36995572
0.62799998	-0.51719368	0.36687991
0.62899998	-0.09894808	0.33541462
0.62999998	0.31176180	0.28005046
0.63099998	0.65375859	0.20918430
0.63199998	0.83399975	0.15074433
0.63299998	0.82492620	0.11318897
0.63399998	0.61897147	0.10734498
0.63499998	0.24855438	0.13398130
0.63599998	-0.17479700	0.18654650
0.63699998	-0.59005904	0.25744340
0.63799998	-0.82667935	0.31880537
0.63899998	-0.85088581	0.36180487
0.63999998	-0.67218256	0.37333909
0.64099998	-0.31502214	0.35153174
0.64199998	0.09584153	0.30484128
0.64299998	0.49953863	0.24003445
0.64399998	0.76710135	0.17898007
0.64499998	0.85789859	0.13112082
0.64599998	0.74821603	0.10768332
0.64699998	0.45650837	0.11189715
0.64799998	0.04798228	0.14969857
0.64899998	-0.41815329	0.21512057
0.64999998	-0.73969609	0.28235728
0.65099998	-0.87100148	0.34171999
0.65199998	-0.79136932	0.37376967
0.65299998	-0.51048845	0.37376967
0.65399998	-0.12275468	0.34171999
0.65499998	0.31486836	0.28235728
0.65599998	0.65255904	0.21512057
0.65699998	0.83959770	0.14969857
0.65799998	0.82541829	0.11174335
0.65899998	0.61297369	0.10691437
0.65999998	0.25156865	0.13327387
0.66099998	-0.20543183	0.18719243
0.66199998	-0.58209276	0.25132260
0.66299998	-0.82421875	0.31616017
0.66399998	-0.85611469	0.35992864
0.66499998	-0.67270547	0.37629184
0.66599998	-0.33409202	0.35885212
0.66699998	0.11078987	0.31040847
0.66799998	0.49824679	0.24627830
0.66899998	0.77060777	0.17599656
0.66999998	0.85488433	0.12327756
0.67099998	0.73806596	0.09541093
0.67199998	0.44721949	0.10712968
0.67299998	0.02657480	0.15680364
0.67399998	-0.38505784	0.22108760
0.67499998	-0.72831571	0.29075417
0.67599998	-0.86866385	0.34608760
0.67699998	-0.78632504	0.37881398
0.67799998	-0.51719368	0.37589198
0.67899998	-0.09894808	0.33772147
0.67999998	0.31176180	0.27928150
0.68099998	0.65375859	0.20903051
0.68199998	0.83384597	0.15074433
0.68299998	0.82415724	0.11318897
0.68399998	0.62143207	0.10734498
0.68499998	0.25827387	0.13398130
0.68599998	-0.16799951	0.18654650
0.68699998	-0.59599531	0.25744340
0.68799998	-0.83892101	0.31862080
0.68899998	-0.86312747	0.36103591
0.68999998	-0.67808807	0.37567666
0.69099998	-0.30822465	0.36054379
0.69199998	0.10556103	0.31382260
0.69299998	0.50199926	0.24234129
0.69399998	0.76636320	0.17821112
0.69499998	0.85774481	0.13096702
0.69599998	0.74806225	0.10768332
0.69699998	0.45577016	0.11189715
0.69799998	0.05028912	0.14969857
0.69899998	-0.40920275	0.21512057
0.69999998	-0.73086858	0.28235728
0.70099998	-0.86946356	0.34171999
0.70199998	-0.78980070	0.37376967
0.70299998	-0.50166094	0.37376967
0.70399998	-0.11374262	0.34171999
0.70499998	0.31720597	0.28235728
0.70599998	0.65163630	0.21512057
0.70699998	0.83867496	0.14969857
0.70799998	0.82772517	0.11174335
0.70899998	0.62198573	0.10691437
0.70999998	0.26054996	0.13327387
0.71099998	-0.20312500	0.18719243
0.71199998	-0.58301550	0.25132260
0.71299998	-0.82514149	0.31616017
0.71399998	-0.85377705	0.35992864
0.71499998	-0.66369343	0.37629184
0.71599998	-0.32507998	0.35885212
0.71699998	0.11312746	0.31040847
0.71799998	0.49732405	0.24612451
0.71899998	0.76968503	0.17525837
0.71999998	0.85719121	0.12561515
0.72099998	0.74704725	0.10442298
0.72199998	0.45635459	0.11611097
0.72299998	0.02965059	0.15911049
0.72399998	-0.38816437	0.22047244
0.72499998	-0.73745078	0.29136935
0.72599998	-0.87764519	0.34378076
0.72699998	-0.78863192	0.36980191
0.72799998	-0.51642472	0.36687991
0.72899998	-0.09879429	0.33541462
0.72999998	0.31176180	0.28005046
0.73099998	0.65375859	0.20918430
0.73199998	0.83399975	0.15074433
0.73299998	0.82492620	0.11318897
0.73399998	0.61897147	0.10734498
0.73499998	0.24855438	0.13398130
0.73599998	-0.17479700	0.18654650
0.73699998	-0.59005904	0.25744340
0.73799998	-0.82667935	0.31880537
0.73899998	-0.85088581	0.36180487
0.73999998	-0.67218256	0.37333909
0.74099998	-0.31502214	0.35153174
0.74199998	0.09584153	0.30499509
0.74299998	0.49953863	0.24080339
0.74399998	0.76710135	0.17651944
0.74499998	0.85789859	0.12137057
0.74599998	0.74806225	0.10100885
0.74699998	0.45577016	0.11860237
0.74799998	0.05028912	0.15944882
0.74899998	-0.40920275	0.21758120
0.74999998	-0.73071480	0.28174213
0.75099998	-0.86869460	0.34233513
0.75199998	-0.79213828	0.37146285
0.75299998	-0.51067299	0.36478838
0.75399998	-0.12275468	0.33270791
0.75499998	0.31486836	0.28001967
0.75599998	0.65240526	0.21604331
0.75699998	0.83882874	0.15059055
0.75799998	0.82772517	0.10943651
0.75899998	0.62198573	0.09793307
0.75999998	0.26054996	0.12429257
0.76099998	-0.20312500	0.18485482
0.76199998	-0.58301550	0.25209153
0.76299998	-0.82514149	0.31631398
0.76399998	-0.85377705	0.35992864
0.76499998	-0.66369343	0.37629184
0.76599998	-0.32507998	0.35885212
0.76699998	0.11312746	0.31040847
0.76799998	0.49747786	0.24612451
0.76899998	0.77045399	0.17525837
0.76999998	0.85488433	0.12561515
0.77099998	0.73806596	0.10442298
0.77199998	0.44721949	0.11611097
0.77299998	0.02657480	0.15911049
0.77399998	-0.38505784	0.22047244
0.77499998	-0.72831571	0.29136935
0.77599998	-0.86866385	0.34378076
0.77699998	-0.78632504	0.36980191
0.77799998	-0.51734746	0.36687991
0.77899998	-0.09968627	0.33541462
0.77999998	0.31425321	0.28005046
0.78099998	0.66347808	0.20918430
0.78199998	0.84064347	0.15074433
0.78299998	0.81825173	0.11318897
0.78399998	0.60919046	0.10749877
0.78499998	0.24606299	0.13475025
0.78599998	-0.17387426	0.18423967
0.78699998	-0.58913630	0.24843135
0.78799998	-0.82917076	0.30979329
0.78899998	-0.86066681	0.35946727
0.78999998	-0.67885703	0.37410802
0.79099998	-0.30837846	0.35171628
0.79199998	0.10571481	0.30484128
0.79299998	0.50276822	0.24003445
0.79399998	0.76402557	0.17898007
0.79499998	0.84876353	0.13112082
0.79599998	0.73908097	0.10768332
0.79699998	0.45343259	0.11189715
0.79799998	0.05105807	0.14969857
0.79899998	-0.40904897	0.21512057
0.79999998	-0.73086858	0.28235728
0.80099998	-0.86946356	0.34171999
0.80199998	-0.78980070	0.37376967
0.80299998	-0.50166094	0.37376967
0.80399998	-0.11374262	0.34171999
0.80499998	0.31720597	0.28235728
0.80599998	0.65163630	0.21512057
0.80699998	0.83867496	0.14969857
0.80799998	0.82757133	0.11174335
0.80899998	0.62121677	0.10691437
0.80999998	0.26288754	0.13327387
0.81099998	-0.19414370	0.18719243
0.81199998	-0.57406497	0.25132260
0.81299998	-0.82283467	0.31616017
0.81399998	-0.85454601	0.35992864
0.81499998	-0.66384721	0.37629184
0.81599998	-0.32507998	0.35885212
0.81699998	0.11312746	0.31040847
0.81799998	0.49732405	0.24612451
0.81899998	0.76968503	0.17525837
0.81999998	0.85719121	0.12561515
0.82099998	0.74704725	0.10442298
0.82199998	0.45620078	0.11611097
0.82299998	0.02888164	0.15911049
0.82399998	-0.38582677	0.22047244
0.82499998	-0.72846949	0.29136935
0.82599998	-0.86866385	0.34378076
0.82699998	-0.78632504	0.36980191
0.82799998	-0.51719368	0.36687991
0.82899998	-0.09894808	0.33541462
0.82999998	0.31176180	0.28005046
0.83099998	0.65375859	0.20918430
0.83199998	0.83384597	0.15074433
0.83299998	0.82415724	0.11318897
0.83399998	0.62127829	0.10734498
0.83499998	0.25750491	0.13398130
0.83599998	-0.16566192	0.18654650
0.83699998	-0.58698326	0.25744340
0.83799998	-0.82978594	0.31862080
0.83899998	-0.86005169	0.36103591
0.83999998	-0.68116385	0.37567666
0.84099998	-0.31735975	0.36054379
0.84199998	0.09661048	0.31382260
0.84299998	0.49969241	0.24234129
0.84399998	0.76710135	0.17821112
0.84499998	0.85789859	0.13096702
0.84599998	0.74806225	0.10768332
0.84699998	0.45577016	0.11189715
0.84799998	0.05028912	0.14969857
0.84899998	-0.40920275	0.21512057
0.84999998	-0.73086858	0.28251109
0.85099998	-0.86946356	0.34248891
0.85199998	-0.78980070	0.37146285
0.85299998	-0.50166094	0.36478838
0.85399998	-0.11374262	0.33270791
0.85499998	0.31720597	0.28001967
0.85599998	0.65163630	0.21604331
0.85699998	0.83867496	0.15059055
0.85799998	0.82772517	0.10943651
0.85899998	0.62198573	0.09793307
0.85999998	0.26054996	0.12429257
0.86099998	-0.20312500	0.18485482
0.86199998	-0.58286172	0.25209153
0.86299998	-0.82437253	0.31631398
0.86399998	-0.85611469	0.36008242
0.86499998	-0.67270547	0.37706077
0.86599998	-0.33409202	0.35654527
0.86699998	0.11078987	0.30139640
0.86799998	0.49824679	0.23711245
0.86899998	0.77060777	0.17292076
0.86999998	0.85488433	0.12638411
0.87099998	0.73806596	0.10457677
0.87199998	0.44721949	0.11611097
0.87299998	0.02657480	0.15911049
0.87399998	-0.38505784	0.22031865
0.87499998	-0.72831571	0.29060039
0.87599998	-0.86866385	0.34608760
0.87699998	-0.78632504	0.37881398
0.87799998	-0.51719368	0.37589198
0.87899998	-0.09894808	0.33772147
0.87999998	0.31194636	0.27928150
0.88099998	0.65452754	0.20903051
0.88199998	0.83153909	0.15074433
0.88299998	0.81517595	0.11318897
0.88399998	0.61242002	0.10734498
0.88499998	0.25596702	0.13398130
0.88599998	-0.16723056	0.18654650
0.88699998	-0.59581077	0.25744340
0.88799998	-0.83892101	0.31880537
0.88899998	-0.86312747	0.36180487
0.88999998	-0.67808807	0.37333909
0.89099998	-0.30822465	0.35153174
0.89199997	0.10571481	0.30484128
0.89299997	0.50276822	0.24003445
0.89399997	0.76402557	0.17898007
0.89499997	0.84876353	0.13112082
0.89599997	0.73908097	0.10768332
0.89699997	0.45343259	0.11189715
0.89799997	0.05105807	0.14969857
0.89899997	-0.40904897	0.21512057
0.89999997	-0.73086858	0.28251109
0.90099997	-0.86946356	0.34248891
0.90199997	-0.78980070	0.37146285
0.90299997	-0.50166094	0.36478838
0.90399997	-0.11374262	0.33270791
0.90499997	0.31720597	0.28001967
0.90599997	0.65163630	0.21604331
0.90699997	0.83867496	0.15059055
0.90799997	0.82772517	0.10943651
0.90899997	0.62198573	0.09793307
0.90999997	0.26054996	0.12429257
0.91099997	-0.20312500	0.18485482
0.91199997	-0.58301550	0.25209153
0.91299997	-0.82514149	0.31631398
0.91399997	-0.85377705	0.35992864
0.91499997	-0.66369343	0.37629184
0.91599997	-0.32507998	0.35885212
0.91699997	0.11312746	0.31040847
0.91799997	0.49732405	0.24612451
0.91899997	0.76968503	0.17525837
0.91999997	0.85719121	0.12561515
0.92099997	0.74704725	0.10442298
0.92199997	0.45635459	0.11611097
0.92299997	0.02965059	0.15911049
0.92399997	-0.38816437	0.22047244
0.92499997	-0.73745078	0.29136935
0.92599997	-0.87764519	0.34393454
0.92699997	-0.78863192	0.37057087
0.92799997	-0.51642472	0.36457309
0.92899997	-0.09879429	0.32640254
0.92999997	0.31176180	0.27106914
0.93099997	0.65375859	0.20684670
0.93199997	0.83384597	0.15151329
0.93299997	0.82415724	0.11334276
0.93399997	0.62127829	0.10734498
0.93499997	0.25750491	0.13398130
0.93599997	-0.16566192	0.18654650
0.93699997	-0.58698326	0.25744340
0.93799997	-0.82993972	0.31880537
0.93899997	-0.86082059	0.36180487
0.93999997	-0.67885703	0.37333909
0.94099997	-0.30837846	0.35153174
0.94199997	0.10556103	0.30484128
0.94299997	0.50199926	0.24003445
0.94399997	0.76636320	0.17882627
0.94499997	0.85774481	0.13035187
0.94599997	0.74806225	0.10999016
0.94699997	0.45577016	0.12090920
0.94799997	0.05028912	0.15867987
0.94899997	-0.40920275	0.21742742
0.94999997	-0.73086858	0.28158835
0.95099997	-0.86946356	0.34156618
0.95199997	-0.78980070	0.37395424
0.95299997	-0.50166094	0.37453863
0.95399997	-0.11374262	0.33938238
0.95499997	0.31720597	0.27334523
0.95599997	0.65163630	0.20626231
0.95699997	0.83867496	0.14812993
0.95799997	0.82772517	0.11020546
0.95899997	0.62198573	0.09808686
0.95999997	0.26054996	0.12429257
0.96099997	-0.20312500	0.18485482
0.96199997	-0.58286172	0.25209153
0.96299997	-0.82437253	0.31631398
0.96399997	-0.85611469	0.35992864
0.96499997	-0.67270547	0.37629184
0.96599997	-0.33409202	0.35885212
0.96699997	0.11078987	0.31040847
0.96799997	0.49824679	0.24612451
0.96899997	0.77060777	0.17525837
0.96999997	0.85488433	0.12561515
0.97099997	0.73806596	0.10442298
0.97199997	0.44737327	0.11611097
0.97299997	0.02734375	0.15911049
0.97399997	-0.38724163	0.22047244
0.97499997	-0.73652804	0.29136935
0.97599997	-0.87998277	0.34378076
0.97699997	-0.79764396	0.36980191
0.97799997	-0.52540600	0.36687991
0.97899997	-0.10110113	0.33541462
0.97999997	0.31268454	0.28005046
0.98099997	0.65468132	0.20918430
0.98199997	0.83153909	0.15074433
0.98299997	0.81517595	0.11318897
0.98399997	0.61242002	0.10734498
0.98499997	0.25596702	0.13398130
0.98599997	-0.16723056	0.18654650
0.98699997	-0.59581077	0.25744340
0.98799997	-0.83892101	0.31862080
0.98899997	-0.86312747	0.36103591
0.98999997	-0.67808807	0.37567666
0.99099997	-0.30822465	0.36054379
0.99199997	0.10571481	0.31382260
0.99299997	0.50276822	0.24234129
0.99399997	0.76402557	0.17805733
0.99499997	0.84876353	0.13019808
0.99599997	0.73923475	0.10999016
0.99699997	0.45420152	0.12090920
0.99799997	0.04872047	0.15867987
0.99899997	-0.41799951	0.21742742
0.99999997	-0.73984993	0.28158835
1.00099997	-0.87177044	0.34156618
1.00199997	-0.78903174	0.37395424
1.00299997	-0.50150716	0.37453863
1.00399997	-0.11358882	0.33938238
1.00499997	0.31797490	0.27334523
1.00599997	0.64917570	0.20610851
1.00699997	0.82889396	0.14736098
1.00799997	0.82105070	0.11251231
1.00899997	0.62862945	0.10706816
1.00999997	0.27030021	0.13327387
1.01099997	-0.20066437	0.18719243
1.01199997	-0.58378446	0.25147638
1.01299997	-0.82529527	0.31689838
1.01399997	-0.85377705	0.35762179
1.01499997	-0.66369343	0.36731052
1.01599997	-0.32507998	0.34990159
1.01699997	0.11312746	0.30810162
1.01799997	0.49732405	0.24689345
1.01899997	0.76968503	0.17541215
1.01999997	0.85734499	0.12561515
1.02099997	0.74781621	0.10442298
1.02199997	0.45386317	0.11611097
1.02299997	0.01986959	0.15911049
1.02399997	-0.39483884	0.22031865
1.02499997	-0.73077631	0.29060039
1.02599997	-0.86789495	0.34608760
1.02699997	-0.78617126	0.37881398
1.02799997	-0.51734746	0.37589198
1.02899997	-0.09968627	0.33772147
1.02999997	0.31425321	0.27928150
1.03099997	0.66347808	0.20903051
1.03199997	0.84064347	0.15074433
1.03299997	0.81825173	0.11318897
1.03399997	0.60934424	0.10734498
1.03499997	0.24683194	0.13398130
1.03599997	-0.17636564	0.18654650
1.03699997	-0.59891731	0.25744340
1.03799997	-0.83584523	0.31880537
1.03899997	-0.85396159	0.36180487
1.03999997	-0.66910678	0.37333909
1.04099997	-0.30591780	0.35153174
1.04199997	0.10497662	0.30484128
1.04299997	0.50261444	0.24003445
1.04399997	0.76402557	0.17882627
1.04499997	0.84876353	0.13035187
1.04599997	0.73908097	0.10999016
1.04699997	0.45343259	0.12090920
1.04799997	0.05105807	0.15867987
1.04899997	-0.40904897	0.21742742
1.04999997	-0.73071480	0.28158835
1.05099997	-0.86869460	0.34156618
1.05199997	-0.79213828	0.37376967
1.05299997	-0.51067299	0.37376967
1.05399997	-0.12275468	0.34171999
1.05499997	0.31486836	0.28235728
1.05599997	0.65240526	0.21512057
1.05699997	0.83882874	0.14969857
1.05799997	0.82757133	0.11174335
1.05899997	0.62121677	0.10691437
1.05999997	0.26288754	0.13327387
1.06099997	-0.19414370	0.18719243
1.06199997	-0.57391119	0.25132260
1.06299997	-0.82206571	0.31616017
1.06399997	-0.85685283	0.35992864
1.06499997	-0.67285925	0.37629184
1.06599997	-0.33424580	0.35885212
1.06699997	0.11002091	0.31040847
1.06799997	0.50055367	0.24612451
1.06899997	0.77958906	0.17525837
1.06999997	0.86386567	0.12561515
1.07099997	0.74040353	0.10442298
1.07199997	0.44645053	0.11611097
1.07299997	0.02642101	0.15911049
1.07399997	-0.38490403	0.22047244
1.07499997	-0.72754675	0.29136935
1.07599997	-0.87097073	0.34378076
1.07699997	-0.79530632	0.36980191
1.07799997	-0.52617496	0.36687991
1.07899997	-0.10125492	0.33541462
1.07999997	0.31268454	0.28005046
1.08099997	0.65468132	0.20918430
1.08199997	0.83153909	0.15074433
1.08299997	0.81517595	0.11318897
1.08399997	0.61226624	0.10734498
1.08499997	0.25519809	0.13398130
1.08599997	-0.16492371	0.18654650
1.08699997	-0.58682948	0.25744340
1.08799997	-0.82993972	0.31880537
1.08899997	-0.86082059	0.36180487
1.08999997	-0.67885703	0.37333909
1.09099997	-0.30837846	0.35153174
1.09199997	0.10556103	0.30484128
1.09299997	0.50199926	0.24003445
1.09399997	0.76636320	0.17898007
1.09499997	0.85774481	0.13112082
1.09599997	0.74821603	0.10768332
1.09699997	0.45650837	0.11189715
1.09799997	0.04798228	0.14969857
1.09899997	-0.41815329	0.21512057
1.09999997	-0.73984993	0.28251109
1.10099997	-0.87177044	0.34248891
1.10199997	-0.78903174	0.37161663
1.10299997	-0.50150716	0.36555734
1.10399997	-0.11358882	0.33040109
1.10499997	0.31797490	0.27103838
1.10599997	0.64932948	0.20687746
1.10699997	0.82966292	0.14751476
1.10799997	0.81874382	0.11251231
1.10899997	0.61964810	0.10706816
1.10999997	0.26131889	0.13327387
1.11099997	-0.20297121	0.18719243
1.11199997	-0.58301550	0.25132260
1.11299997	-0.82514149	0.31616017
1.11399997	-0.85377705	0.35992864
1.11499997	-0.66369343	0.37629184
1.11599997	-0.32507998	0.35885212
1.11699997	0.11312746	0.31040847
1.11799997	0.49732405	0.24612451
1.11899997	0.76968503	0.17525837
1.11999997	0.85719121	0.12561515
1.12099997	0.74704725	0.10442298
1.12199997	0.45620078	0.11611097
1.12299997	0.02888164	0.15911049
1.12399997	-0.38567299	0.22047244
1.12499997	-0.72770053	0.29136935
1.12599997	-0.87097073	0.34378076
1.12699997	-0.79530632	0.36980191
1.12799997	-0.52617496	0.36687991
1.12899997	-0.10125492	0.33541462
1.12999997	0.31253076	0.28005046
1.13099997	0.65391243	0.20918430
1.13199997	0.83399975	0.15074433
1.13299997	0.82492620	0.11318897
1.13399997	0.61897147	0.10734498
1.13499997	0.24855438	0.13398130
1.13599997	-0.17479700	0.18654650
1.13699997	-0.59005904	0.25744340
1.13799997	-0.82686394	0.31880537
1.13899997	-0.85165477	0.36180487
1.13999997	-0.66987574	0.37333909
1.14099997	-0.30607161	0.35153174
1.14199997	0.10479207	0.30499509
1.14299997	0.50184548	0.24080339
1.14399997	0.76636320	0.17667323
1.14499997	0.85774481	0.12213952
1.14599997	0.74806225	0.09854823
1.14699997	0.45577016	0.10882135
1.14799997	0.05028912	0.15277436
1.14899997	-0.40920275	0.22428642
1.14999997	-0.73086858	0.29149237
1.15099997	-0.86946356	0.34479576
1.15199997	-0.78980070	0.37084767
1.15299997	-0.50166094	0.36540353
1.15399997	-0.11374262	0.33040109
1.15499997	0.31720597	0.27103838
1.15599997	0.65163630	0.20687746
1.15699997	0.83867496	0.14751476
1.15799997	0.82772517	0.11251231
1.15899997	0.62198573	0.10706816
1.15999997	0.26054996	0.13327387
1.16099997	-0.20312500	0.18719243
1.16199997	-0.58286172	0.25132260
1.16299997	-0.82437253	0.31616017
1.16399997	-0.85611469	0.35992864
1.16499997	-0.67270547	0.37629184
1.16599997	-0.33409202	0.35885212
1.16699997	0.11078987	0.31040847
1.16799997	0.49824679	0.24612451
1.16899997	0.77060777	0.17525837
1.16999997	0.85488433	0.12561515
1.17099997	0.73806596	0.10442298
1.17199997	0.44737327	0.11611097
1.17299997	0.02734375	0.15911049
1.17399997	-0.38724163	0.22031865
1.17499997	-0.73652804	0.29060039
1.17599997	-0.87998277	0.34624138
1.17699997	-0.79764396	0.37958291
1.17799997	-0.52540600	0.37355438
1.17899997	-0.10110113	0.32874015
1.17999997	0.31253076	0.27030021
1.18099997	0.65391243	0.20669292
1.18199997	0.83384597	0.15151329
1.18299997	0.82415724	0.11334276
1.18399997	0.62143207	0.10734498
1.18499997	0.25827387	0.13398130
1.18599997	-0.16799951	0.18654650
1.18699997	-0.59599531	0.25744340
1.18799997	-0.83892101	0.31862080
1.18899997	-0.86312747	0.36103591
1.18999997	-0.67808807	0.37567666
1.19099997	-0.30822465	0.36054379
1.19199997	0.10571481	0.31397638
1.19299997	0.50276822	0.24311024
1.19399997	0.76402557	0.17590427
1.19499997	0.84876353	0.12198573
1.19599997	0.73908097	0.09854823
1.19699997	0.45343259	0.10882135
1.19799997	0.05105807	0.15277436
1.19899997	-0.40904897	0.22428642
1.19999997	-0.73086858	0.29133859
1.20099997	-0.86946356	0.34402683
1.20199997	-0.78980070	0.37318528
1.20299997	-0.50166094	0.37438485
1.20399997	-0.11358882	0.33938238
1.20499997	0.31797490	0.27334523
1.20599997	0.64948326	0.20610851
1.20699997	0.83043182	0.14736098
1.20799997	0.81625247	0.11251231
1.20899997	0.60989785	0.10706816
1.20999997	0.25464442	0.13312007
1.21099997	-0.19632751	0.18642348
1.21199997	-0.57329601	0.25362942
1.21299997	-0.82268083	0.32514149
1.21399997	-0.85454601	0.36909449
1.21499997	-0.66384721	0.37936762
1.21599997	-0.32507998	0.35577634
1.21699997	0.11312746	0.30124262
1.21799997	0.49732405	0.23711245
1.21899997	0.76968503	0.17292076
1.21999997	0.85719121	0.12638411
1.22099997	0.74704725	0.10457677
1.22199997	0.45620078	0.11611097
1.22299997	0.02888164	0.15911049
1.22399997	-0.38582677	0.22047244
1.22499997	-0.72846949	0.29136935
1.22599997	-0.86866385	0.34378076
1.22699997	-0.78632504	0.36980191
1.22799997	-0.51719368	0.36687991
1.22899997	-0.09894808	0.33541462
1.22999997	0.31176180	0.28005046
1.23099997	0.65375859	0.20918430
1.23199997	0.83399975	0.15074433
1.23299997	0.82492620	0.11318897
1.23399997	0.61912525	0.10734498
1.23499997	0.24932332	0.13398130
1.23599997	-0.17713459	0.18654650
1.23699997	-0.59907109	0.25744340
1.23799997	-0.83584523	0.31862080
1.23899997	-0.85396159	0.36103591
1.23999997	-0.66910678	0.37567666
1.24099997	-0.30591780	0.36054379
1.24199997	0.10497662	0.31397638
1.24299997	0.50261444	0.24311024
1.24399997	0.76402557	0.17590427
1.24499997	0.84876353	0.12198573
1.24599996	0.73908097	0.09870202
1.24699996	0.45343259	0.10959031
1.24799996	0.05105807	0.15043676
1.24899996	-0.40904897	0.21527436
1.24999996	-0.73086858	0.28235728
1.25099996	-0.86946356	0.34171999
1.25199996	-0.78980070	0.37395424
1.25299996	-0.50166094	0.37453863
1.25399996	-0.11374262	0.33938238
1.25499996	0.31720597	0.27334523
1.25599996	0.65179008	0.20610851
1.25699996	0.83944392	0.14736098
1.25799996	0.82541829	0.11251231
1.25899996	0.61297369	0.10706816
1.25999996	0.25156865	0.13327387
1.26099996	-0.20543183	0.18719243
1.26199996	-0.58224654	0.25132260
1.26299996	-0.82498771	0.31616017
1.26399996	-0.85377705	0.36008242
1.26499996	-0.66369343	0.37706077
1.26599996	-0.32507998	0.35654527
1.26699996	0.11312746	0.30139640
1.26799996	0.49747786	0.23711245
1.26899996	0.77045399	0.17292076
1.26999996	0.85488433	0.12638411
1.27099996	0.73806596	0.10457677
1.27199996	0.44737327	0.11611097
1.27299996	0.02734375	0.15911049
1.27399996	-0.38739541	0.22047244
1.27499996	-0.73729700	0.29136935
1.27599996	-0.87764519	0.34378076
1.27699996	-0.78863192	0.36980191
1.27799996	-0.51657850	0.36687991
1.27899996	-0.09953248	0.33541462
1.27999996	0.31425321	0.28005046
1.28099996	0.66347808	0.20918430
1.28199996	0.84048969	0.15074433
1.28299996	0.81748277	0.11318897
1.28399996	0.61168182	0.10734498
1.28499996	0.25581324	0.13398130
1.28599996	-0.16723056	0.18654650
1.28699996	-0.59581077	0.25744340
1.28799996	-0.83892101	0.31862080
1.28899996	-0.86312747	0.36103591
1.28999996	-0.67808807	0.37567666
1.29099996	-0.30822465	0.36054379
1.29199996	0.10571481	0.31397638
1.29299996	0.50276822	0.24311024
1.29399996	0.76402557	0.17575049
1.29499996	0.84876353	0.12121678
1.29599996	0.73908097	0.10100885
1.29699996	0.45343259	0.11860237
1.29799996	0.05105807	0.15944882
1.29899996	-0.40904897	0.21758120
1.29999996	-0.73086858	0.28174213
1.30099996	-0.86946356	0.34233513
1.30199996	-0.78980070	0.37146285
1.30299996	-0.50166094	0.36478838
1.30399996	-0.11374262	0.33270791
1.30499996	0.31720597	0.28001967
1.30599996	0.65163630	0.21588951
1.30699996	0.83867496	0.14985237
1.30799996	0.82772517	0.11174335
1.30899996	0.62198573	0.10691437
1.30999996	0.26054996	0.13327387
1.31099996	-0.20312500	0.18719243
1.31199996	-0.58301550	0.25132260
1.31299996	-0.82514149	0.31616017
1.31399996	-0.85377705	0.35992864
1.31499996	-0.66369343	0.37629184
1.31599996	-0.32507998	0.35885212
1.31699996	0.11312746	0.31040847
1.31799996	0.49732405	0.24612451
1.31899996	0.76968503	0.17525837
1.31999996	0.85719121	0.12561515
1.32099996	0.74704725	0.10442298
1.32199996	0.45620078	0.11611097
1.32299996	0.02888164	0.15911049
1.32399996	-0.38582677	0.22047244
1.32499996	-0.72846949	0.29136935
1.32599996	-0.86866385	0.34378076
1.32699996	-0.78632504	0.36980191
1.32799996	-0.51719368	0.36687991
1.32899996	-0.09894808	0.33541462
1.32999996	0.31176180	0.28005046
1.33099996	0.65375859	0.20918430
1.33199996	0.83399975	0.15074433
1.33299996	0.82492620	0.11318897
1.33399996	0.61912525	0.10734498
1.33499996	0.24932332	0.13398130
1.33599996	-0.17713459	0.18654650
1.33699996	-0.59907109	0.25744340
1.33799996	-0.83569145	0.31862080
1.33899996	-0.85322344	0.36103591
1.33999996	-0.67141360	0.37567666
1.34099996	-0.31486836	0.36054379
1.34199996	0.09599532	0.31397638
1.34299996	0.50030756	0.24311024
1.34399996	0.76479453	0.17575049
1.34499996	0.84891731	0.12121678
1.34599996	0.73923475	0.10100885
1.34699996	0.45420152	0.11860237
1.34799996	0.04872047	0.15944882
1.34899996	-0.41799951	0.21758120
1.34999996	-0.73984993	0.28174213
1.35099996	-0.87177044	0.34233513
1.35199996	-0.78903174	0.37161663
1.35299996	-0.50150716	0.36555734
1.35399996	-0.11374262	0.33040109
1.35499996	0.31720597	0.27103838
1.35599996	0.65179008	0.20687746
1.35699996	0.83944392	0.14751476
1.35799996	0.82541829	0.11251231
1.35899996	0.61297369	0.10706816
1.35999996	0.25156865	0.13327387
1.36099996	-0.20543183	0.18719243
1.36199996	-0.58224654	0.25132260
1.36299996	-0.82498771	0.31616017
1.36399996	-0.85377705	0.35992864
1.36499996	-0.66369343	0.37629184
1.36599996	-0.32507998	0.35885212
1.36699996	0.11312746	0.31040847
1.36799996	0.49747786	0.24612451
1.36899996	0.77045399	0.17525837
1.36999996	0.85488433	0.12561515
1.37099996	0.73806596	0.10442298
1.37199996	0.44721949	0.11611097
1.37299996	0.02657480	0.15911049
1.37399996	-0.38490403	0.22047244
1.37499996	-0.72754675	0.29136935
1.37599996	-0.87097073	0.34378076
1.37699996	-0.79530632	0.36980191
1.37799996	-0.52632874	0.36687991
1.37899996	-0.10202387	0.33541462
1.37999996	0.31502214	0.28005046
1.38099996	0.66363192	0.20918430
1.38199996	0.84048969	0.15074433
1.38299996	0.81748277	0.11318897
1.38399996	0.61152804	0.10734498
1.38499996	0.25504428	0.13398130
1.38599996	-0.16492371	0.18654650
1.38699996	-0.58682948	0.25744340
1.38799996	-0.82993972	0.31862080
1.38899996	-0.86082059	0.36103591
1.38999996	-0.67885703	0.37567666
1.39099996	-0.30837846	0.36054379
1.39199996	0.10571481	0.31397638
1.39299996	0.50276822	0.24311024
1.39399996	0.76402557	0.17575049
1.39499996	0.84876353	0.12121678
1.39599996	0.73908097	0.10100885
1.39699996	0.45343259	0.11860237
1.39799996	0.05105807	0.15944882
1.39899996	-0.40904897	0.21758120
1.39999996	-0.73086858	0.28174213
1.40099996	-0.86946356	0.34233513
1.40199996	-0.78980070	0.37161663
1.40299996	-0.50166094	0.36555734
1.40399996	-0.11374262	0.33040109
1.40499996	0.31720597	0.27103838
1.40599996	0.65163630	0.20687746
1.40699996	0.83867496	0.14751476
1.40799996	0.82772517	0.11251231
1.40899996	0.62198573	0.10706816
1.40999996	0.26054996	0.13327387
1.41099996	-0.20312500	0.18719243
1.41199996	-0.58301550	0.25132260
1.41299996	-0.82514149	0.31616017
1.41399996	-0.85377705	0.35992864
1.41499996	-0.66369343	0.37629184
1.41599996	-0.32507998	0.35885212
1.41699996	0.11312746	0.31040847
1.41799996	0.49747786	0.24612451
1.41899996	0.77045399	0.17525837
1.41999996	0.85488433	0.12561515
1.42099996	0.73806596	0.10442298
1.42199996	0.44737327	0.11611097
1.42299996	0.02734375	0.15911049
1.42399996	-0.38739541	0.22047244
1.42499996	-0.73729700	0.29136935
1.42599996	-0.87764519	0.34378076
1.42699996	-0.78863192	0.36980191
1.42799996	-0.51642472	0.36687991
1.42899996	-0.09879429	0.33541462
1.42999996	0.31176180	0.28005046
1.43099996	0.65375859	0.20918430
1.43199996	0.83399975	0.15074433
1.43299996	0.82492620	0.11318897
1.43399996	0.61897147	0.10734498
1.43499996	0.24855438	0.13398130
1.43599996	-0.17464320	0.18654650
1.43699996	-0.58929008	0.25744340
1.43799996	-0.82917076	0.31862080
1.43899996	-0.86066681	0.36103591
1.43999996	-0.67885703	0.37567666
1.44099996	-0.30837846	0.36054379
1.44199996	0.10571481	0.31382260
1.44299996	0.50276822	0.24234129
1.44399996	0.76402557	0.17821112
1.44499996	0.84876353	0.13096702
1.44599996	0.73908097	0.10768332
1.44699996	0.45343259	0.11189715
1.44799996	0.05105807	0.14969857
1.44899996	-0.40904897	0.21512057
1.44999996	-0.73086858	0.28235728
1.45099996	-0.86946356	0.34171999
1.45199996	-0.78980070	0.37395424
1.45299996	-0.50166094	0.37453863
1.45399996	-0.11374262	0.33938238
1.45499996	0.31720597	0.27334523
1.45599996	0.65163630	0.20610851
1.45699996	0.83867496	0.14736098
1.45799996	0.82772517	0.11251231
1.45899996	0.62198573	0.10706816
1.45999996	0.26054996	0.13327387
1.46099996	-0.20312500	0.18719243
1.46199996	-0.58286172	0.25132260
1.46299996	-0.82437253	0.31616017
1.46399996	-0.85611469	0.35992864
1.46499996	-0.67270547	0.37629184
1.46599996	-0.33409202	0.35885212
1.46699996	0.11078987	0.31040847
1.46799996	0.49824679	0.24612451
1.46899996	0.77060777	0.17525837
1.46999996	0.85488433	0.12561515
1.47099996	0.73806596	0.10442298
1.47199996	0.44721949	0.11611097
1.47299996	0.02657480	0.15911049
1.47399996	-0.38490403	0.22047244
1.47499996	-0.72754675	0.29136935
1.47599996	-0.87097073	0.34393454
1.47699996	-0.79530632	0.37057087
1.47799996	-0.52617496	0.36441928
1.47899996	-0.10125492	0.32563362
1.47999996	0.31268454	0.27337599
1.48099996	0.65468132	0.21585876
1.48199996	0.83169293	0.16049458
1.48299996	0.81594485	0.11568037
1.48399996	0.60995942	0.10657603
1.48499996	0.24621677	0.13382751
1.48599996	-0.17402805	0.18654650
1.48699996	-0.58990526	0.25744340
1.48799996	-0.82686394	0.31880537
1.48899996	-0.85165477	0.36180487
1.48999996	-0.66987574	0.37333909
1.49099996	-0.30607161	0.35153174
1.49199996	0.10497662	0.30499509
1.49299996	0.50261444	0.24080339
1.49399996	0.76402557	0.17667323
1.49499996	0.84876353	0.12213952
1.49599996	0.73908097	0.09854823
1.49699996	0.45343259	0.10882135
1.49799996	0.05105807	0.15277436
1.49899996	-0.40904897	0.22428642
1.49999996	-0.73086858	0.29149237
1.50099996	-0.86946356	0.34479576
1.50199996	-0.78980070	0.37069389
1.50299996	-0.50166094	0.36463460
1.50399996	-0.11374262	0.33270791
1.50499996	0.31720597	0.28001967
1.50599996	0.65163630	0.21588951
1.50699996	0.83867496	0.14985237
1.50799996	0.82772517	0.11174335
1.50899996	0.62198573	0.10691437
1.50999996	0.26054996	0.13327387
1.51099996	-0.20312500	0.18719243
1.51199996	-0.58301550	0.25132260
1.51299996	-0.82514149	0.31616017
1.51399996	-0.85377705	0.35992864
1.51499996	-0.66369343	0.37629184
1.51599996	-0.32507998	0.35885212
1.51699996	0.11312746	0.31040847
1.51799996	0.49747786	0.24612451
1.51899996	0.77045399	0.17525837
1.51999996	0.85488433	0.12561515
1.52099996	0.73806596	0.10442298
1.52199996	0.44721949	0.11611097
1.52299996	0.02657480	0.15911049
1.52399996	-0.38505784	0.22047244
1.52499996	-0.72831571	0.29136935
1.52599996	-0.86866385	0.34378076
1.52699996	-0.78632504	0.36980191
1.52799996	-0.51719368	0.36687991
1.52899996	-0.09894808	0.33541462
1.52999996	0.31176180	0.28005046
1.53099996	0.65375859	0.20918430
1.53199996	0.83399975	0.15074433
1.53299996	0.82492620	0.11318897
1.53399996	0.61912525	0.10734498
1.53499996	0.24932332	0.13398130
1.53599996	-0.17698081	0.18654650
1.53699996	-0.59830219	0.25744340
1.53799996	-0.83815205	0.31880537
1.53899996	-0.86297369	0.36180487
1.53999996	-0.67808807	0.37333909
1.54099996	-0.30822465	0.35153174
1.54199996	0.10556103	0.30499509
1.54299996	0.50199926	0.24080339
1.54399996	0.76636320	0.17667323
1.54499996	0.85774481	0.12213952
1.54599996	0.74806225	0.09870202
1.54699996	0.45577016	0.10959031
1.54799996	0.05028912	0.15043676
1.54899996	-0.40920275	0.21527436
1.54999996	-0.73086858	0.28251109
1.55099996	-0.86946356	0.34248891
1.55199996	-0.78980070	0.37161663
1.55299996	-0.50166094	0.36555734
1.55399996	-0.11374262	0.33040109
1.55499996	0.31720597	0.27103838
1.55599996	0.65163630	0.20687746
1.55699996	0.83867496	0.14751476
1.55799996	0.82772517	0.11251231
1.55899996	0.62198573	0.10706816
1.55999996	0.26054996	0.13327387
1.56099996	-0.20312500	0.18719243
1.56199996	-0.58286172	0.25132260
1.56299996	-0.82437253	0.31616017
1.56399996	-0.85611469	0.35992864
1.56499996	-0.67270547	0.37629184
1.56599996	-0.33409202	0.35885212
1.56699996	0.11078987	0.31040847
1.56799996	0.49824679	0.24612451
1.56899996	0.77060777	0.17525837
1.56999996	0.85488433	0.12561515
1.57099996	0.73806596	0.10442298
1.57199996	0.44737327	0.11611097
1.57299996	0.02734375	0.15911049
1.57399996	-0.38724163	0.22047244
1.57499996	-0.73652804	0.29136935
1.57599996	-0.87998277	0.34378076
1.57699996	-0.79764396	0.36980191
1.57799996	-0.52540600	0.36687991
1.57899996	-0.10110113	0.33541462
1.57999996	0.31268454	0.28005046
1.58099996	0.65468132	0.20918430
1.58199996	0.83153909	0.15074433
1.58299996	0.81517595	0.11318897
1.58399996	0.61226624	0.10734498
1.58499996	0.25519809	0.13398130
1.58599996	-0.16492371	0.18654650
1.58699996	-0.58682948	0.25744340
1.58799996	-0.82993972	0.31880537
1.58899996	-0.86082059	0.36180487
1.58999996	-0.67885703	0.37333909
1.59099996	-0.30837846	0.35153174
1.59199996	0.10571481	0.30499509
1.59299996	0.50276822	0.24080339
1.59399996	0.76402557	0.17667323
1.59499996	0.84876353	0.12213952
1.59599996	0.73923475	0.09854823
1.59699996	0.45420152	0.10882135
1.59799996	0.04872047	0.15277436
1.59899995	-0.41799951	0.22428642
1.59999995	-0.73984993	0.29149237
1.60099995	-0.87177044	0.34479576
1.60199995	-0.78903174	0.37069389
1.60299995	-0.50150716	0.36463460
1.60399995	-0.11374262	0.33270791
1.60499995	0.31720597	0.28001967
1.60599995	0.65163630	0.21588951
1.60699995	0.83867496	0.14985237
1.60799995	0.82772517	0.11174335
1.60899995	0.62198573	0.10691437
1.60999995	0.26054996	0.13327387
1.61099995	-0.20312500	0.18719243
1.61199995	-0.58286172	0.25132260
1.61299995	-0.82437253	0.31616017
1.61399995	-0.85611469	0.36008242
1.61499995	-0.67270547	0.37706077
1.61599995	-0.33409202	0.35654527
1.61699995	0.11078987	0.30139640
1.61799995	0.49809301	0.23711245
1.61899995	0.76983881	0.17292076
1.61999995	0.85719121	0.12638411
1.62099995	0.74704725	0.10457677
1.62199995	0.45620078	0.11611097
1.62299995	0.02888164	0.15911049
1.62399995	-0.38582677	0.22047244
1.62499995	-0.72846949	0.29136935
1.62599995	-0.86866385	0.34378076
1.62699995	-0.78632504	0.36980191
1.62799995	-0.51719368	0.36687991
1.62899995	-0.09894808	0.33541462
1.62999995	0.31176180	0.28005046
1.63099995	0.65375859	0.20918430
1.63199995	0.83399975	0.15074433
1.63299995	0.82492620	0.11318897
1.63399995	0.61897147	0.10734498
1.63499995	0.24855438	0.13398130
1.63599995	-0.17464320	0.18654650
1.63699995	-0.58929008	0.25744340
1.63799995	-0.82917076	0.31880537
1.63899995	-0.86066681	0.36180487
1.63999995	-0.67901081	0.37333909
1.64099995	-0.30914739	0.35153174
1.64199995	0.10805241	0.30499509
1.64299995	0.51174951	0.24080339
1.64399995	0.77303767	0.17651944
1.64499995	0.85110110	0.12137057
1.64599995	0.73831201	0.10100885
1.64699995	0.45327878	0.11860237
1.64799995	0.05105807	0.15944882
1.64899995	-0.40904897	0.21758120
1.64999995	-0.73086858	0.28174213
1.65099995	-0.86946356	0.34233513
1.65199995	-0.78980070	0.37146285
1.65299995	-0.50166094	0.36478838
1.65399995	-0.11374262	0.33270791
1.65499995	0.31720597	0.28001967
1.65599995	0.65163630	0.21588951
1.65699995	0.83867496	0.14985237
1.65799995	0.82772517	0.11174335
1.65899995	0.62198573	0.10691437
1.65999995	0.26054996	0.13327387
1.66099995	-0.20312500	0.18719243
1.66199995	-0.58301550	0.25132260
1.66299995	-0.82514149	0.31616017
1.66399995	-0.85377705	0.35992864
1.66499995	-0.66369343	0.37629184
1.66599995	-0.32507998	0.35869834
1.66699995	0.11312746	0.30963951
1.66799995	0.49747786	0.24843135
1.66899995	0.77045399	0.18423967
1.66999995	0.85488433	0.13459645
1.67099995	0.73806596	0.10672982
1.67199995	0.44721949	0.11537278
1.67299995	0.02657480	0.15895669
1.67399995	-0.38490403	0.22031865
1.67499995	-0.72754675	0.29060039
1.67599995	-0.87097073	0.34608760
1.67699995	-0.79530632	0.37881398
1.67799995	-0.52632874	0.37589198
1.67899995	-0.10202387	0.33772147
1.67999995	0.31502214	0.27928150
1.68099995	0.66363192	0.20903051
1.68199995	0.84048969	0.15074433
1.68299995	0.81748277	0.11318897
1.68399995	0.61152804	0.10749877
1.68499995	0.25504428	0.13475025
1.68599995	-0.16492371	0.18423967
1.68699995	-0.58682948	0.24843135
1.68799995	-0.82993972	0.30979329
1.68899995	-0.86082059	0.35946727
1.68999995	-0.67885703	0.37410802
1.69099995	-0.30837846	0.35171628
1.69199995	0.10571481	0.30484128
1.69299995	0.50276822	0.24003445
1.69399995	0.76402557	0.17898007
1.69499995	0.84876353	0.13112082
1.69599995	0.73923475	0.10752953
1.69699995	0.45420152	0.11112820
1.69799995	0.04872047	0.15200542
1.69899995	-0.41799951	0.22413263
1.69999995	-0.73984993	0.29133859
1.70099995	-0.87177044	0.34402683
1.70199995	-0.78903174	0.37303150
1.70299995	-0.50150716	0.37361589
1.70399995	-0.11374262	0.34171999
1.70499995	0.31720597	0.28235728
1.70599995	0.65163630	0.21512057
1.70699995	0.83867496	0.14969857
1.70799995	0.82772517	0.11174335
1.70899995	0.62198573	0.10691437
1.70999995	0.26054996	0.13327387
1.71099995	-0.20312500	0.18719243
1.71199995	-0.58301550	0.25132260
1.71299995	-0.82514149	0.31616017
1.71399995	-0.85377705	0.35992864
1.71499995	-0.66369343	0.37629184
1.71599995	-0.32507998	0.35885212
1.71699995	0.11312746	0.31040847
1.71799995	0.49732405	0.24612451
1.71899995	0.76968503	0.17525837
1.71999995	0.85719121	0.12561515
1.72099995	0.74704725	0.10442298
1.72199995	0.45620078	0.11611097
1.72299995	0.02888164	0.15911049
1.72399995	-0.38582677	0.22031865
1.72499995	-0.72846949	0.29060039
1.72599995	-0.86866385	0.34608760
1.72699995	-0.78632504	0.37881398
1.72799995	-0.51734746	0.37589198
1.72899995	-0.09968627	0.33772147
1.72999995	0.31409940	0.27928150
1.73099995	0.66270918	0.20903051
1.73199995	0.84298104	0.15074433
1.73299995	0.82726377	0.11318897
1.73399995	0.61820251	0.10749877
1.73499995	0.24840058	0.13475025
1.73599995	-0.17479700	0.18423967
1.73699995	-0.59005904	0.24843135
1.73799995	-0.82667935	0.30963951
1.73899995	-0.85088581	0.35869834
1.73999995	-0.67233634	0.37644562
1.74099995	-0.31579110	0.36069760
1.74199995	0.09830216	0.31397638
1.74299995	0.50928885	0.24311024
1.74399995	0.77380657	0.17575049
1.74499995	0.85125494	0.12121678
1.74599995	0.73831201	0.10100885
1.74699995	0.45327878	0.11860237
1.74799995	0.05105807	0.15944882
1.74899995	-0.40904897	0.21758120
1.74999995	-0.73086858	0.28174213
1.75099995	-0.86946356	0.34233513
1.75199995	-0.78980070	0.37146285
1.75299995	-0.50166094	0.36478838
1.75399995	-0.11374262	0.33286172
1.75499995	0.31720597	0.28078863
1.75599995	0.65163630	0.21355192
1.75699995	0.83867496	0.14084031
1.75799995	0.82772517	0.10276206
1.75899995	0.62198573	0.10457677
1.75999995	0.26054996	0.13404281
1.76099995	-0.20312500	0.18734621
1.76199995	-0.58286172	0.25132260
1.76299995	-0.82437253	0.31616017
1.76399995	-0.85626847	0.35992864
1.76499995	-0.67347443	0.37629184
1.76599995	-0.33178517	0.35885212
1.76699995	0.11980192	0.31040847
1.76799995	0.50725883	0.24612451
1.76899995	0.77294534	0.17525837
1.76999995	0.85411543	0.12561515
1.77099995	0.73791218	0.10442298
1.77199995	0.44737327	0.11611097
1.77299995	0.02734375	0.15911049
1.77399995	-0.38739541	0.22047244
1.77499995	-0.73729700	0.29136935
1.77599995	-0.87764519	0.34378076
1.77699995	-0.78863192	0.36980191
1.77799995	-0.51657850	0.36687991
1.77899995	-0.09953248	0.33541462
1.77999995	0.31425321	0.28005046
1.78099995	0.66347808	0.20918430
1.78199995	0.84048969	0.15074433
1.78299995	0.81748277	0.11318897
1.78399995	0.61152804	0.10734498
1.78499995	0.25504428	0.13398130
1.78599995	-0.16492371	0.18654650
1.78699995	-0.58682948	0.25744340
1.78799995	-0.82993972	0.31880537
1.78899995	-0.86082059	0.36180487
1.78999995	-0.67885703	0.37333909
1.79099995	-0.30837846	0.35153174
1.79199995	0.10571481	0.30499509
1.79299995	0.50276822	0.24080339
1.79399995	0.76402557	0.17667323
1.79499995	0.84876353	0.12213952
1.79599995	0.73923475	0.09870202
1.79699995	0.45420152	0.10959031
1.79799995	0.04872047	0.15043676
1.79899995	-0.41799951	0.21527436
1.79999995	-0.73984993	0.28235728
1.80099995	-0.87177044	0.34171999
1.80199995	-0.78903174	0.37376967
1.80299995	-0.50150716	0.37376967
1.80399995	-0.11374262	0.34171999
1.80499995	0.31720597	0.28235728
1.80599995	0.65163630	0.21512057
1.80699995	0.83867496	0.14969857
1.80799995	0.82772517	0.11174335
1.80899995	0.62198573	0.10691437
1.80999995	0.26054996	0.13327387
1.81099995	-0.20312500	0.18719243
1.81199995	-0.58286172	0.25132260
1.81299995	-0.82437253	0.31616017
1.81399995	-0.85611469	0.35992864
1.81499995	-0.67270547	0.37629184
1.81599995	-0.33409202	0.35885212
1.81699995	0.11078987	0.31040847
1.81799995	0.49809301	0.24612451
1.81899995	0.76983881	0.17525837
1.81999995	0.85719121	0.12561515
1.82099995	0.74704725	0.10442298
1.82199995	0.45620078	0.11611097
1.82299995	0.02888164	0.15911049
1.82399995	-0.38582677	0.22031865
1.82499995	-0.72846949	0.29060039
1.82599995	-0.86866385	0.34608760
1.82699995	-0.78632504	0.37881398
1.82799995	-0.51734746	0.37589198
1.82899995	-0.09968627	0.33772147
1.82999995	0.31409940	0.27928150
1.83099995	0.66270918	0.20903051
1.83199995	0.84298104	0.15074433
1.83299995	0.82726377	0.11318897
1.83399995	0.61835629	0.10734498
1.83499995	0.24916954	0.13398130
1.83599995	-0.17713459	0.18654650
1.83699995	-0.59907109	0.25744340
1.83799995	-0.83584523	0.31862080
1.83899995	-0.85396159	0.36103591
1.83999995	-0.66910678	0.37567666
1.84099995	-0.30591780	0.36054379
1.84199995	0.10479207	0.31397638
1.84299995	0.50184548	0.24311024
1.84399995	0.76651698	0.17575049
1.84499995	0.85851377	0.12121678
1.84599995	0.74575543	0.10100885
1.84699995	0.44675812	0.11860237
1.84799995	0.04127707	0.15944882
1.84899995	-0.41150960	0.21758120
1.84999995	-0.73009968	0.28174213
1.85099995	-0.86930978	0.34233513
1.85199995	-0.78980070	0.37146285
1.85299995	-0.50166094	0.36478838
1.85399995	-0.11374262	0.33270791
1.85499995	0.31720597	0.28001967
1.85599995	0.65163630	0.21588951
1.85699995	0.83867496	0.14985237
1.85799995	0.82772517	0.11174335
1.85899995	0.62198573	0.10691437
1.85999995	0.26054996	0.13327387
1.86099995	-0.20312500	0.18719243
1.86199995	-0.58301550	0.25132260
1.86299995	-0.82514149	0.31616017
1.86399995	-0.85377705	0.35992864
1.86499995	-0.66369343	0.37629184
1.86599995	-0.32507998	0.35885212
1.86699995	0.11312746	0.31040847
1.86799995	0.49747786	0.24612451
1.86899995	0.77045399	0.17525837
1.86999995	0.85488433	0.12561515
1.87099995	0.73806596	0.10442298
1.87199995	0.44721949	0.11611097
1.87299995	0.02657480	0.15911049
1.87399995	-0.38505784	0.22047244
1.87499995	-0.72831571	0.29136935
1.87599995	-0.86866385	0.34378076
1.87699995	-0.78632504	0.36980191
1.87799995	-0.51719368	0.36687991
1.87899995	-0.09894808	0.33541462
1.87999995	0.31194636	0.28005046
1.88099995	0.65452754	0.20918430
1.88199995	0.83153909	0.15074433
1.88299995	0.81517595	0.11318897
1.88399995	0.61242002	0.10734498
1.88499995	0.25596702	0.13398130
1.88599995	-0.16723056	0.18654650
1.88699995	-0.59581077	0.25744340
1.88799995	-0.83892101	0.31880537
1.88899995	-0.86312747	0.36180487
1.88999995	-0.67808807	0.37333909
1.89099995	-0.30822465	0.35153174
1.89199995	0.10556103	0.30499509
1.89299995	0.50199926	0.24080339
1.89399995	0.76636320	0.17651944
1.89499995	0.85774481	0.12137057
1.89599995	0.74821603	0.10085507
1.89699995	0.45650837	0.11783341
1.89799995	0.04798228	0.16175567
1.89899995	-0.41815329	0.22659326
1.89999995	-0.73984993	0.29056963
1.90099995	-0.87177044	0.34387302
1.90199995	-0.78903174	0.37318528
1.90299995	-0.50150716	0.37438485
1.90399995	-0.11374262	0.33938238
1.90499995	0.31720597	0.27334523
1.90599995	0.65163630	0.20610851
1.90699995	0.83867496	0.14736098
1.90799995	0.82772517	0.11251231
1.90899995	0.62198573	0.10706816
1.90999995	0.26054996	0.13327387
1.91099995	-0.20312500	0.18719243
1.91199995	-0.58301550	0.25132260
1.91299995	-0.82514149	0.31616017
1.91399995	-0.85377705	0.35992864
1.91499995	-0.66369343	0.37629184
1.91599995	-0.32507998	0.35885212
1.91699995	0.11312746	0.31040847
1.91799995	0.49732405	0.24612451
1.91899995	0.76968503	0.17525837
1.91999995	0.85734499	0.12561515
1.92099995	0.74781621	0.10442298
1.92199995	0.45404774	0.11611097
1.92299995	0.02063853	0.15911049
1.92399995	-0.39714566	0.22031865
1.92499995	-0.73978835	0.29060039
1.92599995	-0.87687624	0.34608760
1.92699995	-0.78847808	0.37881398
1.92799995	-0.51657850	0.37589198
1.92899995	-0.09953248	0.33772147
1.92999995	0.31409940	0.27928150
1.93099995	0.66270918	0.20903051
1.93199995	0.84298104	0.15074433
1.93299995	0.82726377	0.11318897
1.93399995	0.61820251	0.10734498
1.93499995	0.24840058	0.13398130
1.93599995	-0.17479700	0.18654650
1.93699995	-0.59005904	0.25744340
1.93799995	-0.82667935	0.31862080
1.93899995	-0.85088581	0.36103591
1.93999995	-0.67233634	0.37567666
1.94099995	-0.31579110	0.36054379
1.94199995	0.09830216	0.31397638
1.94299995	0.50928885	0.24311024
1.94399995	0.77396035	0.17575049
1.94499995	0.85202384	0.12121678
1.94599995	0.73600519	0.10100885
1.94699995	0.44429749	0.11860237
1.94799995	0.04204601	0.15944882
1.94899995	-0.41135579	0.21758120
1.94999995	-0.73009968	0.28174213
1.95099995	-0.86930978	0.34233513
1.95199995	-0.78980070	0.37161663
1.95299994	-0.50166094	0.36555734
1.95399994	-0.11374262	0.33040109
1.95499994	0.31720597	0.27103838
1.95599994	0.65163630	0.20687746
1.95699994	0.83867496	0.14751476
1.95799994	0.82772517	0.11251231
1.95899994	0.62198573	0.10706816
1.95999994	0.26054996	0.13327387
1.96099994	-0.20312500	0.18719243
1.96199994	-0.58301550	0.25132260
1.96299994	-0.82514149	0.31616017
1.96399994	-0.85377705	0.35992864
1.96499994	-0.66369343	0.37629184
1.96599994	-0.32507998	0.35885212
1.96699994	0.11312746	0.31040847
1.96799994	0.49747786	0.24612451
1.96899994	0.77045399	0.17525837
1.96999994	0.85488433	0.12561515
1.97099994	0.73806596	0.10442298
1.97199994	0.44737327	0.11611097
1.97299994	0.02734375	0.15911049
1.97399994	-0.38724163	0.22047244
1.97499994	-0.73652804	0.29136935
1.97599994	-0.87998277	0.34378076
1.97699994	-0.79764396	0.36980191
1.97799994	-0.52540600	0.36687991
1.97899994	-0.10110113	0.33541462
1.97999994	0.31268454	0.28005046
1.98099994	0.65468132	0.20918430
1.98199994	0.83169293	0.15074433
1.98299994	0.81594485	0.11318897
1.98399994	0.60995942	0.10734498
1.98499994	0.24621677	0.13398130
1.98599994	-0.17402805	0.18654650
1.98699994	-0.58990526	0.25744340
1.98799994	-0.82686394	0.31880537
1.98899994	-0.85165477	0.36180487
1.98999994	-0.66987574	0.37333909
1.99099994	-0.30607161	0.35153174
1.99199994	0.10479207	0.30499509
1.99299994	0.50184548	0.24080339
1.99399994	0.76636320	0.17651944
1.99499994	0.85774481	0.12137057
1.99599994	0.74821603	0.10085507
1.99699994	0.45650837	0.11783341
1.99799994	0.04798228	0.16175567
1.99899994	-0.41815329	0.22659326
1.99999994	-0.73984993	0.29056963
2.00099994	-0.87177044	0.34387302
2.00199994	-0.78903174	0.37303150
2.00299994	-0.50150716	0.37361589
