Time	Channel A	Channel B
(us)	(V)	(V)

-0.00400000	-0.50627458	0.13542692
-0.00300000	-0.79924333	0.19540477
-0.00200000	-0.87782973	0.26264149
-0.00100000	-0.73013043	0.32747909
0.00000000	-0.41753814	0.36832553
0.00100000	0.01522515	0.37921384
0.00200000	0.41701525	0.35577634
0.00300000	0.72751600	0.30124262
0.00400000	0.85848302	0.23711245
0.00500000	0.79010826	0.17292076
0.00600000	0.53435653	0.12619956
0.00700000	0.13065945	0.10380782
0.00800000	-0.29272267	0.11844857
0.00900000	-0.67470473	0.16812254
0.01000000	-0.86171257	0.22948450
0.01100000	-0.82717150	0.29367617
0.01200000	-0.59593379	0.34316561
0.01300000	-0.20007996	0.37041709
0.01400000	0.21662770	0.36472687
0.01500000	0.59251970	0.32717150
0.01600000	0.81342274	0.26873153
0.01700000	0.84550321	0.19786540
0.01800000	0.68036419	0.14250124
0.01900000	0.34445742	0.11103593
0.02000000	-0.07566437	0.10796013
0.02100000	-0.51879305	0.13336614
0.02200000	-0.79964322	0.18888411
0.02300000	-0.87890625	0.26642472
0.02400000	-0.74086493	0.32778665
0.02500000	-0.40366635	0.36411172
0.02600000	0.00473671	0.37275466
0.02700000	0.42476624	0.35214689
0.02800000	0.72102606	0.30250368
0.02900000	0.84750247	0.23102239
0.03000000	0.78140378	0.16981423
0.03100000	0.53451031	0.12801427
0.03200000	0.14674582	0.11060531
0.03300000	-0.32483390	0.12029404
0.03400000	-0.67559671	0.16101746
0.03500000	-0.85596085	0.22643946
0.03600000	-0.82606423	0.29072341
0.03700000	-0.58879799	0.34464198
0.03800000	-0.22139518	0.37084767
0.03900000	0.22231792	0.36540353
0.04000000	0.58633733	0.33040109
0.04100000	0.81634474	0.27103838
0.04200000	0.84867126	0.20687746
0.04300000	0.67922610	0.14751476
0.04400000	0.34418061	0.11235851
0.04500000	-0.10679134	0.10629921
0.04600000	-0.50381398	0.13542692
0.04700000	-0.78949308	0.19540477
0.04800000	-0.87115526	0.26264149
0.04900000	-0.73677409	0.32747909
0.05000000	-0.42713460	0.36832553
0.05100000	0.01353346	0.37921384
0.05200000	0.41560039	0.35593012
0.05300000	0.71945745	0.30201155
0.05400000	0.84716409	0.23480561
0.05500000	0.77878934	0.16393946
0.05600000	0.52614421	0.11721826
0.05700000	0.12847564	0.10147022
0.05800000	-0.29195374	0.11921752
0.05900000	-0.67455095	0.16827632
0.06000000	-0.86186635	0.22948450
0.06100000	-0.82794046	0.29367617
0.06200000	-0.59362698	0.34316561
0.06300000	-0.19109868	0.37041709
0.06400000	0.22579356	0.36472687
0.06500000	0.59559548	0.32717150
0.06600000	0.81034696	0.26873153
0.06700000	0.83633733	0.19786540
0.06800000	0.67135209	0.14234744
0.06900000	0.34211984	0.11026698
0.07000000	-0.07489543	0.11042077
0.07100000	-0.51863927	0.14311638
0.07200000	-0.79964322	0.19552781
0.07300000	-0.87890625	0.25975025
0.07400000	-0.74086493	0.31803641
0.07500000	-0.40366635	0.36165109
0.07600000	0.00473671	0.37349287
0.07700000	0.42476624	0.35230067
0.07800000	0.72102606	0.30265749
0.07900000	0.84750247	0.23179133
0.08000000	0.78140378	0.16750738
0.08100000	0.53451031	0.11906373
0.08200000	0.14674582	0.10162401
0.08300000	-0.32483390	0.11798720
0.08400000	-0.67578125	0.16160187
0.08500000	-0.85672981	0.22582431
0.08600000	-0.82375735	0.29306102
0.08700000	-0.57981670	0.35362327
0.08800000	-0.21222933	0.37982899
0.08900000	0.22539370	0.36771038
0.09000000	0.58326155	0.32963213
0.09100000	0.80717891	0.27088460
0.09200000	0.83968997	0.20687746
0.09300000	0.67691928	0.14751476
0.09400000	0.34491879	0.11235851
0.09500000	-0.10663755	0.10629921
0.09600000	-0.50381398	0.13558070
0.09700000	-0.78949308	0.19617371
0.09800000	-0.87115526	0.26033464
0.09900000	-0.73677409	0.31846702
0.10000000	-0.42728838	0.35931349
0.10100000	0.01276452	0.37690699
0.10200000	0.41793799	0.35654527
0.10300000	0.72843874	0.30139640
0.10400000	0.85614544	0.23711245
0.10500000	0.78109622	0.17292076
0.10600000	0.52537525	0.12638411
0.10700000	0.12832186	0.10457677
0.10800000	-0.29195374	0.11595719
0.10900000	-0.67455095	0.15837230
0.11000000	-0.86171257	0.22265625
0.11100000	-0.82717150	0.29958171
0.11200000	-0.59593379	0.35525346
0.11300000	-0.20007996	0.38188976
0.11400000	0.21678150	0.37296999
0.11500000	0.59328860	0.32935530
0.11600000	0.81111592	0.26814714
0.11700000	0.83649117	0.19844981
0.11800000	0.67135209	0.14004061
0.11900000	0.34211984	0.10125492
0.12000000	-0.07504921	0.10125492
0.12100000	-0.51937747	0.14004061
0.12200000	-0.79730558	0.19863436
0.12300000	-0.86989421	0.26888534
0.12400000	-0.73169905	0.32701772
0.12500000	-0.40059054	0.36395791
0.12600000	0.00150714	0.37275466
0.12700000	0.41486222	0.35214689
0.12800000	0.71447468	0.30265749
0.12900000	0.85491508	0.23179133
0.13000000	0.78869343	0.16750738
0.13100000	0.52722073	0.11906373
0.13200000	0.13948695	0.10162401
0.13300000	-0.31754428	0.11798720
0.13400000	-0.66833782	0.16175567
0.13500000	-0.86325049	0.22659326
0.13600000	-0.83366144	0.29072341
0.13700000	-0.58304626	0.34464198
0.13800000	-0.20915355	0.37084767
0.13900000	0.23452879	0.36540353
0.14000000	0.59221208	0.33040109
0.14100000	0.80948573	0.27103838
0.14200000	0.83876723	0.20687746
0.14300000	0.67599654	0.14751476
0.14400000	0.34725639	0.11235851
0.14500000	-0.09765625	0.10629921
0.14600000	-0.49483266	0.13542692
0.14700000	-0.78718626	0.19540477
0.14800000	-0.87192422	0.26264149
0.14900000	-0.73692793	0.32747909
0.15000000	-0.42728838	0.36832553
0.15100000	0.01276452	0.37921384
0.15200000	0.41793799	0.35593012
0.15300000	0.72843874	0.30201155
0.15400000	0.85614544	0.23480561
0.15500000	0.78109622	0.16393946
0.15600000	0.52537525	0.11737204
0.15700000	0.12832186	0.10223917
0.15800000	-0.29195374	0.11687992
0.15900000	-0.67455095	0.15929502
0.16000000	-0.86171257	0.22031865
0.16100000	-0.82717150	0.29060039
0.16200000	-0.59593379	0.34624138
0.16300000	-0.20007996	0.37958291
0.16400000	0.21678150	0.37370816
0.16500000	0.59328860	0.32950911
0.16600000	0.81111592	0.26799336
0.16700000	0.83649117	0.19771162
0.16800000	0.67135209	0.14234744
0.16900000	0.34211984	0.11026698
0.17000000	-0.07489543	0.11042077
0.17100000	-0.51863927	0.14311638
0.17200000	-0.79964322	0.19552781
0.17300000	-0.87890625	0.25975025
0.17400000	-0.74071109	0.31803641
0.17500000	-0.40289739	0.36165109
0.17600000	0.00224532	0.37349287
0.17700000	0.41501600	0.35230067
0.17800000	0.71447468	0.30265749
0.17900000	0.85491508	0.23179133
0.18000000	0.78884721	0.16750738
0.18100000	0.52798969	0.11906373
0.18200000	0.13699557	0.10162401
0.18300000	-0.32729453	0.11798720
0.18400000	-0.67501229	0.16160187
0.18499999	-0.85657603	0.22582431
0.18599999	-0.82375735	0.29306102
0.18699999	-0.57981670	0.35362327
0.18799999	-0.21222933	0.37982899
0.18899999	0.22539370	0.36771038
0.18999999	0.58326155	0.32963213
0.19099999	0.80717891	0.27088460
0.19199999	0.83968997	0.20687746
0.19299999	0.67691928	0.14751476
0.19399999	0.34491879	0.11235851
0.19499999	-0.10663755	0.10629921
0.19599999	-0.50396776	0.13542692
0.19699999	-0.79026204	0.19540477
0.19799999	-0.86884844	0.26264149
0.19899999	-0.72779280	0.32747909
0.19999999	-0.41815329	0.36832553
0.20099999	0.01584031	0.37921384
0.20199999	0.41486222	0.35577634
0.20299999	0.71930367	0.30124262
0.20399999	0.84716409	0.23711245
0.20499999	0.77878934	0.17292076
0.20599999	0.52629799	0.12619956
0.20699999	0.12924458	0.10380782
0.20799999	-0.29426059	0.11844857
0.20899999	-0.68350148	0.16812254
0.20999999	-0.87069392	0.22948450
0.21099999	-0.82947832	0.29367617
0.21199999	-0.59501106	0.34316561
0.21299999	-0.19915724	0.37041709
0.21399999	0.21447465	0.36472687
0.21499999	0.58427656	0.32717150
0.21599999	0.80210382	0.26873153
0.21699999	0.83418429	0.19786540
0.21799999	0.67212105	0.14250124
0.21899999	0.34230438	0.11103593
0.21999999	-0.07489543	0.10811393
0.22099999	-0.51863927	0.13413508
0.22199999	-0.79964322	0.18654650
0.22299999	-0.87890625	0.25744340
0.22399999	-0.74086493	0.31880537
0.22499999	-0.40366635	0.36180487
0.22599999	0.00458292	0.37349287
0.22699999	0.42402804	0.35230067
0.22799999	0.72348672	0.30265749
0.22899999	0.85725272	0.23179133
0.22999999	0.78807825	0.16750738
0.23099999	0.52783585	0.11906373
0.23199999	0.13699557	0.10162401
0.23299999	-0.32729453	0.11798720
0.23399999	-0.67501229	0.16160187
0.23499999	-0.85657603	0.22582431
0.23599999	-0.82375735	0.29306102
0.23699999	-0.57981670	0.35362327
0.23799999	-0.21238312	0.37982899
0.23899999	0.22462475	0.36771038
0.23999999	0.58556843	0.32963213
0.24099999	0.81616020	0.27088460
0.24199999	0.84851748	0.20687746
0.24299999	0.67845720	0.14751476
0.24399999	0.34648746	0.11235851
0.24499999	-0.09781004	0.10629921
0.24599999	-0.49498647	0.13542692
0.24699999	-0.78795522	0.19540477
0.24799999	-0.86961734	0.26264149
0.24899999	-0.72794658	0.32747909
0.24999999	-0.41830710	0.36832553
0.25099999	0.01507136	0.37921384
0.25199999	0.41716903	0.35577634
0.25299999	0.72828496	0.30124262
0.25399999	0.85629922	0.23711245
0.25499999	0.78186518	0.17292076
0.25599999	0.52303767	0.12619956
0.25699999	0.11937131	0.10380782
0.25799999	-0.30090427	0.11844857
0.25899999	-0.67685777	0.16812254
0.25999999	-0.86109746	0.22933070
0.26099999	-0.82778668	0.29290724
0.26199999	-0.59362698	0.34547243
0.26299999	-0.19109868	0.37942913
0.26399999	0.22579356	0.37355438
0.26499999	0.59559548	0.32874015
0.26599999	0.81034696	0.27030021
0.26699999	0.83633733	0.20669292
0.26799999	0.67135209	0.15135950
0.26899999	0.34211984	0.11257382
0.26999999	-0.07504921	0.10965182
0.27099999	-0.51937747	0.14296260
0.27199999	-0.79730558	0.19537401
0.27299999	-0.86989421	0.25898129
0.27399999	-0.73169905	0.32034326
0.27499999	-0.40059054	0.37063238
0.27599999	0.00166093	0.38250491
0.27699999	0.41563115	0.35463828
0.27799999	0.71201402	0.30191928
0.27899999	0.84519559	0.23163755
0.27999999	0.78217274	0.16750738
0.28099999	0.53466409	0.11906373
0.28199999	0.14689961	0.10162401
0.28299999	-0.32406497	0.11798720
0.28399999	-0.67808807	0.16175567
0.28499999	-0.86571109	0.22659326
0.28599999	-0.83273870	0.29072341
0.28699999	-0.58212352	0.34464198
0.28799999	-0.21146038	0.37100148
0.28899999	0.22554749	0.36617249
0.28999999	0.58326155	0.32806349
0.29099999	0.80717891	0.26202634
0.29199999	0.83968997	0.19789617
0.29299999	0.67691928	0.14520793
0.29399999	0.34491879	0.11312746
0.29499999	-0.10663755	0.10645300
0.29599999	-0.50396776	0.13542692
0.29699999	-0.79026204	0.19540477
0.29799999	-0.86884844	0.26264149
0.29899999	-0.72779280	0.32747909
0.29999999	-0.41830710	0.36832553
0.30099999	0.01507136	0.37921384
0.30199999	0.41701525	0.35593012
0.30299999	0.72751600	0.30201155
0.30399999	0.85848302	0.23480561
0.30499999	0.79010826	0.16393946
0.30599999	0.53435653	0.11737204
0.30699999	0.13065945	0.10223917
0.30799999	-0.29272267	0.11672613
0.30899999	-0.67470473	0.15852608
0.30999999	-0.86171257	0.22281004
0.31099999	-0.82717150	0.30035064
0.31199999	-0.59593379	0.35291585
0.31299999	-0.20007996	0.37290847
0.31399999	0.21678150	0.36380413
0.31499999	0.59328860	0.32624876
0.31599999	0.81111592	0.27106914
0.31699999	0.83649117	0.20684670
0.31799999	0.67135209	0.15135950
0.31899999	0.34211984	0.11257382
0.31999999	-0.07504921	0.10949803
0.32099999	-0.51937747	0.14219365
0.32199999	-0.79730558	0.19786540
0.32299999	-0.86989421	0.26873153
0.32399999	-0.73185283	0.32701772
0.32499999	-0.40135950	0.36395791
0.32599999	0.00396777	0.37275466
0.32699999	0.42461246	0.35214689
0.32799999	0.72117984	0.30265749
0.32899999	0.84827143	0.23179133
0.32999999	0.77909696	0.16750738
0.33099999	0.52552903	0.11906373
0.33199999	0.13776451	0.10162401
0.33299999	-0.32714075	0.11798720
0.33399999	-0.67485851	0.16160187
0.33499999	-0.85580707	0.22582431
0.33599999	-0.82606423	0.29306102
0.33699999	-0.58879799	0.35362327
0.33799999	-0.22139518	0.37998277
0.33899999	0.22231792	0.36847934
0.33999999	0.58633733	0.32732528
0.34099999	0.81634474	0.26187253
0.34199999	0.84851748	0.19789617
0.34299999	0.67845720	0.14520793
0.34399999	0.34648746	0.11312746
0.34499999	-0.09781004	0.10645300
0.34599999	-0.49498647	0.13542692
0.34699999	-0.78795522	0.19540477
0.34799999	-0.86961734	0.26264149
0.34899999	-0.72794658	0.32747909
0.34999999	-0.41830710	0.36832553
0.35099999	0.01507136	0.37921384
0.35199999	0.41716903	0.35577634
0.35299999	0.72828496	0.30124262
0.35399999	0.85614544	0.23711245
0.35499999	0.78109622	0.17292076
0.35599999	0.52537525	0.12619956
0.35699999	0.12832186	0.10380782
0.35799999	-0.29179996	0.11844857
0.35899999	-0.67378199	0.16812254
0.35999999	-0.86420399	0.22948450
0.36099999	-0.83695251	0.29367617
0.36199999	-0.60260826	0.34316561
0.36299999	-0.19340551	0.37041709
0.36399999	0.22656250	0.36472687
0.36499999	0.59574926	0.32717150
0.36599999	0.81034696	0.26873153
0.36699999	0.83633733	0.19786540
0.36799999	0.67135209	0.14234744
0.36899999	0.34211984	0.11026698
0.36999999	-0.07504921	0.11042077
0.37099999	-0.51937747	0.14311638
0.37199999	-0.79730558	0.19552781
0.37299999	-0.86989421	0.25975025
0.37399999	-0.73169905	0.31803641
0.37499999	-0.40059054	0.36165109
0.37599999	0.00166093	0.37349287
0.37699999	0.41563115	0.35230067
0.37799999	0.71201402	0.30265749
0.37899999	0.84519559	0.23179133
0.37999999	0.78217274	0.16750738
0.38099999	0.53466409	0.11906373
0.38199999	0.14689961	0.10162401
0.38299999	-0.32406497	0.11798720
0.38399999	-0.67808807	0.16175567
0.38499999	-0.86571109	0.22659326
0.38599999	-0.83273870	0.29072341
0.38699999	-0.58212352	0.34464198
0.38799999	-0.21146038	0.37084767
0.38899999	0.22554749	0.36540353
0.38999999	0.58326155	0.33055487
0.39099999	0.80717891	0.27180734
0.39199999	0.83968997	0.20457062
0.39299999	0.67691928	0.13853346
0.39399999	0.34491879	0.10337722
0.39499999	-0.10663755	0.10396162
0.39599999	-0.50396776	0.13619587
0.39699999	-0.79026204	0.19555856
0.39799999	-0.86884844	0.26264149
0.39899999	-0.72779280	0.32747909
0.39999999	-0.41815329	0.36832553
0.40099999	0.01584031	0.37921384
0.40199999	0.41470841	0.35593012
0.40299999	0.71853471	0.30201155
0.40399999	0.84947097	0.23480561
0.40499999	0.78777069	0.16393946
0.40599999	0.53512549	0.11721826
0.40699999	0.13081324	0.10147022
0.40799999	-0.29272267	0.11921752
0.40899999	-0.67470473	0.16827632
0.40999999	-0.86171257	0.22948450
0.41099999	-0.82717150	0.29367617
0.41199999	-0.59593379	0.34316561
0.41299999	-0.20007996	0.37041709
0.41399999	0.21662770	0.36472687
0.41499999	0.59251970	0.32717150
0.41599999	0.81342274	0.26873153
0.41699999	0.84550321	0.19786540
0.41799999	0.68036419	0.14250124
0.41899999	0.34445742	0.11103593
0.41999999	-0.07581816	0.10796013
0.42099999	-0.51953125	0.13336614
0.42199999	-0.79730558	0.18888411
0.42299999	-0.86989421	0.26642472
0.42399999	-0.73185283	0.32778665
0.42499999	-0.40135950	0.36411172
0.42599999	0.00396777	0.37275466
0.42699999	0.42461246	0.35214689
0.42799999	0.72117984	0.30265749
0.42899999	0.84827143	0.23179133
0.42999999	0.77909696	0.16750738
0.43099999	0.52552903	0.11906373
0.43199999	0.13776451	0.10162401
0.43299999	-0.32714075	0.11798720
0.43399999	-0.67501229	0.16160187
0.43499999	-0.85657603	0.22582431
0.43599999	-0.82375735	0.29306102
0.43699999	-0.57981670	0.35362327
0.43799999	-0.21238312	0.37982899
0.43899999	0.22462475	0.36771038
0.43999999	0.58556843	0.32963213
0.44099999	0.81616020	0.27088460
0.44199999	0.84851748	0.20687746
0.44299999	0.67845720	0.14751476
0.44399999	0.34664124	0.11235851
0.44499999	-0.09704109	0.10629921
0.44599999	-0.49713951	0.13542692
0.44699999	-0.79616755	0.19540477
0.44799999	-0.88090551	0.26279527
0.44899999	-0.73923475	0.32821727
0.44999999	-0.42651942	0.36601871
0.45099999	0.01291831	0.37023252
0.45199999	0.41793799	0.34694883
0.45299999	0.72843874	0.29970473
0.45399999	0.85614544	0.23557456
0.45499999	0.78109622	0.16409326
0.45599999	0.52552903	0.11737204
0.45699999	0.12909080	0.10223917
0.45799999	-0.29410678	0.11672613
0.45899999	-0.68273252	0.15852608
0.45999999	-0.87315452	0.22281004
0.46099999	-0.83925933	0.30035064
0.46199999	-0.60183930	0.35291585
0.46299999	-0.19325173	0.37290847
0.46399999	0.22656250	0.36380413
0.46499999	0.59574926	0.32624876
0.46599999	0.81034696	0.27106914
0.46699999	0.83633733	0.20684670
0.46799999	0.67135209	0.15135950
0.46899999	0.34211984	0.11257382
0.46999999	-0.07504921	0.10965182
0.47099999	-0.51937747	0.14296260
0.47199999	-0.79730558	0.19552781
0.47299999	-0.86989421	0.25975025
0.47399999	-0.73169905	0.31803641
0.47499999	-0.40059054	0.36165109
0.47599999	0.00166093	0.37333909
0.47699999	0.41563115	0.35153174
0.47799999	0.71201402	0.30499509
0.47899999	0.84519559	0.24080339
0.47999999	0.78217274	0.17651944
0.48099999	0.53466409	0.12137057
0.48199999	0.14689961	0.10085507
0.48299999	-0.32406497	0.11783341
0.48399999	-0.67808807	0.16175567
0.48499999	-0.86571109	0.22659326
0.48599999	-0.83273870	0.29072341
0.48699999	-0.58212352	0.34464198
0.48799999	-0.21146038	0.37084767
0.48899999	0.22554749	0.36540353
0.48999999	0.58326155	0.33040109
0.49099999	0.80717891	0.27103838
0.49199999	0.83968997	0.20687746
0.49299999	0.67691928	0.14751476
0.49399999	0.34507260	0.11235851
0.49499999	-0.10586860	0.10629921
0.49599999	-0.50627458	0.13542692
0.49699999	-0.79924333	0.19540477
0.49799999	-0.87782973	0.26264149
0.49899999	-0.73013043	0.32747909
0.49999999	-0.41753814	0.36832553
0.50099999	0.01522515	0.37921384
0.50199999	0.41701525	0.35593012
0.50299999	0.72751600	0.30201155
0.50399999	0.85863680	0.23480561
0.50499999	0.79084647	0.16393946
0.50599999	0.53204972	0.11721826
0.50699999	0.12167815	0.10147022
0.50799999	-0.30167323	0.11906373
0.50899999	-0.67701155	0.16750738
0.50999999	-0.86094368	0.23179133
0.51099999	-0.82701772	0.30265749
0.51199999	-0.59593379	0.35214689
0.51299999	-0.20007996	0.37275466
0.51399999	0.21662770	0.36395791
0.51499999	0.59251970	0.32701772
0.51599999	0.81342274	0.26873153
0.51699999	0.84550321	0.19786540
0.51799999	0.68036419	0.14250124
0.51899999	0.34445742	0.11103593
0.51999999	-0.07581816	0.10796013
0.52099999	-0.51953125	0.13336614
0.52199999	-0.79730558	0.18888411
0.52299999	-0.86989421	0.26642472
0.52399999	-0.73185283	0.32778665
0.52499999	-0.40135950	0.36411172
0.52599999	0.00396777	0.37275466
0.52699999	0.42461246	0.35214689
0.52799999	0.72117984	0.30265749
0.52899999	0.84827143	0.23179133
0.52999999	0.77909696	0.16750738
0.53099999	0.52552903	0.11906373
0.53199999	0.13776451	0.10162401
0.53299999	-0.32714075	0.11798720
0.53399999	-0.67501229	0.16160187
0.53499999	-0.85657603	0.22582431
0.53599999	-0.82375735	0.29306102
0.53699999	-0.57981670	0.35362327
0.53799999	-0.21222933	0.37982899
0.53899998	0.22539370	0.36771038
0.53999998	0.58326155	0.32978591
0.54099998	0.80717891	0.27165353
0.54199998	0.83953619	0.20457062
0.54299998	0.67615032	0.13853346
0.54399998	0.34725639	0.10337722
0.54499998	-0.09765625	0.10396162
0.54599998	-0.49498647	0.13619587
0.54699998	-0.78795522	0.19555856
0.54799998	-0.86961734	0.26264149
0.54899998	-0.72794658	0.32747909
0.54999998	-0.41830710	0.36832553
0.55099998	0.01507136	0.37921384
0.55199998	0.41716903	0.35577634
0.55299998	0.72828496	0.30124262
0.55399998	0.85614544	0.23711245
0.55499998	0.78109622	0.17292076
0.55599998	0.52552903	0.12619956
0.55699998	0.12909080	0.10380782
0.55799998	-0.29426059	0.11844857
0.55899998	-0.68350148	0.16812254
0.55999998	-0.87084770	0.22948450
0.56099998	-0.83024728	0.29367617
0.56199998	-0.59285802	0.34316561
0.56299998	-0.19094488	0.37041709
0.56399998	0.22579356	0.36472687
0.56499998	0.59559548	0.32717150
0.56599998	0.81034696	0.26873153
0.56699998	0.83633733	0.19786540
0.56799998	0.67135209	0.14250124
0.56899998	0.34211984	0.11103593
0.56999998	-0.07489543	0.10811393
0.57099998	-0.51863927	0.13413508
0.57199998	-0.79964322	0.18654650
0.57299998	-0.87890625	0.25744340
0.57399998	-0.74071109	0.31880537
0.57499998	-0.40289739	0.36180487
0.57599998	0.00239911	0.37349287
0.57699998	0.41578493	0.35230067
0.57799998	0.71201402	0.30265749
0.57899998	0.84519559	0.23179133
0.57999998	0.78217274	0.16750738
0.58099998	0.53466409	0.11906373
0.58199998	0.14689961	0.10162401
0.58299998	-0.32406497	0.11798720
0.58399998	-0.67808807	0.16175567
0.58499998	-0.86571109	0.22659326
0.58599998	-0.83273870	0.29072341
0.58699998	-0.58212352	0.34464198
0.58799998	-0.21146038	0.37084767
0.58899998	0.22554749	0.36540353
0.58999998	0.58326155	0.33055487
0.59099998	0.80717891	0.27180734
0.59199998	0.83968997	0.20457062
0.59299998	0.67691928	0.13853346
0.59399998	0.34491879	0.10337722
0.59499998	-0.10663755	0.10396162
0.59599998	-0.50396776	0.13619587
0.59699998	-0.79026204	0.19555856
0.59799998	-0.86884844	0.26264149
0.59899998	-0.72779280	0.32747909
0.59999998	-0.41815329	0.36832553
0.60099998	0.01584031	0.37921384
0.60199998	0.41486222	0.35577634
0.60299998	0.71930367	0.30124262
0.60399998	0.84716409	0.23711245
0.60499998	0.77878934	0.17292076
0.60599998	0.52614421	0.12619956
0.60699998	0.12847564	0.10380782
0.60799998	-0.29195374	0.11844857
0.60899998	-0.67455095	0.16812254
0.60999998	-0.86171257	0.22948450
0.61099998	-0.82717150	0.29367617
0.61199998	-0.59593379	0.34316561
0.61299998	-0.20007996	0.37041709
0.61399998	0.21678150	0.36457309
0.61499998	0.59328860	0.32640254
0.61599998	0.81111592	0.27106914
0.61699998	0.83649117	0.20684670
0.61799998	0.67135209	0.15151329
0.61899998	0.34211984	0.11334276
0.61999998	-0.07489543	0.10719119
0.62099998	-0.51863927	0.13321236
0.62199998	-0.79964322	0.18888411
0.62299998	-0.87890625	0.26642472
0.62399998	-0.74086493	0.32778665
0.62499998	-0.40366635	0.36411172
0.62599998	0.00473671	0.37275466
0.62699998	0.42476624	0.35214689
0.62799998	0.72117984	0.30265749
0.62899998	0.84827143	0.23179133
0.62999998	0.77909696	0.16750738
0.63099998	0.52552903	0.11906373
0.63199998	0.13776451	0.10162401
0.63299998	-0.32714075	0.11798720
0.63399998	-0.67485851	0.16175567
0.63499998	-0.85580707	0.22659326
0.63599998	-0.82606423	0.29072341
0.63699998	-0.58879799	0.34464198
0.63799998	-0.22139518	0.37084767
0.63899998	0.22231792	0.36540353
0.63999998	0.58633733	0.33055487
0.64099998	0.81634474	0.27180734
0.64199998	0.84851748	0.20457062
0.64299998	0.67845720	0.13853346
0.64399998	0.34648746	0.10337722
0.64499998	-0.09781004	0.10396162
0.64599998	-0.49498647	0.13619587
0.64699998	-0.78795522	0.19555856
0.64799998	-0.86961734	0.26264149
0.64899998	-0.72794658	0.32747909
0.64999998	-0.41830710	0.36832553
0.65099998	0.01507136	0.37921384
0.65199998	0.41716903	0.35593012
0.65299998	0.72828496	0.30201155
0.65399998	0.85614544	0.23480561
0.65499998	0.78109622	0.16393946
0.65599998	0.52537525	0.11737204
0.65699998	0.12832186	0.10223917
0.65799998	-0.29195374	0.11687992
0.65899998	-0.67455095	0.15929502
0.65999998	-0.86171257	0.22031865
0.66099998	-0.82717150	0.29060039
0.66199998	-0.59593379	0.34624138
0.66299998	-0.20007996	0.37958291
0.66399998	0.21678150	0.37370816
0.66499998	0.59328860	0.32950911
0.66599998	0.81111592	0.26799336
0.66699998	0.83649117	0.19771162
0.66799998	0.67135209	0.14250124
0.66899998	0.34211984	0.11103593
0.66999998	-0.07489543	0.10811393
0.67099998	-0.51863927	0.13413508
0.67199998	-0.79979700	0.18654650
0.67299998	-0.87967521	0.25744340
0.67399998	-0.73855805	0.31880537
0.67499998	-0.39471579	0.36180487
0.67599998	0.01371801	0.37349287
0.67699998	0.42710385	0.35230067
0.67799998	0.72041094	0.30265749
0.67899998	0.84811759	0.23179133
0.67999998	0.77909696	0.16750738
0.68099998	0.52552903	0.11906373
0.68199998	0.13776451	0.10162401
0.68299998	-0.32714075	0.11798720
0.68399998	-0.67501229	0.16160187
0.68499998	-0.85657603	0.22582431
0.68599998	-0.82375735	0.29306102
0.68699998	-0.57981670	0.35362327
0.68799998	-0.21222933	0.37982899
0.68899998	0.22539370	0.36771038
0.68999998	0.58326155	0.32978591
0.69099998	0.80717891	0.27165353
0.69199998	0.83953619	0.20457062
0.69299998	0.67615032	0.13853346
0.69399998	0.34741017	0.10337722
0.69499998	-0.09688731	0.10396162
0.69599998	-0.49729329	0.13619587
0.69699998	-0.79693651	0.19555856
0.69799998	-0.87856793	0.26264149
0.69899998	-0.73028421	0.32747909
0.69999998	-0.41738436	0.36832553
0.70099998	0.01599409	0.37921384
0.70199998	0.41486222	0.35593012
0.70299998	0.71930367	0.30201155
0.70399998	0.84716409	0.23480561
0.70499998	0.77878934	0.16393946
0.70599998	0.52614421	0.11721826
0.70699998	0.12847564	0.10147022
0.70799998	-0.29195374	0.11906373
0.70899998	-0.67455095	0.16750738
0.70999998	-0.86171257	0.23179133
0.71099998	-0.82717150	0.30265749
0.71199998	-0.59593379	0.35214689
0.71299998	-0.20007996	0.37275466
0.71399998	0.21662770	0.36395791
0.71499998	0.59251970	0.32701772
0.71599998	0.81342274	0.26873153
0.71699998	0.84550321	0.19786540
0.71799998	0.68036419	0.14250124
0.71899998	0.34445742	0.11103593
0.71999998	-0.07566437	0.10796013
0.72099998	-0.51879305	0.13336614
0.72199998	-0.79964322	0.18888411
0.72299998	-0.87890625	0.26642472
0.72399998	-0.74086493	0.32778665
0.72499998	-0.40366635	0.36411172
0.72599998	0.00473671	0.37275466
0.72699998	0.42476624	0.35214689
0.72799998	0.72117984	0.30265749
0.72899998	0.84827143	0.23179133
0.72999998	0.77909696	0.16750738
0.73099998	0.52552903	0.11906373
0.73199998	0.13776451	0.10147022
0.73299998	-0.32714075	0.11721826
0.73399998	-0.67501229	0.16409326
0.73499998	-0.85657603	0.23557456
0.73599998	-0.82375735	0.29970473
0.73699998	-0.57981670	0.34694883
0.73799998	-0.21238312	0.37007874
0.73899998	0.22462475	0.36524975
0.73999998	0.58556843	0.33040109
0.74099998	0.81616020	0.27103838
0.74199998	0.84867126	0.20687746
0.74299998	0.67922610	0.14751476
0.74399998	0.34418061	0.11235851
0.74499998	-0.10679134	0.10629921
0.74599998	-0.50396776	0.13542692
0.74699998	-0.79026204	0.19540477
0.74799998	-0.86884844	0.26264149
0.74899998	-0.72779280	0.32747909
0.74999998	-0.41830710	0.36832553
0.75099998	0.01507136	0.37921384
0.75199998	0.41716903	0.35593012
0.75299998	0.72828496	0.30201155
0.75399998	0.85614544	0.23480561
0.75499998	0.78109622	0.16393946
0.75599998	0.52537525	0.11721826
0.75699998	0.12832186	0.10147022
0.75799998	-0.29195374	0.11906373
0.75899998	-0.67455095	0.16750738
0.75999998	-0.86171257	0.23163755
0.76099998	-0.82717150	0.30191928
0.76199998	-0.59593379	0.35448450
0.76299998	-0.20007996	0.38173598
0.76399998	0.21678150	0.37296999
0.76499998	0.59328860	0.32935530
0.76599998	0.81111592	0.26799336
0.76699998	0.83649117	0.19771162
0.76799998	0.67135209	0.14250124
0.76899998	0.34211984	0.11103593
0.76999998	-0.07489543	0.10811393
0.77099998	-0.51863927	0.13413508
0.77199998	-0.79979700	0.18654650
0.77299998	-0.87967521	0.25744340
0.77399998	-0.73840427	0.31880537
0.77499998	-0.39394686	0.36180487
0.77599998	0.01138041	0.37349287
0.77699998	0.41809177	0.35230067
0.77799998	0.71124506	0.30265749
0.77899998	0.84504181	0.23179133
0.77999998	0.78217274	0.16750738
0.78099998	0.53466409	0.11906373
0.78199998	0.14674582	0.10162401
0.78299998	-0.32483390	0.11798720
0.78399998	-0.67578125	0.16175567
0.78499998	-0.85672981	0.22659326
0.78599998	-0.82375735	0.29072341
0.78699998	-0.57981670	0.34464198
0.78799998	-0.21222933	0.37084767
0.78899998	0.22539370	0.36540353
0.78999998	0.58326155	0.33040109
0.79099998	0.80717891	0.27103838
0.79199998	0.83968997	0.20687746
0.79299998	0.67691928	0.14751476
0.79399998	0.34507260	0.11235851
0.79499998	-0.10586860	0.10629921
0.79599998	-0.50627458	0.13542692
0.79699998	-0.79924333	0.19540477
0.79799998	-0.87782973	0.26264149
0.79899998	-0.73013043	0.32747909
0.79999998	-0.41753814	0.36832553
0.80099998	0.01522515	0.37921384
0.80199998	0.41716903	0.35593012
0.80299998	0.72828496	0.30201155
0.80399998	0.85629922	0.23480561
0.80499998	0.78186518	0.16393946
0.80599998	0.52303767	0.11737204
0.80699998	0.11937131	0.10223917
0.80799998	-0.30090427	0.11672613
0.80899998	-0.67685777	0.15852608
0.80999998	-0.86094368	0.22281004
0.81099998	-0.82701772	0.30035064
0.81199998	-0.59593379	0.35291585
0.81299998	-0.20007996	0.37290847
0.81399998	0.21662770	0.36395791
0.81499998	0.59251970	0.32701772
0.81599998	0.81342274	0.26873153
0.81699998	0.84550321	0.19786540
0.81799998	0.68036419	0.14250124
0.81899998	0.34445742	0.11103593
0.81999998	-0.07581816	0.10811393
0.82099998	-0.51953125	0.13413508
0.82199998	-0.79730558	0.18654650
0.82299998	-0.86989421	0.25744340
0.82399998	-0.73185283	0.31880537
0.82499998	-0.40135950	0.36180487
0.82599998	0.00396777	0.37349287
0.82699998	0.42461246	0.35230067
0.82799998	0.72117984	0.30265749
0.82899998	0.84827143	0.23179133
0.82999998	0.77894318	0.16750738
0.83099998	0.52476007	0.11906373
0.83199998	0.14007136	0.10147022
0.83299998	-0.31812868	0.11721826
0.83399998	-0.66600025	0.16409326
0.83499998	-0.85423845	0.23557456
0.83599998	-0.82452631	0.29970473
0.83699998	-0.57997048	0.34694883
0.83799998	-0.21222933	0.37007874
0.83899998	0.22539370	0.36524975
0.83999998	0.58326155	0.33040109
0.84099998	0.80717891	0.27103838
0.84199998	0.83953619	0.20687746
0.84299998	0.67615032	0.14751476
0.84399998	0.34741017	0.11235851
0.84499998	-0.09688731	0.10629921
0.84599998	-0.49729329	0.13542692
0.84699998	-0.79693651	0.19540477
0.84799998	-0.87856793	0.26264149
0.84899998	-0.73028421	0.32747909
0.84999998	-0.41738436	0.36832553
0.85099998	0.01599409	0.37921384
0.85199998	0.41486222	0.35577634
0.85299998	0.71930367	0.30124262
0.85399998	0.84716409	0.23711245
0.85499998	0.77878934	0.17292076
0.85599998	0.52614421	0.12619956
0.85699998	0.12847564	0.10380782
0.85799998	-0.29195374	0.11844857
0.85899998	-0.67455095	0.16812254
0.85999998	-0.86186635	0.22933070
0.86099998	-0.82794046	0.29290724
0.86199998	-0.59362698	0.34547243
0.86299998	-0.19109868	0.37942913
0.86399998	0.22579356	0.37370816
0.86499998	0.59559548	0.32950911
0.86599998	0.81034696	0.26799336
0.86699998	0.83633733	0.19771162
0.86799998	0.67135209	0.14234744
0.86899998	0.34211984	0.11026698
0.86999998	-0.07489543	0.11042077
0.87099998	-0.51863927	0.14311638
0.87199998	-0.79964322	0.19537401
0.87299998	-0.87890625	0.25898129
0.87399998	-0.74086493	0.32034326
0.87499998	-0.40366635	0.37063238
0.87599998	0.00473671	0.38250491
0.87699998	0.42476624	0.35463828
0.87799998	0.72117984	0.30176550
0.87899998	0.84827143	0.23086861
0.87999998	0.77909696	0.16981423
0.88099998	0.52552903	0.12801427
0.88199998	0.13776451	0.11060531
0.88299998	-0.32714075	0.12029404
0.88399998	-0.67501229	0.16083293
0.88499998	-0.85657603	0.22567052
0.88599998	-0.82375735	0.29306102
0.88699998	-0.57981670	0.35362327
0.88799998	-0.21222933	0.37982899
0.88899998	0.22539370	0.36771038
0.88999998	0.58310777	0.32963213
0.89099998	0.80640996	0.27088460
0.89199997	0.84199679	0.20687746
0.89299997	0.68590057	0.14751476
0.89399997	0.35405388	0.11235851
0.89499997	-0.10356176	0.10629921
0.89599997	-0.50704354	0.13558070
0.89699997	-0.79939717	0.19617371
0.89799997	-0.87782973	0.26048842
0.89899997	-0.73013043	0.31923598
0.89999997	-0.41738436	0.35700664
0.90099997	0.01599409	0.36792567
0.90199997	0.41486222	0.34756398
0.90299997	0.71930367	0.29908955
0.90399997	0.84716409	0.23788139
0.90499997	0.77878934	0.17307456
0.90599997	0.52614421	0.12638411
0.90699997	0.12847564	0.10457677
0.90799997	-0.29195374	0.11611097
0.90899997	-0.67455095	0.15911049
0.90999997	-0.86171257	0.22047244
0.91099997	-0.82717150	0.29136935
0.91199997	-0.59593379	0.34393454
0.91299997	-0.20007996	0.37057087
0.91399997	0.21662770	0.36472687
0.91499997	0.59251970	0.32717150
0.91599997	0.81342274	0.26873153
0.91699997	0.84550321	0.19786540
0.91799997	0.68036419	0.14250124
0.91899997	0.34445742	0.11103593
0.91999997	-0.07581816	0.10811393
0.92099997	-0.51953125	0.13413508
0.92199997	-0.79730558	0.18654650
0.92299997	-0.86989421	0.25744340
0.92399997	-0.73169905	0.31880537
0.92499997	-0.40059054	0.36180487
0.92599997	0.00166093	0.37333909
0.92699997	0.41563115	0.35153174
0.92799997	0.71216780	0.30499509
0.92899997	0.84593379	0.24080339
0.92999997	0.77986592	0.17651944
0.93099997	0.52568281	0.12137057
0.93199997	0.13776451	0.10085507
0.93299997	-0.32714075	0.11783341
0.93399997	-0.67501229	0.16160187
0.93499997	-0.85657603	0.22582431
0.93599997	-0.82375735	0.29306102
0.93699997	-0.57981670	0.35362327
0.93799997	-0.21238312	0.37982899
0.93899997	0.22462475	0.36771038
0.93999997	0.58556843	0.32978591
0.94099997	0.81616020	0.27165353
0.94199997	0.84867126	0.20457062
0.94299997	0.67922610	0.13853346
0.94399997	0.34418061	0.10337722
0.94499997	-0.10679134	0.10396162
0.94599997	-0.50396776	0.13634965
0.94699997	-0.79026204	0.19632751
0.94799997	-0.86884844	0.26033464
0.94899997	-0.72779280	0.31846702
0.94999997	-0.41815329	0.35931349
0.95099997	0.01584031	0.37690699
0.95199997	0.41486222	0.35654527
0.95299997	0.71930367	0.30139640
0.95399997	0.84716409	0.23711245
0.95499997	0.77878934	0.17292076
0.95599997	0.52614421	0.12619956
0.95699997	0.12847564	0.10380782
0.95799997	-0.29195374	0.11844857
0.95899997	-0.67455095	0.16812254
0.95999997	-0.86186635	0.22933070
0.96099997	-0.82794046	0.29290724
0.96199997	-0.59362698	0.34547243
0.96299997	-0.19109868	0.37942913
0.96399997	0.22579356	0.37370816
0.96499997	0.59559548	0.32950911
0.96599997	0.81034696	0.26799336
0.96699997	0.83633733	0.19771162
0.96799997	0.67135209	0.14250124
0.96899997	0.34211984	0.11103593
0.96999997	-0.07489543	0.10811393
0.97099997	-0.51863927	0.13413508
0.97199997	-0.79964322	0.18654650
0.97299997	-0.87890625	0.25744340
0.97399997	-0.74086493	0.31880537
0.97499997	-0.40366635	0.36180487
0.97599997	0.00473671	0.37333909
0.97699997	0.42476624	0.35153174
0.97799997	0.72102606	0.30499509
0.97899997	0.84750247	0.24080339
0.97999997	0.78140378	0.17651944
0.98099997	0.53451031	0.12137057
0.98199997	0.14689961	0.10085507
0.98299997	-0.32406497	0.11783341
0.98399997	-0.67808807	0.16175567
0.98499997	-0.86571109	0.22659326
0.98599997	-0.83273870	0.29072341
0.98699997	-0.58212352	0.34464198
0.98799997	-0.21146038	0.37084767
0.98899997	0.22554749	0.36540353
0.98999997	0.58326155	0.33055487
0.99099997	0.80717891	0.27180734
0.99199997	0.83968997	0.20457062
0.99299997	0.67691928	0.13853346
0.99399997	0.34507260	0.10337722
0.99499997	-0.10586860	0.10396162
0.99599997	-0.50627458	0.13619587
0.99699997	-0.79924333	0.19555856
0.99799997	-0.87782973	0.26264149
0.99899997	-0.73013043	0.32747909
0.99999997	-0.41738436	0.36832553
1.00099997	0.01599409	0.37921384
1.00199997	0.41486222	0.35593012
1.00299997	0.71930367	0.30201155
1.00399997	0.84731793	0.23480561
1.00499997	0.77952754	0.16393946
1.00599997	0.52380657	0.11721826
1.00699997	0.11952510	0.10147022
1.00799997	-0.30090427	0.11921752
1.00899997	-0.67685777	0.16827632
1.00999997	-0.86094368	0.22933070
1.01099997	-0.82701772	0.29290724
1.01199997	-0.59593379	0.34547243
1.01299997	-0.20007996	0.37942913
1.01399997	0.21662770	0.37370816
1.01499997	0.59251970	0.32950911
1.01599997	0.81342274	0.26799336
1.01699997	0.84550321	0.19771162
1.01799997	0.68036419	0.14250124
1.01899997	0.34445742	0.11103593
1.01999997	-0.07581816	0.10811393
1.02099997	-0.51953125	0.13413508
1.02199997	-0.79730558	0.18654650
1.02299997	-0.86989421	0.25744340
1.02399997	-0.73185283	0.31880537
1.02499997	-0.40135950	0.36180487
1.02599997	0.00396777	0.37333909
1.02699997	0.42461246	0.35153174
1.02799997	0.72117984	0.30499509
1.02899997	0.84827143	0.24080339
1.02999997	0.77909696	0.17651944
1.03099997	0.52552903	0.12137057
1.03199997	0.13776451	0.10085507
1.03299997	-0.32714075	0.11783341
1.03399997	-0.67485851	0.16175567
1.03499997	-0.85580707	0.22659326
1.03599997	-0.82606423	0.29072341
1.03699997	-0.58879799	0.34464198
1.03799997	-0.22139518	0.37100148
1.03899997	0.22231792	0.36617249
1.03999997	0.58633733	0.32806349
1.04099997	0.81634474	0.26202634
1.04199997	0.84867126	0.19789617
1.04299997	0.67922610	0.14520793
1.04399997	0.34433439	0.11312746
1.04499997	-0.10602239	0.10645300
1.04599997	-0.50627458	0.13542692
1.04699997	-0.79924333	0.19540477
1.04799997	-0.87782973	0.26264149
1.04899997	-0.73013043	0.32747909
1.04999997	-0.41738436	0.36832553
1.05099997	0.01599409	0.37921384
1.05199997	0.41486222	0.35577634
1.05299997	0.71930367	0.30124262
1.05399997	0.84716409	0.23711245
1.05499997	0.77878934	0.17292076
1.05599997	0.52629799	0.12638411
1.05699997	0.12924458	0.10457677
1.05799997	-0.29426059	0.11611097
1.05899997	-0.68350148	0.15911049
1.05999997	-0.87084770	0.22047244
1.06099997	-0.83024728	0.29136935
1.06199997	-0.59270424	0.34393454
1.06299997	-0.19017594	0.37057087
1.06399997	0.22345595	0.36472687
1.06499997	0.58661419	0.32717150
1.06599997	0.80133492	0.26873153
1.06699997	0.83403051	0.19786540
1.06799997	0.67212105	0.14234744
1.06899997	0.34230438	0.11026698
1.06999997	-0.07504921	0.11042077
1.07099997	-0.51937747	0.14311638
1.07199997	-0.79730558	0.19552781
1.07299997	-0.86989421	0.25975025
1.07399997	-0.73185283	0.31803641
1.07499997	-0.40135950	0.36165109
1.07599997	0.00396777	0.37349287
1.07699997	0.42461246	0.35230067
1.07799997	0.72117984	0.30265749
1.07899997	0.84827143	0.23179133
1.07999997	0.77909696	0.16750738
1.08099997	0.52552903	0.11906373
1.08199997	0.13791831	0.10162401
1.08299997	-0.32637179	0.11798720
1.08399997	-0.67731917	0.16175567
1.08499997	-0.86555731	0.22659326
1.08599997	-0.83273870	0.29072341
1.08699997	-0.58212352	0.34464198
1.08799997	-0.21146038	0.37084767
1.08899997	0.22554749	0.36540353
1.08999997	0.58326155	0.33040109
1.09099997	0.80717891	0.27103838
1.09199997	0.83968997	0.20687746
1.09299997	0.67691928	0.14751476
1.09399997	0.34507260	0.11235851
1.09499997	-0.10586860	0.10629921
1.09599997	-0.50627458	0.13542692
1.09699997	-0.79924333	0.19540477
1.09799997	-0.87782973	0.26264149
1.09899997	-0.73013043	0.32747909
1.09999997	-0.41738436	0.36832553
1.10099997	0.01599409	0.37921384
1.10199997	0.41486222	0.35577634
1.10299997	0.71930367	0.30124262
1.10399997	0.84716409	0.23711245
1.10499997	0.77878934	0.17292076
1.10599997	0.52614421	0.12619956
1.10699997	0.12847564	0.10380782
1.10799997	-0.29195374	0.11844857
1.10899997	-0.67455095	0.16812254
1.10999997	-0.86186635	0.22948450
1.11099997	-0.82794046	0.29367617
1.11199997	-0.59362698	0.34316561
1.11299997	-0.19109868	0.37041709
1.11399997	0.22579356	0.36457309
1.11499997	0.59559548	0.32640254
1.11599997	0.81034696	0.27106914
1.11699997	0.83633733	0.20684670
1.11799997	0.67135209	0.15151329
1.11899997	0.34211984	0.11334276
1.11999997	-0.07504921	0.10734498
1.12099997	-0.51937747	0.13398130
1.12199997	-0.79730558	0.18639271
1.12299997	-0.86989421	0.25667447
1.12399997	-0.73169905	0.32111222
1.12499997	-0.40059054	0.37078616
1.12599997	0.00166093	0.38250491
1.12699997	0.41563115	0.35463828
1.12799997	0.71216780	0.30191928
1.12899997	0.84593379	0.23163755
1.12999997	0.77986592	0.16750738
1.13099997	0.52568281	0.11906373
1.13199997	0.13776451	0.10162401
1.13299997	-0.32714075	0.11798720
1.13399997	-0.67501229	0.16175567
1.13499997	-0.85657603	0.22659326
1.13599997	-0.82375735	0.29072341
1.13699997	-0.57981670	0.34464198
1.13799997	-0.21238312	0.37084767
1.13899997	0.22462475	0.36540353
1.13999997	0.58556843	0.33040109
1.14099997	0.81616020	0.27103838
1.14199997	0.84867126	0.20687746
1.14299997	0.67922610	0.14751476
1.14399997	0.34418061	0.11235851
1.14499997	-0.10679134	0.10629921
1.14599997	-0.50396776	0.13558070
1.14699997	-0.79026204	0.19617371
1.14799997	-0.86884844	0.26033464
1.14899997	-0.72779280	0.31846702
1.14999997	-0.41830710	0.35931349
1.15099997	0.01507136	0.37690699
1.15199997	0.41716903	0.35669905
1.15299997	0.72828496	0.30216536
1.15399997	0.85614544	0.23480561
1.15499997	0.78109622	0.16393946
1.15599997	0.52552903	0.11737204
1.15699997	0.12909080	0.10223917
1.15799997	-0.29426059	0.11687992
1.15899997	-0.68350148	0.15929502
1.15999997	-0.87084770	0.22047244
1.16099997	-0.83024728	0.29136935
1.16199997	-0.59285802	0.34393454
1.16299997	-0.19094488	0.37057087
1.16399997	0.22579356	0.36457309
1.16499997	0.59559548	0.32640254
1.16599997	0.81034696	0.27122292
1.16699997	0.83633733	0.20761564
1.16799997	0.67135209	0.14902189
1.16899997	0.34211984	0.10359252
1.16999997	-0.07504921	0.10048597
1.17099997	-0.51937747	0.13988681
1.17199997	-0.79730558	0.19863436
1.17299997	-0.86989421	0.26888534
1.17399997	-0.73185283	0.32701772
1.17499997	-0.40135950	0.36395791
1.17599997	0.00396777	0.37260088
1.17699997	0.42461246	0.35137796
1.17799997	0.72102606	0.30499509
1.17899997	0.84750247	0.24080339
1.17999997	0.78140378	0.17651944
1.18099997	0.53451031	0.12137057
1.18199997	0.14689961	0.10085507
1.18299997	-0.32406497	0.11783341
1.18399997	-0.67808807	0.16175567
1.18499997	-0.86571109	0.22659326
1.18599997	-0.83273870	0.29072341
1.18699997	-0.58212352	0.34464198
1.18799997	-0.21146038	0.37084767
1.18899997	0.22554749	0.36540353
1.18999997	0.58326155	0.33040109
1.19099997	0.80717891	0.27103838
1.19199997	0.83968997	0.20687746
1.19299997	0.67691928	0.14751476
1.19399997	0.34507260	0.11235851
1.19499997	-0.10586860	0.10629921
1.19599997	-0.50627458	0.13542692
1.19699997	-0.79924333	0.19540477
1.19799997	-0.87782973	0.26264149
1.19899997	-0.73013043	0.32747909
1.19999997	-0.41738436	0.36832553
1.20099997	0.01599409	0.37921384
1.20199997	0.41486222	0.35577634
1.20299997	0.71930367	0.30124262
1.20399997	0.84731793	0.23711245
1.20499997	0.77952754	0.17292076
1.20599997	0.52396041	0.12638411
1.20699997	0.12026329	0.10457677
1.20799997	-0.30321112	0.11595719
1.20899997	-0.68580830	0.15837230
1.20999997	-0.86992496	0.22281004
1.21099997	-0.82932454	0.30035064
1.21199997	-0.59516484	0.35291585
1.21299997	-0.19992618	0.37290847
1.21399997	0.21662770	0.36395791
1.21499997	0.59251970	0.32701772
1.21599997	0.81342274	0.26873153
1.21699997	0.84550321	0.19786540
1.21799997	0.68036419	0.14250124
1.21899997	0.34445742	0.11103593
1.21999997	-0.07566437	0.10811393
1.22099997	-0.51879305	0.13413508
1.22199997	-0.79964322	0.18654650
1.22299997	-0.87890625	0.25744340
1.22399997	-0.74086493	0.31880537
1.22499997	-0.40366635	0.36180487
1.22599997	0.00458292	0.37349287
1.22699997	0.42402804	0.35230067
1.22799997	0.72348672	0.30265749
1.22899997	0.85725272	0.23179133
1.22999997	0.78807825	0.16750738
1.23099997	0.52783585	0.11906373
1.23199997	0.13699557	0.10162401
1.23299997	-0.32729453	0.11798720
1.23399997	-0.67485851	0.16175567
1.23499997	-0.85580707	0.22659326
1.23599997	-0.82606423	0.29072341
1.23699997	-0.58879799	0.34464198
1.23799997	-0.22139518	0.37084767
1.23899997	0.22231792	0.36540353
1.23999997	0.58633733	0.33040109
1.24099997	0.81634474	0.27103838
1.24199997	0.84851748	0.20687746
1.24299997	0.67845720	0.14751476
1.24399997	0.34648746	0.11235851
1.24499997	-0.09781004	0.10629921
1.24599996	-0.49483266	0.13558070
1.24699996	-0.78718626	0.19617371
1.24799996	-0.87192422	0.26033464
1.24899996	-0.73692793	0.31846702
1.24999996	-0.42713460	0.35931349
1.25099996	0.01353346	0.37690699
1.25199996	0.41560039	0.35669905
1.25299996	0.71945745	0.30216536
1.25399996	0.84716409	0.23480561
1.25499996	0.77878934	0.16393946
1.25599996	0.52614421	0.11721826
1.25699996	0.12847564	0.10147022
1.25799996	-0.29179996	0.11921752
1.25899996	-0.67378199	0.16827632
1.25999996	-0.86420399	0.22933070
1.26099996	-0.83695251	0.29290724
1.26199996	-0.60245448	0.34547243
1.26299996	-0.19263656	0.37942913
1.26399996	0.22422490	0.37370816
1.26499996	0.58676797	0.32950911
1.26599996	0.80133492	0.26799336
1.26699996	0.83403051	0.19771162
1.26799996	0.67212105	0.14234744
1.26899996	0.34230438	0.11026698
1.26999996	-0.07489543	0.11042077
1.27099996	-0.51863927	0.14311638
1.27199996	-0.79964322	0.19537401
1.27299996	-0.87890625	0.25898129
1.27399996	-0.74086493	0.32034326
1.27499996	-0.40366635	0.37063238
1.27599996	0.00458292	0.38235113
1.27699996	0.42402804	0.35386935
1.27799996	0.72348672	0.30422613
1.27899996	0.85725272	0.24064961
1.27999996	0.78807825	0.17651944
1.28099996	0.52783585	0.12137057
1.28199996	0.13699557	0.10085507
1.28299996	-0.32729453	0.11783341
1.28399996	-0.67501229	0.16175567
1.28499996	-0.85657603	0.22659326
1.28599996	-0.82375735	0.29072341
1.28699996	-0.57981670	0.34464198
1.28799996	-0.21222933	0.37084767
1.28899996	0.22539370	0.36540353
1.28999996	0.58326155	0.33040109
1.29099996	0.80717891	0.27103838
1.29199996	0.83968997	0.20687746
1.29299996	0.67691928	0.14751476
1.29399996	0.34507260	0.11235851
1.29499996	-0.10586860	0.10629921
1.29599996	-0.50627458	0.13542692
1.29699996	-0.79924333	0.19540477
1.29799996	-0.87782973	0.26264149
1.29899996	-0.73013043	0.32747909
1.29999996	-0.41738436	0.36832553
1.30099996	0.01599409	0.37921384
1.30199996	0.41486222	0.35577634
1.30299996	0.71930367	0.30124262
1.30399996	0.84731793	0.23711245
1.30499996	0.77952754	0.17292076
1.30599996	0.52380657	0.12638411
1.30699996	0.11952510	0.10457677
1.30799996	-0.30090427	0.11611097
1.30899996	-0.67685777	0.15911049
1.30999996	-0.86094368	0.22047244
1.31099996	-0.82701772	0.29136935
1.31199996	-0.59593379	0.34393454
1.31299996	-0.20007996	0.37057087
1.31399996	0.21678150	0.36472687
1.31499996	0.59328860	0.32717150
1.31599996	0.81111592	0.26873153
1.31699996	0.83649117	0.19786540
1.31799996	0.67135209	0.14250124
1.31899996	0.34211984	0.11103593
1.31999996	-0.07504921	0.10796013
1.32099996	-0.51937747	0.13336614
1.32199996	-0.79730558	0.18888411
1.32299996	-0.86989421	0.26642472
1.32399996	-0.73185283	0.32778665
1.32499996	-0.40135950	0.36411172
1.32599996	0.00396777	0.37275466
1.32699996	0.42461246	0.35214689
1.32799996	0.72117984	0.30265749
1.32899996	0.84827143	0.23179133
1.32999996	0.77909696	0.16750738
1.33099996	0.52552903	0.11906373
1.33199996	0.13776451	0.10162401
1.33299996	-0.32714075	0.11798720
1.33399996	-0.67501229	0.16175567
1.33499996	-0.85657603	0.22659326
1.33599996	-0.82391119	0.29072341
1.33699996	-0.58058560	0.34464198
1.33799996	-0.20992249	0.37084767
1.33899996	0.23437500	0.36540353
1.33999996	0.59221208	0.33040109
1.34099996	0.80948573	0.27103838
1.34199996	0.83892101	0.20687746
1.34299996	0.67676550	0.14751476
1.34399996	0.34491879	0.11235851
1.34499996	-0.10663755	0.10629921
1.34599996	-0.50381398	0.13542692
1.34699996	-0.78949308	0.19540477
1.34799996	-0.87115526	0.26279527
1.34899996	-0.73677409	0.32821727
1.34999996	-0.42728838	0.36601871
1.35099996	0.01276452	0.37023252
1.35199996	0.41793799	0.34694883
1.35299996	0.72843874	0.29970473
1.35399996	0.85614544	0.23557456
1.35499996	0.78109622	0.16409326
1.35599996	0.52537525	0.11721826
1.35699996	0.12832186	0.10147022
1.35799996	-0.29195374	0.11921752
1.35899996	-0.67455095	0.16827632
1.35999996	-0.86171257	0.22948450
1.36099996	-0.82717150	0.29367617
1.36199996	-0.59593379	0.34316561
1.36299996	-0.20007996	0.37041709
1.36399996	0.21678150	0.36457309
1.36499996	0.59328860	0.32640254
1.36599996	0.81111592	0.27106914
1.36699996	0.83649117	0.20684670
1.36799996	0.67135209	0.15135950
1.36899996	0.34211984	0.11257382
1.36999996	-0.07489543	0.10965182
1.37099996	-0.51863927	0.14296260
1.37199996	-0.79979700	0.19537401
1.37299996	-0.87967521	0.25898129
1.37399996	-0.73855805	0.32034326
1.37499996	-0.39471579	0.37063238
1.37599996	0.01371801	0.38250491
1.37699996	0.42710385	0.35463828
1.37799996	0.72025710	0.30191928
1.37899996	0.84734869	0.23163755
1.37999996	0.78140378	0.16750738
1.38099996	0.53451031	0.11906373
1.38199996	0.14689961	0.10162401
1.38299996	-0.32406497	0.11798720
1.38399996	-0.67808807	0.16175567
1.38499996	-0.86571109	0.22659326
1.38599996	-0.83273870	0.29072341
1.38699996	-0.58212352	0.34464198
1.38799996	-0.21146038	0.37084767
1.38899996	0.22554749	0.36540353
1.38999996	0.58326155	0.33040109
1.39099996	0.80717891	0.27103838
1.39199996	0.83968997	0.20687746
1.39299996	0.67691928	0.14751476
1.39399996	0.34507260	0.11235851
1.39499996	-0.10586860	0.10629921
1.39599996	-0.50627458	0.13558070
1.39699996	-0.79924333	0.19617371
1.39799996	-0.87782973	0.26033464
1.39899996	-0.73013043	0.31846702
1.39999996	-0.41738436	0.35931349
1.40099996	0.01599409	0.37690699
1.40199996	0.41486222	0.35654527
1.40299996	0.71930367	0.30139640
1.40399996	0.84731793	0.23711245
1.40499996	0.77952754	0.17292076
1.40599996	0.52380657	0.12619956
1.40699996	0.11952510	0.10380782
1.40799996	-0.30090427	0.11829478
1.40899996	-0.67685777	0.16735359
1.40999996	-0.86109746	0.23179133
1.41099996	-0.82778668	0.30265749
1.41199996	-0.59362698	0.35214689
1.41299996	-0.19109868	0.37275466
1.41399996	0.22579356	0.36395791
1.41499996	0.59559548	0.32701772
1.41599996	0.81050074	0.26873153
1.41699996	0.83710629	0.19786540
1.41799996	0.66904527	0.14234744
1.41899996	0.33316928	0.11026698
1.41999996	-0.08403051	0.11042077
1.42099996	-0.52171504	0.14311638
1.42199996	-0.79653668	0.19537401
1.42299996	-0.86974043	0.25898129
1.42399996	-0.73185283	0.32034326
1.42499996	-0.40135950	0.37063238
1.42599996	0.00381398	0.38250491
1.42699996	0.42384350	0.35463828
1.42799996	0.72348672	0.30191928
1.42899996	0.85725272	0.23163755
1.42999996	0.78807825	0.16750738
1.43099996	0.52783585	0.11906373
1.43199996	0.13714936	0.10162401
1.43299996	-0.32652560	0.11798720
1.43399996	-0.67731917	0.16175567
1.43499996	-0.86555731	0.22659326
1.43599996	-0.83273870	0.29072341
1.43699996	-0.58212352	0.34464198
1.43799996	-0.21161418	0.37084767
1.43899996	0.22477855	0.36540353
1.43999996	0.58556843	0.33055487
1.44099996	0.81616020	0.27180734
1.44199996	0.84867126	0.20457062
1.44299996	0.67922610	0.13853346
1.44399996	0.34418061	0.10353100
1.44499996	-0.10679134	0.10473056
1.44599996	-0.50396776	0.13388902
1.44699996	-0.79026204	0.18657726
1.44799996	-0.86900222	0.25362942
1.44899996	-0.72856176	0.32514149
1.44999996	-0.41581571	0.36909449
1.45099996	0.02485236	0.37936762
1.45199996	0.42384350	0.35593012
1.45299996	0.72161049	0.30201155
1.45399996	0.84639519	0.23480561
1.45499996	0.77863556	0.16393946
1.45599996	0.52629799	0.11737204
1.45699996	0.12924458	0.10223917
1.45799996	-0.29426059	0.11687992
1.45899996	-0.68350148	0.15929502
1.45999996	-0.87069392	0.22031865
1.46099996	-0.82947832	0.29060039
1.46199996	-0.59516484	0.34624138
1.46299996	-0.19992618	0.37958291
1.46399996	0.21678150	0.37370816
1.46499996	0.59328860	0.32950911
1.46599996	0.81111592	0.26799336
1.46699996	0.83649117	0.19771162
1.46799996	0.67150593	0.14250124
1.46899996	0.34288877	0.11103593
1.46999996	-0.07735606	0.10811393
1.47099996	-0.52835876	0.13413508
1.47199996	-0.80644071	0.18654650
1.47299996	-0.87300074	0.25744340
1.47399996	-0.72877705	0.31880537
1.47499996	-0.39222440	0.36180487
1.47599996	0.01294907	0.37349287
1.47699996	0.42695004	0.35230067
1.47799996	0.72041094	0.30265749
1.47899996	0.84811759	0.23179133
1.47999996	0.77909696	0.16750738
1.48099996	0.52552903	0.11906373
1.48199996	0.13791831	0.10162401
1.48299996	-0.32637179	0.11798720
1.48399996	-0.67731917	0.16160187
1.48499996	-0.86555731	0.22582431
1.48599996	-0.83273870	0.29306102
1.48699996	-0.58212352	0.35362327
1.48799996	-0.21161418	0.37998277
1.48899996	0.22477855	0.36847934
1.48999996	0.58556843	0.32732528
1.49099996	0.81616020	0.26187253
1.49199996	0.84867126	0.19789617
1.49299996	0.67922610	0.14520793
1.49399996	0.34418061	0.11312746
1.49499996	-0.10679134	0.10645300
1.49599996	-0.50396776	0.13542692
1.49699996	-0.79026204	0.19540477
1.49799996	-0.86884844	0.26264149
1.49899996	-0.72779280	0.32747909
1.49999996	-0.41830710	0.36832553
1.50099996	0.01507136	0.37921384
1.50199996	0.41716903	0.35593012
1.50299996	0.72828496	0.30201155
1.50399996	0.85614544	0.23480561
1.50499996	0.78109622	0.16393946
1.50599996	0.52537525	0.11737204
1.50699996	0.12832186	0.10223917
1.50799996	-0.29195374	0.11687992
1.50899996	-0.67455095	0.15929502
1.50999996	-0.86186635	0.22047244
1.51099996	-0.82794046	0.29136935
1.51199996	-0.59362698	0.34393454
1.51299996	-0.19109868	0.37057087
1.51399996	0.22563976	0.36472687
1.51499996	0.59482652	0.32717150
1.51599996	0.81265378	0.26873153
1.51699996	0.84534943	0.19786540
1.51799996	0.68036419	0.14234744
1.51899996	0.34445742	0.11026698
1.51999996	-0.07581816	0.11026698
1.52099996	-0.51953125	0.14234744
1.52199996	-0.79730558	0.19786540
1.52299996	-0.86989421	0.26873153
1.52399996	-0.73185283	0.32701772
1.52499996	-0.40135950	0.36395791
1.52599996	0.00396777	0.37275466
1.52699996	0.42461246	0.35214689
1.52799996	0.72117984	0.30265749
1.52899996	0.84827143	0.23179133
1.52999996	0.77909696	0.16750738
1.53099996	0.52552903	0.11906373
1.53199996	0.13791831	0.10147022
1.53299996	-0.32637179	0.11721826
1.53399996	-0.67731917	0.16409326
1.53499996	-0.86555731	0.23557456
1.53599996	-0.83273870	0.29970473
1.53699996	-0.58212352	0.34694883
1.53799996	-0.21146038	0.37007874
1.53899996	0.22554749	0.36524975
1.53999996	0.58326155	0.33055487
1.54099996	0.80717891	0.27180734
1.54199996	0.83953619	0.20457062
1.54299996	0.67615032	0.13853346
1.54399996	0.34725639	0.10337722
1.54499996	-0.09765625	0.10396162
1.54599996	-0.49483266	0.13619587
1.54699996	-0.78718626	0.19555856
1.54799996	-0.87192422	0.26264149
1.54899996	-0.73692793	0.32747909
1.54999996	-0.42713460	0.36832553
1.55099996	0.01353346	0.37921384
1.55199996	0.41560039	0.35577634
1.55299996	0.71945745	0.30124262
1.55399996	0.84716409	0.23711245
1.55499996	0.77878934	0.17292076
1.55599996	0.52629799	0.12619956
1.55699996	0.12924458	0.10380782
1.55799996	-0.29410678	0.11844857
1.55899996	-0.68273252	0.16812254
1.55999996	-0.87315452	0.22948450
1.56099996	-0.83925933	0.29367617
1.56199996	-0.60183930	0.34316561
1.56299996	-0.19325173	0.37041709
1.56399996	0.22656250	0.36472687
1.56499996	0.59574926	0.32717150
1.56599996	0.81034696	0.26873153
1.56699996	0.83633733	0.19786540
1.56799996	0.67135209	0.14250124
1.56899996	0.34211984	0.11103593
1.56999996	-0.07489543	0.10811393
1.57099996	-0.51863927	0.13413508
1.57199996	-0.79964322	0.18639271
1.57299996	-0.87890625	0.25667447
1.57399996	-0.74086493	0.32111222
1.57499996	-0.40366635	0.37078616
1.57599996	0.00473671	0.38250491
1.57699996	0.42476624	0.35463828
1.57799996	0.72102606	0.30191928
1.57899996	0.84750247	0.23163755
1.57999996	0.78140378	0.16750738
1.58099996	0.53451031	0.11906373
1.58199996	0.14674582	0.10162401
1.58299996	-0.32483390	0.11798720
1.58399996	-0.67578125	0.16175567
1.58499996	-0.85672981	0.22659326
1.58599996	-0.82375735	0.29072341
1.58699996	-0.57981670	0.34464198
1.58799996	-0.21222933	0.37100148
1.58899996	0.22539370	0.36617249
1.58999996	0.58326155	0.32821727
1.59099996	0.80717891	0.26279527
1.59199996	0.83968997	0.19555856
1.59299996	0.67691928	0.13619587
1.59399996	0.34507260	0.10414616
1.59499996	-0.10586860	0.10414616
1.59599996	-0.50627458	0.13634965
1.59699996	-0.79924333	0.19632751
1.59799996	-0.87782973	0.26033464
1.59899995	-0.73013043	0.31846702
1.59999995	-0.41738436	0.35931349
1.60099995	0.01599409	0.37690699
1.60199995	0.41486222	0.35654527
1.60299995	0.71930367	0.30139640
1.60399995	0.84716409	0.23711245
1.60499995	0.77878934	0.17292076
1.60599995	0.52629799	0.12619956
1.60699995	0.12924458	0.10380782
1.60799995	-0.29426059	0.11844857
1.60899995	-0.68350148	0.16812254
1.60999995	-0.87069392	0.22948450
1.61099995	-0.82947832	0.29367617
1.61199995	-0.59516484	0.34316561
1.61299995	-0.19992618	0.37041709
1.61399995	0.21662770	0.36472687
1.61499995	0.59251970	0.32717150
1.61599995	0.81342274	0.26873153
1.61699995	0.84550321	0.19786540
1.61799995	0.68036419	0.14234744
1.61899995	0.34445742	0.11026698
1.61999995	-0.07581816	0.11042077
1.62099995	-0.51953125	0.14311638
1.62199995	-0.79730558	0.19552781
1.62299995	-0.86989421	0.25975025
1.62399995	-0.73185283	0.31803641
1.62499995	-0.40135950	0.36165109
1.62599995	0.00396777	0.37349287
1.62699995	0.42461246	0.35230067
1.62799995	0.72117984	0.30265749
1.62899995	0.84827143	0.23179133
1.62999995	0.77909696	0.16750738
1.63099995	0.52552903	0.11906373
1.63199995	0.13776451	0.10162401
1.63299995	-0.32714075	0.11798720
1.63399995	-0.67501229	0.16160187
1.63499995	-0.85657603	0.22582431
1.63599995	-0.82375735	0.29306102
1.63699995	-0.57981670	0.35362327
1.63799995	-0.21222933	0.37998277
1.63899995	0.22539370	0.36847934
1.63999995	0.58341533	0.32747909
1.64099995	0.80794781	0.26264149
1.64199995	0.83719856	0.19555856
1.64299995	0.66713828	0.13619587
1.64399995	0.33824435	0.10414616
1.64499995	-0.09999385	0.10414616
1.64599995	-0.49421751	0.13619587
1.64699995	-0.78780144	0.19555856
1.64799995	-0.86961734	0.26264149
1.64899995	-0.72794658	0.32747909
1.64999995	-0.41830710	0.36832553
1.65099995	0.01507136	0.37921384
1.65199995	0.41716903	0.35593012
1.65299995	0.72828496	0.30201155
1.65399995	0.85614544	0.23480561
1.65499995	0.78109622	0.16393946
1.65599995	0.52537525	0.11721826
1.65699995	0.12832186	0.10147022
1.65799995	-0.29195374	0.11921752
1.65899995	-0.67455095	0.16827632
1.65999995	-0.86186635	0.22948450
1.66099995	-0.82794046	0.29367617
1.66199995	-0.59347320	0.34316561
1.66299995	-0.19032973	0.37041709
1.66399995	0.22345595	0.36472687
1.66499995	0.58661419	0.32717150
1.66599995	0.80133492	0.26873153
1.66699995	0.83403051	0.19786540
1.66799995	0.67212105	0.14234744
1.66899995	0.34230438	0.11026698
1.66999995	-0.07489543	0.11042077
1.67099995	-0.51863927	0.14311638
1.67199995	-0.79979700	0.19537401
1.67299995	-0.87967521	0.25898129
1.67399995	-0.73855805	0.32034326
1.67499995	-0.39471579	0.37063238
1.67599995	0.01371801	0.38250491
1.67699995	0.42710385	0.35463828
1.67799995	0.72041094	0.30191928
1.67899995	0.84811759	0.23163755
1.67999995	0.77909696	0.16750738
1.68099995	0.52552903	0.11906373
1.68199995	0.13791831	0.10162401
1.68299995	-0.32637179	0.11798720
1.68399995	-0.67731917	0.16160187
1.68499995	-0.86555731	0.22582431
1.68599995	-0.83273870	0.29306102
1.68699995	-0.58212352	0.35362327
1.68799995	-0.21146038	0.37982899
1.68899995	0.22554749	0.36771038
1.68999995	0.58326155	0.32978591
1.69099995	0.80717891	0.27165353
1.69199995	0.83968997	0.20457062
1.69299995	0.67691928	0.13853346
1.69399995	0.34507260	0.10337722
1.69499995	-0.10586860	0.10396162
1.69599995	-0.50627458	0.13619587
1.69699995	-0.79924333	0.19555856
1.69799995	-0.87782973	0.26264149
1.69899995	-0.73013043	0.32747909
1.69999995	-0.41753814	0.36832553
1.70099995	0.01522515	0.37921384
1.70199995	0.41716903	0.35593012
1.70299995	0.72828496	0.30201155
1.70399995	0.85629922	0.23480561
1.70499995	0.78186518	0.16393946
1.70599995	0.52319145	0.11721826
1.70699995	0.12010950	0.10147022
1.70799995	-0.30321112	0.11921752
1.70899995	-0.68580830	0.16827632
1.70999995	-0.86992496	0.22948450
1.71099995	-0.82932454	0.29367617
1.71199995	-0.59516484	0.34316561
1.71299995	-0.19992618	0.37041709
1.71399995	0.21662770	0.36472687
1.71499995	0.59251970	0.32717150
1.71599995	0.81357652	0.26873153
1.71699995	0.84627217	0.19786540
1.71799995	0.67805731	0.14234744
1.71899995	0.33547613	0.11026698
1.71999995	-0.08479946	0.11042077
1.72099995	-0.52186882	0.14311638
1.72199995	-0.79653668	0.19552781
1.72299995	-0.86974043	0.25975025
1.72399995	-0.73185283	0.31803641
1.72499995	-0.40135950	0.36165109
1.72599995	0.00396777	0.37349287
1.72699995	0.42461246	0.35230067
1.72799995	0.72117984	0.30265749
1.72899995	0.84827143	0.23179133
1.72999995	0.77894318	0.16750738
1.73099995	0.52476007	0.11906373
1.73199995	0.14007136	0.10162401
1.73299995	-0.31812868	0.11798720
1.73399995	-0.66600025	0.16175567
1.73499995	-0.85423845	0.22659326
1.73599995	-0.82452631	0.29072341
1.73699995	-0.57997048	0.34464198
1.73799995	-0.21238312	0.37084767
1.73899995	0.22462475	0.36540353
1.73999995	0.58556843	0.33055487
1.74099995	0.81616020	0.27180734
1.74199995	0.84851748	0.20457062
1.74299995	0.67845720	0.13853346
1.74399995	0.34664124	0.10337722
1.74499995	-0.09704109	0.10396162
1.74599995	-0.49729329	0.13619587
1.74699995	-0.79693651	0.19555856
1.74799995	-0.87856793	0.26264149
1.74899995	-0.73028421	0.32747909
1.74999995	-0.41753814	0.36832553
1.75099995	0.01522515	0.37921384
1.75199995	0.41716903	0.35577634
1.75299995	0.72828496	0.30124262
1.75399995	0.85614544	0.23711245
1.75499995	0.78109622	0.17292076
1.75599995	0.52552903	0.12619956
1.75699995	0.12909080	0.10380782
1.75799995	-0.29426059	0.11844857
1.75899995	-0.68350148	0.16812254
1.75999995	-0.87084770	0.22933070
1.76099995	-0.83024728	0.29290724
1.76199995	-0.59285802	0.34547243
1.76299995	-0.19094488	0.37942913
1.76399995	0.22579356	0.37370816
1.76499995	0.59559548	0.32950911
1.76599995	0.81034696	0.26799336
1.76699995	0.83633733	0.19771162
1.76799995	0.67135209	0.14234744
1.76899995	0.34211984	0.11026698
1.76999995	-0.07489543	0.11042077
1.77099995	-0.51863927	0.14311638
1.77199995	-0.79964322	0.19552781
1.77299995	-0.87890625	0.25975025
1.77399995	-0.74086493	0.31803641
1.77499995	-0.40366635	0.36165109
1.77599995	0.00473671	0.37349287
1.77699995	0.42476624	0.35230067
1.77799995	0.72102606	0.30265749
1.77899995	0.84750247	0.23179133
1.77999995	0.78140378	0.16750738
1.78099995	0.53451031	0.11906373
1.78199995	0.14689961	0.10162401
1.78299995	-0.32406497	0.11798720
1.78399995	-0.67808807	0.16175567
1.78499995	-0.86571109	0.22659326
1.78599995	-0.83273870	0.29072341
1.78699995	-0.58212352	0.34464198
1.78799995	-0.21146038	0.37084767
1.78899995	0.22554749	0.36540353
1.78999995	0.58326155	0.33055487
1.79099995	0.80717891	0.27180734
1.79199995	0.83968997	0.20457062
1.79299995	0.67691928	0.13853346
1.79399995	0.34491879	0.10337722
1.79499995	-0.10663755	0.10396162
1.79599995	-0.50396776	0.13619587
1.79699995	-0.79026204	0.19555856
1.79799995	-0.86884844	0.26264149
1.79899995	-0.72779280	0.32747909
1.79999995	-0.41830710	0.36832553
1.80099995	0.01507136	0.37921384
1.80199995	0.41716903	0.35593012
1.80299995	0.72828496	0.30201155
1.80399995	0.85614544	0.23480561
1.80499995	0.78109622	0.16393946
1.80599995	0.52552903	0.11721826
1.80699995	0.12909080	0.10147022
1.80799995	-0.29426059	0.11921752
1.80899995	-0.68350148	0.16827632
1.80999995	-0.87069392	0.22933070
1.81099995	-0.82947832	0.29290724
1.81199995	-0.59516484	0.34547243
1.81299995	-0.19992618	0.37942913
1.81399995	0.21678150	0.37355438
1.81499995	0.59328860	0.32874015
1.81599995	0.81111592	0.27030021
1.81699995	0.83649117	0.20669292
1.81799995	0.67135209	0.15135950
1.81899995	0.34211984	0.11257382
1.81999995	-0.07504921	0.10965182
1.82099995	-0.51937747	0.14296260
1.82199995	-0.79730558	0.19552781
1.82299995	-0.86989421	0.25975025
1.82399995	-0.73185283	0.31803641
1.82499995	-0.40135950	0.36165109
1.82599995	0.00396777	0.37349287
1.82699995	0.42461246	0.35230067
1.82799995	0.72117984	0.30265749
1.82899995	0.84827143	0.23179133
1.82999995	0.77909696	0.16750738
1.83099995	0.52552903	0.11906373
1.83199995	0.13776451	0.10162401
1.83299995	-0.32714075	0.11798720
1.83399995	-0.67501229	0.16160187
1.83499995	-0.85657603	0.22582431
1.83599995	-0.82375735	0.29306102
1.83699995	-0.57981670	0.35362327
1.83799995	-0.21222933	0.37982899
1.83899995	0.22539370	0.36771038
1.83999995	0.58326155	0.32963213
1.84099995	0.80717891	0.27088460
1.84199995	0.83953619	0.20687746
1.84299995	0.67615032	0.14751476
1.84399995	0.34725639	0.11235851
1.84499995	-0.09765625	0.10629921
1.84599995	-0.49498647	0.13542692
1.84699995	-0.78795522	0.19540477
1.84799995	-0.86961734	0.26264149
1.84899995	-0.72794658	0.32747909
1.84999995	-0.41830710	0.36832553
1.85099995	0.01507136	0.37921384
1.85199995	0.41716903	0.35593012
1.85299995	0.72828496	0.30201155
1.85399995	0.85614544	0.23480561
1.85499995	0.78109622	0.16393946
1.85599995	0.52537525	0.11721826
1.85699995	0.12832186	0.10147022
1.85799995	-0.29195374	0.11921752
1.85899995	-0.67455095	0.16827632
1.85999995	-0.86186635	0.22948450
1.86099995	-0.82794046	0.29367617
1.86199995	-0.59362698	0.34316561
1.86299995	-0.19109868	0.37041709
1.86399995	0.22579356	0.36472687
1.86499995	0.59559548	0.32717150
1.86599995	0.81034696	0.26873153
1.86699995	0.83633733	0.19786540
1.86799995	0.67135209	0.14234744
1.86899995	0.34211984	0.11026698
1.86999995	-0.07504921	0.11042077
1.87099995	-0.51937747	0.14311638
1.87199995	-0.79745942	0.19552781
1.87299995	-0.87066317	0.25975025
1.87399995	-0.72954601	0.31803641
1.87499995	-0.39237821	0.36165109
1.87599995	0.01294907	0.37349287
1.87699995	0.42695004	0.35230067
1.87799995	0.72041094	0.30265749
1.87899995	0.84811759	0.23179133
1.87999995	0.77909696	0.16750738
1.88099995	0.52552903	0.11906373
1.88199995	0.13791831	0.10162401
1.88299995	-0.32637179	0.11798720
1.88399995	-0.67731917	0.16175567
1.88499995	-0.86555731	0.22659326
1.88599995	-0.83273870	0.29072341
1.88699995	-0.58212352	0.34464198
1.88799995	-0.21146038	0.37084767
1.88899995	0.22554749	0.36540353
1.88999995	0.58326155	0.33055487
1.89099995	0.80717891	0.27180734
1.89199995	0.83968997	0.20457062
1.89299995	0.67691928	0.13853346
1.89399995	0.34507260	0.10337722
1.89499995	-0.10586860	0.10396162
1.89599995	-0.50627458	0.13634965
1.89699995	-0.79924333	0.19632751
1.89799995	-0.87782973	0.26033464
1.89899995	-0.73013043	0.31846702
1.89999995	-0.41738436	0.35931349
1.90099995	0.01599409	0.37690699
1.90199995	0.41486222	0.35669905
1.90299995	0.71930367	0.30216536
1.90399995	0.84716409	0.23480561
1.90499995	0.77878934	0.16393946
1.90599995	0.52614421	0.11737204
1.90699995	0.12847564	0.10223917
1.90799995	-0.29195374	0.11672613
1.90899995	-0.67455095	0.15852608
1.90999995	-0.86171257	0.22281004
1.91099995	-0.82717150	0.30035064
1.91199995	-0.59593379	0.35291585
1.91299995	-0.20007996	0.37290847
1.91399995	0.21662770	0.36395791
1.91499995	0.59251970	0.32701772
1.91599995	0.81342274	0.26873153
1.91699995	0.84550321	0.19786540
1.91799995	0.68036419	0.14234744
1.91899995	0.34445742	0.11026698
1.91999995	-0.07581816	0.11026698
1.92099995	-0.51953125	0.14234744
1.92199995	-0.79730558	0.19771162
1.92299995	-0.86989421	0.26799336
1.92399995	-0.73185283	0.32935530
1.92499995	-0.40135950	0.37296999
1.92599995	0.00396777	0.38173598
1.92699995	0.42461246	0.35448450
1.92799995	0.72117984	0.30191928
1.92899995	0.84827143	0.23163755
1.92999995	0.77909696	0.16750738
1.93099995	0.52552903	0.11906373
1.93199995	0.13776451	0.10162401
1.93299995	-0.32714075	0.11798720
1.93399995	-0.67501229	0.16175567
1.93499995	-0.85657603	0.22659326
1.93599995	-0.82375735	0.29072341
1.93699995	-0.57981670	0.34464198
1.93799995	-0.21238312	0.37084767
1.93899995	0.22462475	0.36540353
1.93999995	0.58556843	0.33040109
1.94099995	0.81616020	0.27103838
1.94199995	0.84867126	0.20687746
1.94299995	0.67922610	0.14751476
1.94399995	0.34418061	0.11235851
1.94499995	-0.10679134	0.10629921
1.94599995	-0.50396776	0.13558070
1.94699995	-0.79026204	0.19617371
1.94799995	-0.86884844	0.26033464
1.94899995	-0.72779280	0.31846702
1.94999995	-0.41830710	0.35931349
1.95099995	0.01507136	0.37690699
1.95199995	0.41716903	0.35654527
1.95299994	0.72828496	0.30139640
1.95399994	0.85614544	0.23711245
1.95499994	0.78109622	0.17292076
1.95599994	0.52537525	0.12619956
1.95699994	0.12832186	0.10380782
1.95799994	-0.29195374	0.11829478
1.95899994	-0.67455095	0.16735359
1.95999994	-0.86171257	0.23179133
1.96099994	-0.82717150	0.30265749
1.96199994	-0.59593379	0.35214689
1.96299994	-0.20007996	0.37275466
1.96399994	0.21678150	0.36395791
1.96499994	0.59328860	0.32701772
1.96599994	0.81111592	0.26873153
1.96699994	0.83649117	0.19786540
1.96799994	0.67135209	0.14234744
1.96899994	0.34211984	0.11026698
1.96999994	-0.07504921	0.11042077
1.97099994	-0.51937747	0.14311638
1.97199994	-0.79730558	0.19552781
1.97299994	-0.86989421	0.25975025
1.97399994	-0.73185283	0.31803641
1.97499994	-0.40135950	0.36165109
1.97599994	0.00396777	0.37349287
1.97699994	0.42461246	0.35230067
1.97799994	0.72117984	0.30265749
1.97899994	0.84827143	0.23179133
1.97999994	0.77909696	0.16750738
1.98099994	0.52552903	0.11906373
1.98199994	0.13791831	0.10162401
1.98299994	-0.32637179	0.11798720
1.98399994	-0.67731917	0.16160187
1.98499994	-0.86555731	0.22582431
1.98599994	-0.83273870	0.29306102
1.98699994	-0.58212352	0.35362327
1.98799994	-0.21146038	0.37982899
1.98899994	0.22554749	0.36771038
1.98999994	0.58326155	0.32963213
1.99099994	0.80717891	0.27088460
1.99199994	0.83968997	0.20687746
1.99299994	0.67691928	0.14751476
1.99399994	0.34491879	0.11235851
1.99499994	-0.10663755	0.10629921
1.99599994	-0.50396776	0.13542692
1.99699994	-0.79026204	0.19540477
1.99799994	-0.86884844	0.26279527
1.99899994	-0.72779280	0.32821727
1.99999994	-0.41830710	0.36601871
2.00099994	0.01507136	0.37023252
2.00199994	0.41716903	0.34694883
2.00299994	0.72828496	0.29970473
