Time	Channel A	Channel B
(us)	(V)	(V)

-0.00400000	0.14843750	0.19555856
-0.00300000	-0.31520671	0.13619587
-0.00200000	-0.66892225	0.10414616
-0.00100000	-0.86263531	0.10414616
0.00000000	-0.83584523	0.13619587
0.00100000	-0.59128934	0.19555856
0.00200000	-0.22062624	0.26264149
0.00300000	0.22247170	0.32747909
0.00400000	0.58633733	0.36847934
0.00500000	0.81634474	0.37998277
0.00600000	0.84851748	0.35362327
0.00700000	0.67845720	0.29306102
0.00800000	0.34648746	0.22582431
0.00900000	-0.09781004	0.16160187
0.01000000	-0.49483266	0.11798720
0.01100000	-0.78718626	0.10162401
0.01200000	-0.87192422	0.11906373
0.01300000	-0.73692793	0.16750738
0.01400000	-0.42728838	0.23179133
0.01500000	0.01276452	0.30265749
0.01600000	0.41778421	0.35214689
0.01700000	0.72766978	0.37275466
0.01800000	0.85832924	0.36395791
0.01900000	0.78933930	0.32701772
0.02000000	0.53669417	0.26873153
0.02100000	0.13964075	0.19786540
0.02200000	-0.28355685	0.14234744
0.02300000	-0.67159820	0.11026698
0.02400000	-0.86481917	0.11026698
0.02500000	-0.83633733	0.14234744
0.02600000	-0.60494584	0.19786540
0.02700000	-0.20241757	0.26873153
0.02800000	0.21739665	0.32701772
0.02900000	0.59267348	0.36395791
0.03000000	0.81326896	0.37275466
0.03100000	0.84473425	0.35214689
0.03200000	0.68267101	0.30265749
0.03300000	0.35343874	0.23179133
0.03400000	-0.06665231	0.16750738
0.03500000	-0.51645547	0.11906373
0.03600000	-0.80038142	0.10162401
0.03700000	-0.87906003	0.11798720
0.03800000	-0.74071109	0.16160187
0.03900000	-0.40289739	0.22582431
0.04000000	0.00239911	0.29306102
0.04100000	0.41578493	0.35362327
0.04200000	0.71186024	0.37998277
0.04300000	0.84442669	0.36847934
0.04400000	0.78435653	0.32747909
0.04500000	0.54287648	0.26264149
0.04600000	0.15806471	0.19555856
0.04700000	-0.31351501	0.13619587
0.04800000	-0.66753817	0.10396162
0.04900000	-0.85454601	0.10337722
0.05000000	-0.82452631	0.13853346
0.05100000	-0.57997048	0.20457062
0.05200000	-0.21222933	0.27165353
0.05300000	0.22539370	0.32978591
0.05400000	0.58310777	0.36771038
0.05500000	0.80640996	0.37982899
0.05600000	0.84184301	0.35362327
0.05700000	0.68513167	0.29306102
0.05800000	0.35620692	0.22582431
0.05900000	-0.09534941	0.16160187
0.06000000	-0.49560162	0.11798720
0.06100000	-0.78734004	0.10162401
0.06200000	-0.87192422	0.11906373
0.06300000	-0.73692793	0.16750738
0.06400000	-0.42713460	0.23179133
0.06500000	0.01353346	0.30265749
0.06600000	0.41544661	0.35214689
0.06700000	0.71868849	0.37275466
0.06800000	0.84931719	0.36395791
0.06900000	0.78700173	0.32701772
0.07000000	0.53746307	0.26873153
0.07100000	0.13979454	0.19786540
0.07200000	-0.28355685	0.14234744
0.07300000	-0.67159820	0.11026698
0.07400000	-0.86481917	0.11026698
0.07500000	-0.83633733	0.14234744
0.07600000	-0.60494584	0.19786540
0.07700000	-0.20241757	0.26873153
0.07800000	0.21739665	0.32717150
0.07900000	0.59267348	0.36472687
0.08000000	0.81326896	0.37057087
0.08100000	0.84473425	0.34393454
0.08200000	0.68251723	0.29136935
0.08300000	0.35270053	0.22047244
0.08400000	-0.06434547	0.15929502
0.08500000	-0.50747418	0.11687992
0.08600000	-0.79124629	0.10223917
0.08700000	-0.87598425	0.11737204
0.08800000	-0.74394071	0.16393946
0.08900000	-0.41283217	0.23480561
0.09000000	-0.00442913	0.30201155
0.09100000	0.42169046	0.35593012
0.09200000	0.72410184	0.37921384
0.09300000	0.85663754	0.36832553
0.09400000	0.79023129	0.32747909
0.09500000	0.53604823	0.26264149
0.09600000	0.14828371	0.19555856
0.09700000	-0.31597564	0.13619587
0.09800000	-0.66661543	0.10414616
0.09900000	-0.85362327	0.10414616
0.10000000	-0.82683319	0.13619587
0.10100000	-0.58895177	0.19555856
0.10200000	-0.22139518	0.26264149
0.10300000	0.22231792	0.32747909
0.10400000	0.58618355	0.36847934
0.10500000	0.81557578	0.37998277
0.10600000	0.85085505	0.35362327
0.10700000	0.68743849	0.29306102
0.10800000	0.35543799	0.22582431
0.10900000	-0.09550320	0.16160187
0.11000000	-0.49560162	0.11798720
0.11100000	-0.78734004	0.10162401
0.11200000	-0.87192422	0.11906373
0.11300000	-0.73692793	0.16750738
0.11400000	-0.42728838	0.23163755
0.11500000	0.01276452	0.30191928
0.11600000	0.41793799	0.35448450
0.11700000	0.72843874	0.38173598
0.11800000	0.85599160	0.37296999
0.11900000	0.78032726	0.32935530
0.12000000	0.52768207	0.26814714
0.12100000	0.13733390	0.19844981
0.12200000	-0.28278789	0.14004061
0.12300000	-0.67144442	0.10125492
0.12400000	-0.86497295	0.10125492
0.12500000	-0.83710629	0.14004061
0.12600000	-0.60260826	0.19863436
0.12700000	-0.19340551	0.26888534
0.12800000	0.22640871	0.32717150
0.12900000	0.59498030	0.36472687
0.13000000	0.81250000	0.37041709
0.13100000	0.84458047	0.34316561
0.13200000	0.68267101	0.29367617
0.13300000	0.35343874	0.22948450
0.13400000	-0.06665231	0.16827632
0.13500000	-0.51645547	0.11921752
0.13600000	-0.80038142	0.10147022
0.13700000	-0.87906003	0.11721826
0.13800000	-0.74086493	0.16393946
0.13900000	-0.40366635	0.23480561
0.14000000	0.00458292	0.30201155
0.14100000	0.42402804	0.35593012
0.14200000	0.72333294	0.37921384
0.14300000	0.85648376	0.36832553
0.14400000	0.79023129	0.32747909
0.14500000	0.53604823	0.26264149
0.14600000	0.14843750	0.19540477
0.14700000	-0.31520671	0.13542692
0.14800000	-0.66892225	0.10645300
0.14900000	-0.86263531	0.11312746
0.15000000	-0.83584523	0.14520793
0.15100000	-0.59128934	0.19789617
0.15200000	-0.22062624	0.26187253
0.15300000	0.22247170	0.32732528
0.15400000	0.58618355	0.36847934
0.15500000	0.81557578	0.37998277
0.15600000	0.85085505	0.35362327
0.15700000	0.68743849	0.29306102
0.15800000	0.35543799	0.22582431
0.15900000	-0.09550320	0.16160187
0.16000000	-0.49575540	0.11798720
0.16100000	-0.78810900	0.10162401
0.16200000	-0.86961734	0.11921752
0.16300000	-0.72794658	0.16827632
0.16400000	-0.41815329	0.22948450
0.16500000	0.01584031	0.29367617
0.16600000	0.41470841	0.34316561
0.16700000	0.71853471	0.37041709
0.16800000	0.84947097	0.36472687
0.16900000	0.78777069	0.32717150
0.17000000	0.53512549	0.26888534
0.17100000	0.13081324	0.19863436
0.17200000	-0.29272267	0.14004061
0.17300000	-0.67470473	0.10125492
0.17400000	-0.86171257	0.10125492
0.17500000	-0.82717150	0.14004061
0.17600000	-0.59593379	0.19844981
0.17700000	-0.20007996	0.26814714
0.17800000	0.21662770	0.32950911
0.17900000	0.59251970	0.37370816
0.18000000	0.81326896	0.37942913
0.18100000	0.84473425	0.34547243
0.18200000	0.68251723	0.29290724
0.18300000	0.35270053	0.22933070
0.18400000	-0.06449926	0.16827632
0.18499999	-0.50824308	0.11921752
0.18599999	-0.78890872	0.10147022
0.18699999	-0.86697221	0.11721826
0.18799999	-0.73495942	0.16393946
0.18899999	-0.41049460	0.23480561
0.18999999	-0.00519808	0.30201155
0.19099999	0.42153665	0.35593012
0.19199999	0.72410184	0.37921384
0.19299999	0.85663754	0.36832553
0.19399999	0.79023129	0.32747909
0.19499999	0.53604823	0.26264149
0.19599999	0.14843750	0.19540477
0.19699999	-0.31520671	0.13542692
0.19799999	-0.66892225	0.10645300
0.19899999	-0.86263531	0.11312746
0.19999999	-0.83584523	0.14520793
0.20099999	-0.59128934	0.19789617
0.20199999	-0.22062624	0.26202634
0.20299999	0.22247170	0.32806349
0.20399999	0.58633733	0.36617249
0.20499999	0.81634474	0.37100148
0.20599999	0.84851748	0.34464198
0.20699999	0.67845720	0.29072341
0.20799999	0.34648746	0.22659326
0.20899999	-0.09781004	0.16175567
0.20999999	-0.49483266	0.11798720
0.21099999	-0.78718626	0.10162401
0.21199999	-0.87192422	0.11906373
0.21299999	-0.73692793	0.16750738
0.21399999	-0.42728838	0.23163755
0.21499999	0.01276452	0.30191928
0.21599999	0.41778421	0.35463828
0.21699999	0.72766978	0.38250491
0.21799999	0.85832924	0.37063238
0.21899999	0.78933930	0.32034326
0.21999999	0.53669417	0.25913510
0.22099999	0.13964075	0.19614296
0.22199999	-0.28355685	0.14080955
0.22299999	-0.67159820	0.10140871
0.22399999	-0.86481917	0.10125492
0.22499999	-0.83633733	0.14004061
0.22599999	-0.60494584	0.19863436
0.22699999	-0.20241757	0.26888534
0.22799999	0.21739665	0.32701772
0.22899999	0.59267348	0.36395791
0.22999999	0.81326896	0.37275466
0.23099999	0.84473425	0.35214689
0.23199999	0.68251723	0.30265749
0.23299999	0.35270053	0.23179133
0.23399999	-0.06434547	0.16750738
0.23499999	-0.50747418	0.11906373
0.23599999	-0.79140007	0.10147022
0.23699999	-0.87675321	0.11721826
0.23799999	-0.74148005	0.16393946
0.23899999	-0.40305117	0.23480561
0.23999999	0.00239911	0.30201155
0.24099999	0.41578493	0.35593012
0.24199999	0.71186024	0.37921384
0.24299999	0.84442669	0.36832553
0.24399999	0.78451031	0.32747909
0.24499999	0.54364544	0.26264149
0.24599999	0.15588090	0.19555856
0.24699999	-0.32172737	0.13619587
0.24799999	-0.67885703	0.10414616
0.24899999	-0.86586493	0.10414616
0.24999999	-0.83273870	0.13619587
0.25099999	-0.58212352	0.19555856
0.25199999	-0.21161418	0.26279527
0.25299999	0.22477855	0.32821727
0.25399999	0.58541459	0.36601871
0.25499999	0.81542200	0.37023252
0.25599999	0.85085505	0.34694883
0.25699999	0.68743849	0.29970473
0.25799999	0.35543799	0.23557456
0.25899999	-0.09550320	0.16409326
0.25999999	-0.49560162	0.11721826
0.26099999	-0.78734004	0.10147022
0.26199999	-0.87192422	0.11906373
0.26299999	-0.73692793	0.16750738
0.26399999	-0.42728838	0.23179133
0.26499999	0.01276452	0.30265749
0.26599999	0.41778421	0.35214689
0.26699999	0.72766978	0.37275466
0.26799999	0.85832924	0.36395791
0.26899999	0.78933930	0.32701772
0.26999999	0.53669417	0.26888534
0.27099999	0.13964075	0.19863436
0.27199999	-0.28371063	0.14004061
0.27299999	-0.67236710	0.10125492
0.27399999	-0.86248153	0.10125492
0.27499999	-0.82732528	0.14004061
0.27599999	-0.59593379	0.19844981
0.27699999	-0.20007996	0.26814714
0.27799999	0.21662770	0.32935530
0.27899999	0.59251970	0.37296999
0.27999999	0.81326896	0.38173598
0.28099999	0.84473425	0.35448450
0.28199999	0.68251723	0.30191928
0.28299999	0.35270053	0.23163755
0.28399999	-0.06434547	0.16750738
0.28499999	-0.50747418	0.11906373
0.28599999	-0.79140007	0.10147022
0.28699999	-0.87675321	0.11721826
0.28799999	-0.74163383	0.16393946
0.28899999	-0.40382013	0.23480561
0.28999999	0.00458292	0.30201155
0.29099999	0.42402804	0.35593012
0.29199999	0.72333294	0.37921384
0.29299999	0.85648376	0.36832553
0.29399999	0.79023129	0.32732528
0.29499999	0.53604823	0.26187253
0.29599999	0.14828371	0.19774237
0.29699999	-0.31597564	0.14443898
0.29799999	-0.66661543	0.11543430
0.29899999	-0.85362327	0.11543430
0.29999999	-0.82683319	0.14443898
0.30099999	-0.58895177	0.19774237
0.30199999	-0.22139518	0.26202634
0.30299999	0.22231792	0.32806349
0.30399999	0.58618355	0.36617249
0.30499999	0.81557578	0.37100148
0.30599999	0.85085505	0.34464198
0.30699999	0.68743849	0.29072341
0.30799999	0.35543799	0.22659326
0.30899999	-0.09550320	0.16175567
0.30999999	-0.49560162	0.11798720
0.31099999	-0.78734004	0.10162401
0.31199999	-0.87192422	0.11906373
0.31299999	-0.73692793	0.16750738
0.31399999	-0.42728838	0.23179133
0.31499999	0.01276452	0.30265749
0.31599999	0.41778421	0.35214689
0.31699999	0.72766978	0.37275466
0.31799999	0.85832924	0.36395791
0.31899999	0.78933930	0.32701772
0.31999999	0.53669417	0.26873153
0.32099999	0.13964075	0.19786540
0.32199999	-0.28355685	0.14234744
0.32299999	-0.67159820	0.11026698
0.32399999	-0.86497295	0.11026698
0.32499999	-0.83710629	0.14234744
0.32599999	-0.60260826	0.19786540
0.32699999	-0.19340551	0.26873153
0.32799999	0.22640871	0.32701772
0.32899999	0.59498030	0.36395791
0.32999999	0.81250000	0.37275466
0.33099999	0.84458047	0.35214689
0.33199999	0.68267101	0.30265749
0.33299999	0.35343874	0.23179133
0.33399999	-0.06680610	0.16750738
0.33499999	-0.51722443	0.11906373
0.33599999	-0.79807454	0.10147022
0.33699999	-0.87007874	0.11721826
0.33799999	-0.73169905	0.16393946
0.33899999	-0.40059054	0.23480561
0.33999999	0.00150714	0.30201155
0.34099999	0.41486222	0.35593012
0.34199999	0.71416706	0.37921384
0.34299999	0.85337722	0.36832553
0.34399999	0.79330707	0.32747909
0.34499999	0.54518330	0.26264149
0.34599999	0.15744956	0.19555856
0.34699999	-0.31289986	0.13619587
0.34799999	-0.66969121	0.10414616
0.34899999	-0.86278909	0.10414616
0.34999999	-0.83584523	0.13619587
0.35099999	-0.59128934	0.19555856
0.35199999	-0.22062624	0.26279527
0.35299999	0.22247170	0.32821727
0.35399999	0.58618355	0.36601871
0.35499999	0.81557578	0.37023252
0.35599999	0.85085505	0.34694883
0.35699999	0.68743849	0.29970473
0.35799999	0.35559177	0.23557456
0.35899999	-0.09473425	0.16409326
0.35999999	-0.49806225	0.11721826
0.36099999	-0.79709029	0.10147022
0.36199999	-0.87841409	0.11906373
0.36299999	-0.72951525	0.16750738
0.36399999	-0.41969118	0.23179133
0.36499999	0.00701280	0.30265749
0.36599999	0.40572712	0.35214689
0.36699999	0.71619707	0.37275466
0.36799999	0.85023993	0.36395791
0.36899999	0.78792447	0.32701772
0.36999999	0.53512549	0.26888534
0.37099999	0.13081324	0.19863436
0.37199999	-0.29272267	0.14004061
0.37299999	-0.67470473	0.10125492
0.37399999	-0.86171257	0.10125492
0.37499999	-0.82717150	0.14004061
0.37599999	-0.59593379	0.19863436
0.37699999	-0.20007996	0.26888534
0.37799999	0.21662770	0.32701772
0.37899999	0.59251970	0.36395791
0.37999999	0.81326896	0.37275466
0.38099999	0.84473425	0.35214689
0.38199999	0.68267101	0.30265749
0.38299999	0.35343874	0.23179133
0.38399999	-0.06680610	0.16735359
0.38499999	-0.51722443	0.11829478
0.38599999	-0.79792076	0.10380782
0.38699999	-0.86930978	0.12619956
0.38799999	-0.73403668	0.17292076
0.38899999	-0.40960261	0.23711245
0.38999999	-0.00750492	0.30124262
0.39099999	0.41255537	0.35577634
0.39199999	0.71508980	0.37921384
0.39299999	0.85429996	0.36832553
0.39399999	0.79100025	0.32747909
0.39499999	0.53620201	0.26264149
0.39599999	0.14828371	0.19540477
0.39699999	-0.31597564	0.13542692
0.39799999	-0.66661543	0.10645300
0.39899999	-0.85362327	0.11312746
0.39999999	-0.82683319	0.14520793
0.40099999	-0.58895177	0.19789617
0.40199999	-0.22139518	0.26202634
0.40299999	0.22231792	0.32806349
0.40399999	0.58633733	0.36617249
0.40499999	0.81634474	0.37100148
0.40599999	0.84851748	0.34464198
0.40699999	0.67845720	0.29072341
0.40799999	0.34648746	0.22659326
0.40899999	-0.09781004	0.16175567
0.40999999	-0.49483266	0.11798720
0.41099999	-0.78718626	0.10162401
0.41199999	-0.87192422	0.11906373
0.41299999	-0.73692793	0.16750738
0.41399999	-0.42713460	0.23163755
0.41499999	0.01353346	0.30191928
0.41599999	0.41544661	0.35448450
0.41699999	0.71868849	0.38173598
0.41799999	0.84931719	0.37296999
0.41899999	0.78700173	0.32935530
0.41999999	0.53746307	0.26799336
0.42099999	0.13979454	0.19771162
0.42199999	-0.28355685	0.14234744
0.42299999	-0.67159820	0.11026698
0.42399999	-0.86481917	0.11026698
0.42499999	-0.83633733	0.14234744
0.42599999	-0.60479206	0.19771162
0.42699999	-0.20164862	0.26799336
0.42799999	0.21508981	0.32935530
0.42899999	0.58366144	0.37296999
0.42999999	0.80428767	0.38173598
0.43099999	0.84242743	0.35448450
0.43199999	0.68343997	0.30191928
0.43299999	0.35359251	0.23163755
0.43399999	-0.06665231	0.16750738
0.43499999	-0.51645547	0.11906373
0.43599999	-0.80038142	0.10147022
0.43699999	-0.87906003	0.11721826
0.43799999	-0.74071109	0.16393946
0.43899999	-0.40289739	0.23480561
0.43999999	0.00239911	0.30201155
0.44099999	0.41578493	0.35593012
0.44199999	0.71201402	0.37921384
0.44299999	0.84519559	0.36832553
0.44399999	0.78201896	0.32747909
0.44499999	0.53389519	0.26264149
0.44599999	0.14920644	0.19555856
0.44699999	-0.31505290	0.13619587
0.44799999	-0.66892225	0.10414616
0.44899999	-0.86263531	0.10414616
0.44999999	-0.83584523	0.13619587
0.45099999	-0.59128934	0.19555856
0.45199999	-0.22062624	0.26264149
0.45299999	0.22247170	0.32747909
0.45399999	0.58618355	0.36832553
0.45499999	0.81557578	0.37921384
0.45599999	0.85085505	0.35593012
0.45699999	0.68743849	0.30201155
0.45799999	0.35543799	0.23480561
0.45899999	-0.09550320	0.16393946
0.45999999	-0.49575540	0.11721826
0.46099999	-0.78810900	0.10147022
0.46199999	-0.86961734	0.11906373
0.46299999	-0.72794658	0.16750738
0.46399999	-0.41815329	0.23179133
0.46499999	0.01584031	0.30265749
0.46599999	0.41470841	0.35214689
0.46699999	0.71853471	0.37275466
0.46799999	0.84947097	0.36395791
0.46899999	0.78777069	0.32701772
0.46999999	0.53512549	0.26888534
0.47099999	0.13081324	0.19863436
0.47199999	-0.29272267	0.14004061
0.47299999	-0.67470473	0.10125492
0.47399999	-0.86171257	0.10125492
0.47499999	-0.82717150	0.14004061
0.47599999	-0.59593379	0.19863436
0.47699999	-0.20007996	0.26888534
0.47799999	0.21662770	0.32701772
0.47899999	0.59251970	0.36395791
0.47999999	0.81342274	0.37275466
0.48099999	0.84550321	0.35214689
0.48199999	0.68036419	0.30265749
0.48299999	0.34445742	0.23179133
0.48399999	-0.07566437	0.16735359
0.48499999	-0.51879305	0.11829478
0.48599999	-0.79945868	0.10380782
0.48699999	-0.87813729	0.12619956
0.48799999	-0.74317175	0.17292076
0.48899999	-0.41267839	0.23711245
0.48999999	-0.00427534	0.30124262
0.49099999	0.42245939	0.35577634
0.49199999	0.72179502	0.37921384
0.49299999	0.84765625	0.36832553
0.49399999	0.78125000	0.32747909
0.49499999	0.53374141	0.26264149
0.49599999	0.14905265	0.19540477
0.49699999	-0.31582186	0.13542692
0.49799999	-0.66661543	0.10645300
0.49899999	-0.85362327	0.11312746
0.49999999	-0.82683319	0.14520793
0.50099999	-0.58895177	0.19789617
0.50199999	-0.22139518	0.26187253
0.50299999	0.22231792	0.32732528
0.50399999	0.58633733	0.36832553
0.50499999	0.81634474	0.37921384
0.50599999	0.84851748	0.35593012
0.50699999	0.67845720	0.30201155
0.50799999	0.34648746	0.23480561
0.50899999	-0.09781004	0.16393946
0.50999999	-0.49483266	0.11721826
0.51099999	-0.78718626	0.10147022
0.51199999	-0.87192422	0.11906373
0.51299999	-0.73692793	0.16750738
0.51399999	-0.42728838	0.23163755
0.51499999	0.01276452	0.30191928
0.51599999	0.41778421	0.35463828
0.51699999	0.72766978	0.38250491
0.51799999	0.85832924	0.37063238
0.51899999	0.78933930	0.32034326
0.51999999	0.53669417	0.25913510
0.52099999	0.13964075	0.19614296
0.52199999	-0.28355685	0.14080955
0.52299999	-0.67159820	0.10140871
0.52399999	-0.86481917	0.10125492
0.52499999	-0.83633733	0.14004061
0.52599999	-0.60494584	0.19844981
0.52699999	-0.20241757	0.26814714
0.52799999	0.21739665	0.32935530
0.52899999	0.59267348	0.37296999
0.52999999	0.81326896	0.38173598
0.53099999	0.84473425	0.35448450
0.53199999	0.68267101	0.30191928
0.53299999	0.35343874	0.23163755
0.53399999	-0.06680610	0.16735359
0.53499999	-0.51722443	0.11829478
0.53599999	-0.79807454	0.10396162
0.53699999	-0.87007874	0.12696850
0.53799999	-0.73169905	0.17076771
0.53899998	-0.40059054	0.22890010
0.53999998	0.00150714	0.28995448
0.54099998	0.41486222	0.34448817
0.54199998	0.71432084	0.37100148
0.54299998	0.85414618	0.36617249
0.54399998	0.79100025	0.32821727
0.54499998	0.53620201	0.26279527
0.54599998	0.14828371	0.19555856
0.54699998	-0.31597564	0.13619587
0.54799998	-0.66661543	0.10414616
0.54899998	-0.85362327	0.10414616
0.54999998	-0.82683319	0.13619587
0.55099998	-0.58895177	0.19555856
0.55199998	-0.22124138	0.26264149
0.55299998	0.22305611	0.32747909
0.55399998	0.58387673	0.36847934
0.55499998	0.80656374	0.37998277
0.55599998	0.84184301	0.35362327
0.55699998	0.68513167	0.29306102
0.55799998	0.35620692	0.22582431
0.55899998	-0.09534941	0.16160187
0.55999998	-0.49575540	0.11798720
0.56099998	-0.78810900	0.10162401
0.56199998	-0.86946356	0.11906373
0.56299998	-0.72720844	0.16750738
0.56399998	-0.42061391	0.23163755
0.56499998	0.00612082	0.30191928
0.56599998	0.40803397	0.35448450
0.56699998	0.72520918	0.38173598
0.56799998	0.85909820	0.37296999
0.56899998	0.78949308	0.32935530
0.56999998	0.53669417	0.26799336
0.57099998	0.13964075	0.19771162
0.57199998	-0.28355685	0.14234744
0.57299998	-0.67159820	0.11026698
0.57399998	-0.86481917	0.11026698
0.57499998	-0.83633733	0.14234744
0.57599998	-0.60479206	0.19771162
0.57699998	-0.20164862	0.26799336
0.57799998	0.21508981	0.32935530
0.57899998	0.58366144	0.37296999
0.57999998	0.80428767	0.38173598
0.58099998	0.84242743	0.35448450
0.58199998	0.68328619	0.30191928
0.58299998	0.35285434	0.23163755
0.58399998	-0.06449926	0.16750738
0.58499998	-0.50824308	0.11906373
0.58599998	-0.78890872	0.10147022
0.58699998	-0.86697221	0.11721826
0.58799998	-0.73495942	0.16393946
0.58899998	-0.41049460	0.23480561
0.58999998	-0.00519808	0.30201155
0.59099998	0.42153665	0.35593012
0.59199998	0.72410184	0.37921384
0.59299998	0.85663754	0.36832553
0.59399998	0.79023129	0.32747909
0.59499998	0.53604823	0.26264149
0.59599998	0.14843750	0.19555856
0.59699998	-0.31520671	0.13619587
0.59799998	-0.66892225	0.10414616
0.59899998	-0.86263531	0.10414616
0.59999998	-0.83584523	0.13619587
0.60099998	-0.59128934	0.19555856
0.60199998	-0.22047244	0.26264149
0.60299998	0.22320989	0.32747909
0.60399998	0.58387673	0.36832553
0.60499998	0.80656374	0.37921384
0.60599998	0.84184301	0.35593012
0.60699998	0.68513167	0.30201155
0.60799998	0.35620692	0.23480561
0.60899998	-0.09534941	0.16393946
0.60999998	-0.49560162	0.11721826
0.61099998	-0.78734004	0.10147022
0.61199998	-0.87177044	0.11906373
0.61299998	-0.73615897	0.16750738
0.61399998	-0.42959523	0.23179133
0.61499998	0.00378322	0.30265749
0.61599998	0.40880290	0.35214689
0.61699998	0.72536296	0.37275466
0.61799998	0.85909820	0.36395791
0.61899998	0.78949308	0.32701772
0.61999998	0.53669417	0.26873153
0.62099998	0.13964075	0.19786540
0.62199998	-0.28355685	0.14234744
0.62299998	-0.67159820	0.11026698
0.62399998	-0.86481917	0.11026698
0.62499998	-0.83633733	0.14234744
0.62599998	-0.60494584	0.19786540
0.62699998	-0.20241757	0.26873153
0.62799998	0.21739665	0.32701772
0.62899998	0.59267348	0.36395791
0.62999998	0.81326896	0.37275466
0.63099998	0.84473425	0.35214689
0.63199998	0.68251723	0.30265749
0.63299998	0.35270053	0.23179133
0.63399998	-0.06434547	0.16750738
0.63499998	-0.50747418	0.11906373
0.63599998	-0.79140007	0.10147022
0.63699998	-0.87675321	0.11721826
0.63799998	-0.74163383	0.16393946
0.63899998	-0.40382013	0.23480561
0.63999998	0.00458292	0.30201155
0.64099998	0.42402804	0.35593012
0.64199998	0.72333294	0.37921384
0.64299998	0.85648376	0.36832553
0.64399998	0.79023129	0.32747909
0.64499998	0.53604823	0.26264149
0.64599998	0.14843750	0.19555856
0.64699998	-0.31520671	0.13619587
0.64799998	-0.66892225	0.10414616
0.64899998	-0.86263531	0.10414616
0.64999998	-0.83584523	0.13619587
0.65099998	-0.59128934	0.19555856
0.65199998	-0.22047244	0.26264149
0.65299998	0.22320989	0.32747909
0.65399998	0.58387673	0.36832553
0.65499998	0.80656374	0.37921384
0.65599998	0.84184301	0.35593012
0.65699998	0.68513167	0.30201155
0.65799998	0.35620692	0.23480561
0.65899998	-0.09534941	0.16393946
0.65999998	-0.49575540	0.11721826
0.66099998	-0.78810900	0.10147022
0.66199998	-0.86946356	0.11906373
0.66299998	-0.72720844	0.16750738
0.66399998	-0.42061391	0.23163755
0.66499998	0.00612082	0.30191928
0.66599998	0.40803397	0.35448450
0.66699998	0.72520918	0.38173598
0.66799998	0.85925198	0.37296999
0.66899998	0.79026204	0.32935530
0.66999998	0.53435653	0.26799336
0.67099998	0.13065945	0.19771162
0.67199998	-0.29253814	0.14234744
0.67299998	-0.67393577	0.11026698
0.67399998	-0.86405021	0.11026698
0.67499998	-0.83618355	0.14234744
0.67599998	-0.60479206	0.19786540
0.67699998	-0.20164862	0.26873153
0.67799998	0.21508981	0.32701772
0.67899998	0.58366144	0.36395791
0.67999998	0.80428767	0.37275466
0.68099998	0.84242743	0.35214689
0.68199998	0.68328619	0.30265749
0.68299998	0.35285434	0.23179133
0.68399998	-0.06449926	0.16750738
0.68499998	-0.50824308	0.11906373
0.68599998	-0.78890872	0.10147022
0.68699998	-0.86697221	0.11721826
0.68799998	-0.73495942	0.16393946
0.68899998	-0.41049460	0.23480561
0.68999998	-0.00519808	0.30201155
0.69099998	0.42153665	0.35593012
0.69199998	0.72410184	0.37921384
0.69299998	0.85663754	0.36832553
0.69399998	0.79023129	0.32747909
0.69499998	0.53604823	0.26264149
0.69599998	0.14828371	0.19555856
0.69699998	-0.31597564	0.13619587
0.69799998	-0.66661543	0.10414616
0.69899998	-0.85362327	0.10414616
0.69999998	-0.82683319	0.13619587
0.70099998	-0.58895177	0.19555856
0.70199998	-0.22139518	0.26264149
0.70299998	0.22231792	0.32747909
0.70399998	0.58618355	0.36847934
0.70499998	0.81557578	0.37998277
0.70599998	0.85085505	0.35362327
0.70699998	0.68743849	0.29306102
0.70799998	0.35543799	0.22582431
0.70899998	-0.09550320	0.16160187
0.70999998	-0.49560162	0.11798720
0.71099998	-0.78734004	0.10162401
0.71199998	-0.87192422	0.11906373
0.71299998	-0.73692793	0.16750738
0.71399998	-0.42728838	0.23179133
0.71499998	0.01276452	0.30265749
0.71599998	0.41778421	0.35214689
0.71699998	0.72766978	0.37275466
0.71799998	0.85832924	0.36395791
0.71899998	0.78933930	0.32701772
0.71999998	0.53669417	0.26873153
0.72099998	0.13964075	0.19786540
0.72199998	-0.28355685	0.14234744
0.72299998	-0.67159820	0.11026698
0.72399998	-0.86481917	0.11026698
0.72499998	-0.83633733	0.14234744
0.72599998	-0.60494584	0.19771162
0.72699998	-0.20241757	0.26799336
0.72799998	0.21755044	0.32935530
0.72899998	0.59344244	0.37296999
0.72999998	0.81096208	0.38173598
0.73099998	0.83575296	0.35448450
0.73199998	0.67353594	0.30191928
0.73299998	0.35036293	0.23163755
0.73399998	-0.06357653	0.16735359
0.73499998	-0.50732034	0.11829478
0.73599998	-0.79140007	0.10380782
0.73699998	-0.87675321	0.12619956
0.73799998	-0.74148005	0.17292076
0.73899998	-0.40305117	0.23711245
0.73999998	0.00224532	0.30124262
0.74099998	0.41501600	0.35577634
0.74199998	0.71432084	0.37921384
0.74299998	0.85414618	0.36832553
0.74399998	0.79115403	0.32747909
0.74499998	0.53697097	0.26264149
0.74599998	0.14613067	0.19555856
0.74699998	-0.32421875	0.13619587
0.74799998	-0.67808807	0.10414616
0.74899998	-0.86571109	0.10414616
0.74999998	-0.83273870	0.13619587
0.75099998	-0.58212352	0.19555856
0.75199998	-0.21161418	0.26264149
0.75299998	0.22477855	0.32747909
0.75399998	0.58541459	0.36832553
0.75499998	0.81542200	0.37921384
0.75599998	0.85085505	0.35593012
0.75699998	0.68743849	0.30201155
0.75799998	0.35543799	0.23480561
0.75899998	-0.09550320	0.16393946
0.75999998	-0.49575540	0.11721826
0.76099998	-0.78810900	0.10147022
0.76199998	-0.86961734	0.11921752
0.76299998	-0.72794658	0.16827632
0.76399998	-0.41830710	0.22933070
0.76499998	0.01507136	0.29290724
0.76599998	0.41701525	0.34547243
0.76699998	0.72751600	0.37942913
0.76799998	0.85848302	0.37370816
0.76899998	0.79010826	0.32950911
0.76999998	0.53435653	0.26799336
0.77099998	0.13065945	0.19771162
0.77199998	-0.29272267	0.14234744
0.77299998	-0.67470473	0.11026698
0.77399998	-0.86171257	0.11026698
0.77499998	-0.82717150	0.14234744
0.77599998	-0.59578001	0.19771162
0.77699998	-0.19931102	0.26799336
0.77799998	0.21432087	0.32935530
0.77899998	0.58350760	0.37296999
0.77999998	0.80428767	0.38188976
0.78099998	0.84242743	0.35525346
0.78199998	0.68343997	0.29958171
0.78299998	0.35359251	0.22265625
0.78399998	-0.06680610	0.15852608
0.78499998	-0.51722443	0.11672613
0.78599998	-0.79807454	0.10223917
0.78699998	-0.87007874	0.11737204
0.78799998	-0.73169905	0.16393946
0.78899998	-0.40059054	0.23480561
0.78999998	0.00150714	0.30201155
0.79099998	0.41486222	0.35593012
0.79199998	0.71432084	0.37921384
0.79299998	0.85414618	0.36832553
0.79399998	0.79084647	0.32747909
0.79499998	0.53543305	0.26264149
0.79599998	0.15059055	0.19555856
0.79699998	-0.30702510	0.13619587
0.79799998	-0.65763408	0.10414616
0.79899998	-0.85131645	0.10414616
0.79999998	-0.82760209	0.13619587
0.80099998	-0.58910555	0.19555856
0.80199998	-0.22139518	0.26264149
0.80299998	0.22231792	0.32747909
0.80399998	0.58618355	0.36847934
0.80499998	0.81557578	0.37998277
0.80599998	0.85085505	0.35362327
0.80699998	0.68743849	0.29306102
0.80799998	0.35543799	0.22582431
0.80899998	-0.09550320	0.16160187
0.80999998	-0.49560162	0.11798720
0.81099998	-0.78734004	0.10162401
0.81199998	-0.87192422	0.11906373
0.81299998	-0.73692793	0.16750738
0.81399998	-0.42728838	0.23163755
0.81499998	0.01276452	0.30191928
0.81599998	0.41778421	0.35448450
0.81699998	0.72766978	0.38173598
0.81799998	0.85848302	0.37296999
0.81899998	0.79010826	0.32935530
0.81999998	0.53435653	0.26799336
0.82099998	0.13065945	0.19771162
0.82199998	-0.29272267	0.14234744
0.82299998	-0.67470473	0.11026698
0.82399998	-0.86171257	0.11026698
0.82499998	-0.82717150	0.14234744
0.82599998	-0.59593379	0.19786540
0.82699998	-0.20007996	0.26873153
0.82799998	0.21662770	0.32717150
0.82899998	0.59251970	0.36472687
0.82999998	0.81326896	0.37041709
0.83099998	0.84473425	0.34316561
0.83199998	0.68267101	0.29367617
0.83299998	0.35343874	0.22948450
0.83399998	-0.06665231	0.16827632
0.83499998	-0.51645547	0.11921752
0.83599998	-0.80038142	0.10147022
0.83699998	-0.87906003	0.11721826
0.83799998	-0.74071109	0.16393946
0.83899998	-0.40289739	0.23480561
0.83999998	0.00239911	0.30201155
0.84099998	0.41578493	0.35593012
0.84199998	0.71186024	0.37921384
0.84299998	0.84442669	0.36832553
0.84399998	0.78435653	0.32747909
0.84499998	0.54287648	0.26264149
0.84599998	0.15821850	0.19555856
0.84699998	-0.31274605	0.13619587
0.84799998	-0.66984499	0.10414616
0.84899998	-0.86355805	0.10414616
0.84999998	-0.83350760	0.13619587
0.85099998	-0.58227730	0.19555856
0.85199998	-0.21161418	0.26279527
0.85299998	0.22477855	0.32821727
0.85399998	0.58541459	0.36601871
0.85499998	0.81542200	0.37023252
0.85599998	0.85085505	0.34694883
0.85699998	0.68743849	0.29970473
0.85799998	0.35559177	0.23557456
0.85899998	-0.09473425	0.16409326
0.85999998	-0.49806225	0.11721826
0.86099998	-0.79709029	0.10147022
0.86199998	-0.87856793	0.11906373
0.86299998	-0.73028421	0.16750738
0.86399998	-0.41753814	0.23163755
0.86499998	0.01522515	0.30191928
0.86599998	0.41701525	0.35463828
0.86699998	0.72751600	0.38250491
0.86799998	0.85832924	0.37063238
0.86899998	0.78933930	0.32034326
0.86999998	0.53669417	0.25913510
0.87099998	0.13964075	0.19614296
0.87199998	-0.28371063	0.14080955
0.87299998	-0.67236710	0.10140871
0.87399998	-0.86248153	0.10125492
0.87499998	-0.82732528	0.14004061
0.87599998	-0.59593379	0.19863436
0.87699998	-0.20007996	0.26888534
0.87799998	0.21662770	0.32701772
0.87899998	0.59251970	0.36395791
0.87999998	0.81326896	0.37275466
0.88099998	0.84473425	0.35214689
0.88199998	0.68267101	0.30265749
0.88299998	0.35343874	0.23179133
0.88399998	-0.06665231	0.16735359
0.88499998	-0.51645547	0.11829478
0.88599998	-0.80022758	0.10380782
0.88699998	-0.87829107	0.12619956
0.88799998	-0.74317175	0.17292076
0.88899998	-0.41267839	0.23711245
0.88999998	-0.00442913	0.30124262
0.89099998	0.42169046	0.35577634
0.89199997	0.72410184	0.37921384
0.89299997	0.85663754	0.36832553
0.89399997	0.79023129	0.32747909
0.89499997	0.53604823	0.26264149
0.89599997	0.14843750	0.19540477
0.89699997	-0.31520671	0.13542692
0.89799997	-0.66907603	0.10645300
0.89899997	-0.86340427	0.11312746
0.89999997	-0.83350760	0.14520793
0.90099997	-0.58227730	0.19789617
0.90199997	-0.21161418	0.26202634
0.90299997	0.22477855	0.32806349
0.90399997	0.58541459	0.36617249
0.90499997	0.81542200	0.37100148
0.90599997	0.85085505	0.34464198
0.90699997	0.68743849	0.29072341
0.90799997	0.35543799	0.22643946
0.90899997	-0.09550320	0.16101746
0.90999997	-0.49575540	0.12029404
0.91099997	-0.78810900	0.11060531
0.91199997	-0.86961734	0.12801427
0.91299997	-0.72794658	0.16981423
0.91399997	-0.41830710	0.23086861
0.91499997	0.01507136	0.30176550
0.91599997	0.41701525	0.35448450
0.91699997	0.72751600	0.38173598
0.91799997	0.85832924	0.37296999
0.91899997	0.78933930	0.32935530
0.91999997	0.53669417	0.26799336
0.92099997	0.13964075	0.19771162
0.92199997	-0.28371063	0.14250124
0.92299997	-0.67236710	0.11103593
0.92399997	-0.86263531	0.10796013
0.92499997	-0.82809424	0.13336614
0.92599997	-0.59347320	0.18888411
0.92699997	-0.19032973	0.26642472
0.92799997	0.22330217	0.32778665
0.92899997	0.58584523	0.36411172
0.92999997	0.80351871	0.37275466
0.93099997	0.84227359	0.35214689
0.93199997	0.68343997	0.30265749
0.93299997	0.35359251	0.23179133
0.93399997	-0.06665231	0.16750738
0.93499997	-0.51645547	0.11906373
0.93599997	-0.80038142	0.10147022
0.93699997	-0.87906003	0.11721826
0.93799997	-0.74086493	0.16393946
0.93899997	-0.40366635	0.23480561
0.93999997	0.00458292	0.30201155
0.94099997	0.42402804	0.35593012
0.94199997	0.72333294	0.37921384
0.94299997	0.85648376	0.36832553
0.94399997	0.79023129	0.32732528
0.94499997	0.53604823	0.26187253
0.94599997	0.14843750	0.19789617
0.94699997	-0.31520671	0.14520793
0.94799997	-0.66892225	0.11312746
0.94899997	-0.86263531	0.10645300
0.94999997	-0.83584523	0.13542692
0.95099997	-0.59128934	0.19540477
0.95199997	-0.22062624	0.26279527
0.95299997	0.22247170	0.32821727
0.95399997	0.58618355	0.36617249
0.95499997	0.81557578	0.37100148
0.95599997	0.85085505	0.34464198
0.95699997	0.68743849	0.29072341
0.95799997	0.35543799	0.22659326
0.95899997	-0.09550320	0.16175567
0.95999997	-0.49575540	0.11798720
0.96099997	-0.78810900	0.10162401
0.96199997	-0.86946356	0.11906373
0.96299997	-0.72720844	0.16750738
0.96399997	-0.42061391	0.23179133
0.96499997	0.00612082	0.30265749
0.96599997	0.40803397	0.35214689
0.96699997	0.72520918	0.37275466
0.96799997	0.85909820	0.36395791
0.96899997	0.78949308	0.32701772
0.96999997	0.53669417	0.26873153
0.97099997	0.13964075	0.19786540
0.97199997	-0.28371063	0.14234744
0.97299997	-0.67236710	0.11026698
0.97399997	-0.86248153	0.11026698
0.97499997	-0.82732528	0.14234744
0.97599997	-0.59593379	0.19786540
0.97699997	-0.20007996	0.26873153
0.97799997	0.21662770	0.32701772
0.97899997	0.59251970	0.36395791
0.97999997	0.81326896	0.37275466
0.98099997	0.84473425	0.35214689
0.98199997	0.68267101	0.30265749
0.98299997	0.35343874	0.23179133
0.98399997	-0.06680610	0.16750738
0.98499997	-0.51722443	0.11906373
0.98599997	-0.79792076	0.10147022
0.98699997	-0.86930978	0.11721826
0.98799997	-0.73403668	0.16409326
0.98899997	-0.40960261	0.23557456
0.98999997	-0.00750492	0.29970473
0.99099997	0.41255537	0.34694883
0.99199997	0.71508980	0.37023252
0.99299997	0.85429996	0.36601871
0.99399997	0.79100025	0.32821727
0.99499997	0.53620201	0.26279527
0.99599997	0.14828371	0.19540477
0.99699997	-0.31597564	0.13542692
0.99799997	-0.66661543	0.10645300
0.99899997	-0.85362327	0.11312746
0.99999997	-0.82683319	0.14520793
1.00099997	-0.58895177	0.19789617
1.00199997	-0.22139518	0.26187253
1.00299997	0.22231792	0.32732528
1.00399997	0.58618355	0.36847934
1.00499997	0.81557578	0.37998277
1.00599997	0.85085505	0.35362327
1.00699997	0.68743849	0.29306102
1.00799997	0.35543799	0.22582431
1.00899997	-0.09550320	0.16160187
1.00999997	-0.49560162	0.11798720
1.01099997	-0.78734004	0.10162401
1.01199997	-0.87192422	0.11906373
1.01299997	-0.73692793	0.16750738
1.01399997	-0.42728838	0.23179133
1.01499997	0.01276452	0.30265749
1.01599997	0.41778421	0.35214689
1.01699997	0.72766978	0.37275466
1.01799997	0.85832924	0.36411172
1.01899997	0.78933930	0.32778665
1.01999997	0.53669417	0.26642472
1.02099997	0.13964075	0.18888411
1.02199997	-0.28355685	0.13336614
1.02299997	-0.67159820	0.10796013
1.02399997	-0.86481917	0.11103593
1.02499997	-0.83633733	0.14250124
1.02599997	-0.60494584	0.19786540
1.02699997	-0.20241757	0.26873153
1.02799997	0.21739665	0.32717150
1.02899997	0.59267348	0.36472687
1.02999997	0.81326896	0.37041709
1.03099997	0.84473425	0.34316561
1.03199997	0.68251723	0.29367617
1.03299997	0.35270053	0.22948450
1.03399997	-0.06434547	0.16827632
1.03499997	-0.50747418	0.11921752
1.03599997	-0.79140007	0.10147022
1.03699997	-0.87675321	0.11721826
1.03799997	-0.74148005	0.16393946
1.03899997	-0.40305117	0.23480561
1.03999997	0.00224532	0.30201155
1.04099997	0.41501600	0.35593012
1.04199997	0.71416706	0.37921384
1.04299997	0.85337722	0.36832553
1.04399997	0.79330707	0.32747909
1.04499997	0.54518330	0.26264149
1.04599997	0.15744956	0.19555856
1.04699997	-0.31289986	0.13619587
1.04799997	-0.66969121	0.10414616
1.04899997	-0.86278909	0.10414616
1.04999997	-0.83584523	0.13619587
1.05099997	-0.59128934	0.19555856
1.05199997	-0.22047244	0.26279527
1.05299997	0.22320989	0.32821727
1.05399997	0.58387673	0.36601871
1.05499997	0.80656374	0.37023252
1.05599997	0.84184301	0.34694883
1.05699997	0.68513167	0.29970473
1.05799997	0.35620692	0.23557456
1.05899997	-0.09534941	0.16409326
1.05999997	-0.49575540	0.11721826
1.06099997	-0.78810900	0.10147022
1.06199997	-0.86961734	0.11906373
1.06299997	-0.72794658	0.16750738
1.06399997	-0.41830710	0.23179133
1.06499997	0.01507136	0.30265749
1.06599997	0.41701525	0.35214689
1.06699997	0.72751600	0.37275466
1.06799997	0.85848302	0.36395791
1.06899997	0.79010826	0.32701772
1.06999997	0.53435653	0.26888534
1.07099997	0.13065945	0.19863436
1.07199997	-0.29272267	0.14004061
1.07299997	-0.67470473	0.10125492
1.07399997	-0.86171257	0.10125492
1.07499997	-0.82717150	0.14004061
1.07599997	-0.59593379	0.19844981
1.07699997	-0.20007996	0.26814714
1.07799997	0.21662770	0.32935530
1.07899997	0.59251970	0.37296999
1.07999997	0.81326896	0.38173598
1.08099997	0.84473425	0.35448450
1.08199997	0.68251723	0.30191928
1.08299997	0.35270053	0.23163755
1.08399997	-0.06449926	0.16735359
1.08499997	-0.50824308	0.11829478
1.08599997	-0.78906250	0.10380782
1.08699997	-0.86774117	0.12619956
1.08799997	-0.73262179	0.17292076
1.08899997	-0.40151328	0.23711245
1.08999997	0.00381398	0.30139640
1.09099997	0.42384350	0.35654527
1.09199997	0.72333294	0.37690699
1.09299997	0.85648376	0.35931349
1.09399997	0.79023129	0.31846702
1.09499997	0.53604823	0.26033464
1.09599997	0.14828371	0.19632751
1.09699997	-0.31597564	0.13634965
1.09799997	-0.66661543	0.10414616
1.09899997	-0.85362327	0.10414616
1.09999997	-0.82683319	0.13619587
1.10099997	-0.58895177	0.19555856
1.10199997	-0.22139518	0.26264149
1.10299997	0.22231792	0.32747909
1.10399997	0.58633733	0.36847934
1.10499997	0.81634474	0.37998277
1.10599997	0.84851748	0.35362327
1.10699997	0.67845720	0.29306102
1.10799997	0.34648746	0.22582431
1.10899997	-0.09781004	0.16160187
1.10999997	-0.49483266	0.11798720
1.11099997	-0.78718626	0.10162401
1.11199997	-0.87192422	0.11906373
1.11299997	-0.73692793	0.16750738
1.11399997	-0.42728838	0.23179133
1.11499997	0.01276452	0.30265749
1.11599997	0.41793799	0.35214689
1.11699997	0.72843874	0.37275466
1.11799997	0.85599160	0.36395791
1.11899997	0.78032726	0.32701772
1.11999997	0.52768207	0.26873153
1.12099997	0.13733390	0.19786540
1.12199997	-0.28278789	0.14234744
1.12299997	-0.67144442	0.11026698
1.12399997	-0.86481917	0.11026698
1.12499997	-0.83633733	0.14234744
1.12599997	-0.60494584	0.19786540
1.12699997	-0.20241757	0.26873153
1.12799997	0.21739665	0.32701772
1.12899997	0.59267348	0.36395791
1.12999997	0.81326896	0.37275466
1.13099997	0.84473425	0.35214689
1.13199997	0.68267101	0.30265749
1.13299997	0.35343874	0.23179133
1.13399997	-0.06680610	0.16750738
1.13499997	-0.51722443	0.11906373
1.13599997	-0.79807454	0.10147022
1.13699997	-0.87007874	0.11721826
1.13799997	-0.73169905	0.16409326
1.13899997	-0.40059054	0.23557456
1.13999997	0.00150714	0.29970473
1.14099997	0.41486222	0.34694883
1.14199997	0.71432084	0.37023252
1.14299997	0.85414618	0.36601871
1.14399997	0.79100025	0.32821727
1.14499997	0.53620201	0.26279527
1.14599997	0.14843750	0.19555856
1.14699997	-0.31520671	0.13619587
1.14799997	-0.66907603	0.10396162
1.14899997	-0.86340427	0.10337722
1.14999997	-0.83350760	0.13853346
1.15099997	-0.58227730	0.20457062
1.15199997	-0.21161418	0.27180734
1.15299997	0.22477855	0.33055487
1.15399997	0.58541459	0.36540353
1.15499997	0.81542200	0.37084767
1.15599997	0.85085505	0.34464198
1.15699997	0.68743849	0.29072341
1.15799997	0.35543799	0.22659326
1.15899997	-0.09550320	0.16175567
1.15999997	-0.49575540	0.11798720
1.16099997	-0.78810900	0.10162401
1.16199997	-0.86946356	0.11906373
1.16299997	-0.72720844	0.16750738
1.16399997	-0.42061391	0.23179133
1.16499997	0.00612082	0.30265749
1.16599997	0.40803397	0.35214689
1.16699997	0.72520918	0.37275466
1.16799997	0.85925198	0.36395791
1.16899997	0.79026204	0.32701772
1.16999997	0.53435653	0.26888534
1.17099997	0.13065945	0.19863436
1.17199997	-0.29272267	0.14004061
1.17299997	-0.67470473	0.10125492
1.17399997	-0.86171257	0.10125492
1.17499997	-0.82717150	0.14004061
1.17599997	-0.59593379	0.19844981
1.17699997	-0.20007996	0.26814714
1.17799997	0.21647392	0.32935530
1.17899997	0.59175074	0.37296999
1.17999997	0.81576031	0.38173598
1.18099997	0.85451525	0.35448450
1.18199997	0.68934548	0.30191928
1.18299997	0.34676427	0.23163755
1.18399997	-0.07658710	0.16735359
1.18499997	-0.51971579	0.11829478
1.18599997	-0.79730558	0.10380782
1.18699997	-0.86989421	0.12619956
1.18799997	-0.73185283	0.17307456
1.18899997	-0.40135950	0.23788139
1.18999997	0.00381398	0.29893577
1.19099997	0.42384350	0.34679502
1.19199997	0.72333294	0.37023252
1.19299997	0.85648376	0.36601871
1.19399997	0.79023129	0.32821727
1.19499997	0.53604823	0.26279527
1.19599997	0.14828371	0.19540477
1.19699997	-0.31597564	0.13542692
1.19799997	-0.66676921	0.10645300
1.19899997	-0.85439223	0.11312746
1.19999997	-0.82452631	0.14520793
1.20099997	-0.57997048	0.19789617
1.20199997	-0.21238312	0.26187253
1.20299997	0.22462475	0.32732528
1.20399997	0.58556843	0.36847934
1.20499997	0.81616020	0.37998277
1.20599997	0.84851748	0.35362327
1.20699997	0.67845720	0.29306102
1.20799997	0.34664124	0.22582431
1.20899997	-0.09704109	0.16160187
1.20999997	-0.49713951	0.11798720
1.21099997	-0.79616755	0.10162401
1.21199997	-0.88090551	0.11906373
1.21299997	-0.73923475	0.16750738
1.21399997	-0.42636564	0.23179133
1.21499997	0.01368725	0.30265749
1.21599997	0.41544661	0.35214689
1.21699997	0.71868849	0.37275466
1.21799997	0.84947097	0.36395791
1.21899997	0.78777069	0.32701772
1.21999997	0.53512549	0.26888534
1.22099997	0.13081324	0.19863436
1.22199997	-0.29272267	0.14004061
1.22299997	-0.67470473	0.10125492
1.22399997	-0.86171257	0.10125492
1.22499997	-0.82717150	0.14004061
1.22599997	-0.59593379	0.19863436
1.22699997	-0.20007996	0.26888534
1.22799997	0.21662770	0.32717150
1.22899997	0.59251970	0.36472687
1.22999997	0.81326896	0.37041709
1.23099997	0.84473425	0.34316561
1.23199997	0.68251723	0.29367617
1.23299997	0.35270053	0.22948450
1.23399997	-0.06434547	0.16827632
1.23499997	-0.50747418	0.11921752
1.23599997	-0.79140007	0.10147022
1.23699997	-0.87675321	0.11721826
1.23799997	-0.74148005	0.16409326
1.23899997	-0.40305117	0.23557456
1.23999997	0.00224532	0.29970473
1.24099997	0.41501600	0.34694883
1.24199997	0.71432084	0.37023252
1.24299997	0.85414618	0.36601871
1.24399997	0.79100025	0.32821727
1.24499997	0.53620201	0.26279527
1.24599996	0.14843750	0.19555856
1.24699996	-0.31520671	0.13619587
1.24799996	-0.66907603	0.10414616
1.24899996	-0.86340427	0.10414616
1.24999996	-0.83350760	0.13619587
1.25099996	-0.58227730	0.19555856
1.25199996	-0.21146038	0.26264149
1.25299996	0.22554749	0.32747909
1.25399996	0.58310777	0.36832553
1.25499996	0.80640996	0.37921384
1.25599996	0.84184301	0.35593012
1.25699996	0.68513167	0.30201155
1.25799996	0.35620692	0.23480561
1.25899996	-0.09534941	0.16393946
1.25999996	-0.49575540	0.11721826
1.26099996	-0.78810900	0.10147022
1.26199996	-0.86961734	0.11906373
1.26299996	-0.72794658	0.16750738
1.26399996	-0.41830710	0.23179133
1.26499996	0.01507136	0.30265749
1.26599996	0.41701525	0.35214689
1.26699996	0.72751600	0.37275466
1.26799996	0.85848302	0.36395791
1.26899996	0.79010826	0.32701772
1.26999996	0.53435653	0.26873153
1.27099996	0.13065945	0.19786540
1.27199996	-0.29272267	0.14234744
1.27299996	-0.67470473	0.11026698
1.27399996	-0.86171257	0.11026698
1.27499996	-0.82717150	0.14234744
1.27599996	-0.59593379	0.19771162
1.27699996	-0.20007996	0.26799336
1.27799996	0.21662770	0.32950911
1.27899996	0.59251970	0.37370816
1.27999996	0.81326896	0.37942913
1.28099996	0.84473425	0.34547243
1.28199996	0.68267101	0.29290724
1.28299996	0.35343874	0.22933070
1.28399996	-0.06665231	0.16827632
1.28499996	-0.51645547	0.11921752
1.28599996	-0.80038142	0.10147022
1.28699996	-0.87906003	0.11721826
1.28799996	-0.74086493	0.16393946
1.28899996	-0.40366635	0.23480561
1.28999996	0.00458292	0.30201155
1.29099996	0.42402804	0.35593012
1.29199996	0.72333294	0.37921384
1.29299996	0.85648376	0.36832553
1.29399996	0.79023129	0.32747909
1.29499996	0.53604823	0.26264149
1.29599996	0.14828371	0.19555856
1.29699996	-0.31597564	0.13619587
1.29799996	-0.66661543	0.10414616
1.29899996	-0.85362327	0.10414616
1.29999996	-0.82683319	0.13619587
1.30099996	-0.58895177	0.19555856
1.30199996	-0.22139518	0.26279527
1.30299996	0.22231792	0.32821727
1.30399996	0.58633733	0.36601871
1.30499996	0.81634474	0.37023252
1.30599996	0.84851748	0.34694883
1.30699996	0.67845720	0.29970473
1.30799996	0.34648746	0.23557456
1.30899996	-0.09781004	0.16409326
1.30999996	-0.49498647	0.11721826
1.31099996	-0.78795522	0.10147022
1.31199996	-0.86961734	0.11906373
1.31299996	-0.72794658	0.16750738
1.31399996	-0.41830710	0.23179133
1.31499996	0.01507136	0.30265749
1.31599996	0.41701525	0.35214689
1.31699996	0.72751600	0.37275466
1.31799996	0.85832924	0.36395791
1.31899996	0.78933930	0.32701772
1.31999996	0.53669417	0.26888534
1.32099996	0.13964075	0.19863436
1.32199996	-0.28355685	0.14004061
1.32299996	-0.67159820	0.10125492
1.32399996	-0.86481917	0.10125492
1.32499996	-0.83633733	0.14004061
1.32599996	-0.60494584	0.19844981
1.32699996	-0.20241757	0.26814714
1.32799996	0.21739665	0.32950911
1.32899996	0.59267348	0.37370816
1.32999996	0.81326896	0.37942913
1.33099996	0.84473425	0.34547243
1.33199996	0.68267101	0.29290724
1.33299996	0.35343874	0.22933070
1.33399996	-0.06665231	0.16827632
1.33499996	-0.51645547	0.11921752
1.33599996	-0.80038142	0.10147022
1.33699996	-0.87906003	0.11721826
1.33799996	-0.74086493	0.16393946
1.33899996	-0.40366635	0.23480561
1.33999996	0.00458292	0.30201155
1.34099996	0.42402804	0.35593012
1.34199996	0.72333294	0.37921384
1.34299996	0.85648376	0.36832553
1.34399996	0.79023129	0.32747909
1.34499996	0.53604823	0.26264149
1.34599996	0.14843750	0.19555856
1.34699996	-0.31520671	0.13619587
1.34799996	-0.66907603	0.10396162
1.34899996	-0.86340427	0.10337722
1.34999996	-0.83350760	0.13853346
1.35099996	-0.58227730	0.20457062
1.35199996	-0.21161418	0.27165353
1.35299996	0.22477855	0.32978591
1.35399996	0.58541459	0.36771038
1.35499996	0.81542200	0.37982899
1.35599996	0.85085505	0.35362327
1.35699996	0.68743849	0.29306102
1.35799996	0.35543799	0.22582431
1.35899996	-0.09550320	0.16160187
1.35999996	-0.49575540	0.11798720
1.36099996	-0.78810900	0.10162401
1.36199996	-0.86961734	0.11906373
1.36299996	-0.72794658	0.16750738
1.36399996	-0.41830710	0.23179133
1.36499996	0.01507136	0.30265749
1.36599996	0.41701525	0.35214689
1.36699996	0.72751600	0.37275466
1.36799996	0.85848302	0.36395791
1.36899996	0.79010826	0.32701772
1.36999996	0.53435653	0.26873153
1.37099996	0.13065945	0.19786540
1.37199996	-0.29253814	0.14234744
1.37299996	-0.67393577	0.11026698
1.37399996	-0.86405021	0.11026698
1.37499996	-0.83618355	0.14234744
1.37599996	-0.60494584	0.19786540
1.37699996	-0.20241757	0.26873153
1.37799996	0.21739665	0.32701772
1.37899996	0.59267348	0.36395791
1.37999996	0.81326896	0.37275466
1.38099996	0.84473425	0.35214689
1.38199996	0.68267101	0.30265749
1.38299996	0.35343874	0.23179133
1.38399996	-0.06680610	0.16735359
1.38499996	-0.51722443	0.11829478
1.38599996	-0.79807454	0.10396162
1.38699996	-0.87007874	0.12696850
1.38799996	-0.73169905	0.17061393
1.38899996	-0.40059054	0.22813115
1.38999996	0.00150714	0.29229209
1.39099996	0.41486222	0.35346949
1.39199996	0.71432084	0.37998277
1.39299996	0.85414618	0.36847934
1.39399996	0.79100025	0.32747909
1.39499996	0.53620201	0.26264149
1.39599996	0.14828371	0.19555856
1.39699996	-0.31597564	0.13619587
1.39799996	-0.66661543	0.10414616
1.39899996	-0.85362327	0.10414616
1.39999996	-0.82683319	0.13619587
1.40099996	-0.58895177	0.19555856
1.40199996	-0.22139518	0.26279527
1.40299996	0.22231792	0.32821727
1.40399996	0.58633733	0.36617249
1.40499996	0.81634474	0.37100148
1.40599996	0.84851748	0.34464198
1.40699996	0.67845720	0.29072341
1.40799996	0.34648746	0.22659326
1.40899996	-0.09781004	0.16175567
1.40999996	-0.49483266	0.11798720
1.41099996	-0.78718626	0.10162401
1.41199996	-0.87192422	0.11906373
1.41299996	-0.73692793	0.16750738
1.41399996	-0.42728838	0.23163755
1.41499996	0.01276452	0.30191928
1.41599996	0.41778421	0.35448450
1.41699996	0.72766978	0.38173598
1.41799996	0.85832924	0.37296999
1.41899996	0.78933930	0.32935530
1.41999996	0.53669417	0.26799336
1.42099996	0.13964075	0.19771162
1.42199996	-0.28371063	0.14234744
1.42299996	-0.67236710	0.11026698
1.42399996	-0.86248153	0.11026698
1.42499996	-0.82732528	0.14234744
1.42599996	-0.59593379	0.19771162
1.42699996	-0.20007996	0.26799336
1.42799996	0.21662770	0.32935530
1.42899996	0.59251970	0.37296999
1.42999996	0.81326896	0.38188976
1.43099996	0.84473425	0.35525346
1.43199996	0.68251723	0.29958171
1.43299996	0.35270053	0.22265625
1.43399996	-0.06449926	0.15837230
1.43499996	-0.50824308	0.11595719
1.43599996	-0.78906250	0.10457677
1.43699996	-0.86774117	0.12638411
1.43799996	-0.73262179	0.17292076
1.43899996	-0.40151328	0.23711245
1.43999996	0.00381398	0.30124262
1.44099996	0.42384350	0.35577634
1.44199996	0.72333294	0.37921384
1.44299996	0.85648376	0.36832553
1.44399996	0.79023129	0.32732528
1.44499996	0.53604823	0.26187253
1.44599996	0.14843750	0.19789617
1.44699996	-0.31520671	0.14520793
1.44799996	-0.66892225	0.11297367
1.44899996	-0.86263531	0.10568406
1.44999996	-0.83584523	0.13776451
1.45099996	-0.59128934	0.20441683
1.45199996	-0.22062624	0.27180734
1.45299996	0.22247170	0.33055487
1.45399996	0.58618355	0.36524975
1.45499996	0.81557578	0.37007874
1.45599996	0.85085505	0.34694883
1.45699996	0.68743849	0.29970473
1.45799996	0.35543799	0.23557456
1.45899996	-0.09550320	0.16409326
1.45999996	-0.49575540	0.11721826
1.46099996	-0.78810900	0.10147022
1.46199996	-0.86961734	0.11921752
1.46299996	-0.72794658	0.16827632
1.46399996	-0.41830710	0.22948450
1.46499996	0.01507136	0.29367617
1.46599996	0.41701525	0.34316561
1.46699996	0.72751600	0.37041709
1.46799996	0.85848302	0.36472687
1.46899996	0.79010826	0.32717150
1.46999996	0.53435653	0.26873153
1.47099996	0.13065945	0.19786540
1.47199996	-0.29272267	0.14234744
1.47299996	-0.67470473	0.11026698
1.47399996	-0.86171257	0.11026698
1.47499996	-0.82717150	0.14234744
1.47599996	-0.59593379	0.19786540
1.47699996	-0.20007996	0.26873153
1.47799996	0.21662770	0.32717150
1.47899996	0.59251970	0.36472687
1.47999996	0.81342274	0.37041709
1.48099996	0.84550321	0.34316561
1.48199996	0.68036419	0.29367617
1.48299996	0.34445742	0.22948450
1.48399996	-0.07581816	0.16827632
1.48499996	-0.51953125	0.11921752
1.48599996	-0.79730558	0.10147022
1.48699996	-0.86989421	0.11721826
1.48799996	-0.73169905	0.16393946
1.48899996	-0.40059054	0.23480561
1.48999996	0.00150714	0.30201155
1.49099996	0.41486222	0.35593012
1.49199996	0.71432084	0.37921384
1.49299996	0.85414618	0.36832553
1.49399996	0.79100025	0.32747909
1.49499996	0.53620201	0.26264149
1.49599996	0.14828371	0.19555856
1.49699996	-0.31597564	0.13619587
1.49799996	-0.66661543	0.10414616
1.49899996	-0.85362327	0.10414616
1.49999996	-0.82683319	0.13619587
1.50099996	-0.58895177	0.19555856
1.50199996	-0.22124138	0.26279527
1.50299996	0.22305611	0.32821727
1.50399996	0.58387673	0.36601871
1.50499996	0.80656374	0.37023252
1.50599996	0.84184301	0.34694883
1.50699996	0.68513167	0.29970473
1.50799996	0.35620692	0.23557456
1.50899996	-0.09534941	0.16409326
1.50999996	-0.49560162	0.11721826
1.51099996	-0.78734004	0.10147022
1.51199996	-0.87177044	0.11906373
1.51299996	-0.73615897	0.16750738
1.51399996	-0.42959523	0.23179133
1.51499996	0.00378322	0.30265749
1.51599996	0.40895668	0.35214689
1.51699996	0.72613192	0.37275466
1.51799996	0.85676056	0.36395791
1.51899996	0.78048104	0.32701772
1.51999996	0.52768207	0.26873153
1.52099996	0.13733390	0.19786540
1.52199996	-0.28294167	0.14234744
1.52299996	-0.67221332	0.11026698
1.52399996	-0.86248153	0.11026698
1.52499996	-0.82732528	0.14234744
1.52599996	-0.59593379	0.19786540
1.52699996	-0.20007996	0.26873153
1.52799996	0.21662770	0.32701772
1.52899996	0.59251970	0.36395791
1.52999996	0.81326896	0.37290847
1.53099996	0.84473425	0.35291585
1.53199996	0.68267101	0.30035064
1.53299996	0.35343874	0.22281004
1.53399996	-0.06665231	0.15852608
1.53499996	-0.51645547	0.11672613
1.53599996	-0.80038142	0.10223917
1.53699996	-0.87906003	0.11737204
1.53799996	-0.74086493	0.16393946
1.53899996	-0.40366635	0.23480561
1.53999996	0.00458292	0.30216536
1.54099996	0.42402804	0.35669905
1.54199996	0.72333294	0.37690699
1.54299996	0.85648376	0.35931349
1.54399996	0.79023129	0.31846702
1.54499996	0.53604823	0.26033464
1.54599996	0.14828371	0.19632751
1.54699996	-0.31597564	0.13634965
1.54799996	-0.66676921	0.10414616
1.54899996	-0.85439223	0.10414616
1.54999996	-0.82452631	0.13619587
1.55099996	-0.57997048	0.19555856
1.55199996	-0.21238312	0.26264149
1.55299996	0.22462475	0.32747909
1.55399996	0.58541459	0.36847934
1.55499996	0.81542200	0.37998277
1.55599996	0.85085505	0.35362327
1.55699996	0.68743849	0.29306102
1.55799996	0.35543799	0.22582431
1.55899996	-0.09550320	0.16160187
1.55999996	-0.49575540	0.11798720
1.56099996	-0.78810900	0.10162401
1.56199996	-0.86961734	0.11906373
1.56299996	-0.72794658	0.16750738
1.56399996	-0.41830710	0.23179133
1.56499996	0.01507136	0.30265749
1.56599996	0.41701525	0.35214689
1.56699996	0.72751600	0.37275466
1.56799996	0.85848302	0.36395791
1.56899996	0.79010826	0.32701772
1.56999996	0.53435653	0.26873153
1.57099996	0.13065945	0.19786540
1.57199996	-0.29272267	0.14234744
1.57299996	-0.67470473	0.11026698
1.57399996	-0.86171257	0.11026698
1.57499996	-0.82717150	0.14234744
1.57599996	-0.59593379	0.19771162
1.57699996	-0.20007996	0.26799336
1.57799996	0.21662770	0.32950911
1.57899996	0.59251970	0.37370816
1.57999996	0.81326896	0.37958291
1.58099996	0.84473425	0.34624138
1.58199996	0.68267101	0.29060039
1.58299996	0.35343874	0.22031865
1.58399996	-0.06680610	0.15911049
1.58499996	-0.51722443	0.11611097
1.58599996	-0.79807454	0.10457677
1.58699996	-0.87007874	0.12638411
1.58799996	-0.73185283	0.17307456
1.58899996	-0.40135950	0.23788139
1.58999996	0.00381398	0.29893577
1.59099996	0.42384350	0.34679502
1.59199996	0.72333294	0.37023252
1.59299996	0.85648376	0.36601871
1.59399996	0.79023129	0.32821727
1.59499996	0.53604823	0.26279527
1.59599996	0.14828371	0.19555856
1.59699996	-0.31597564	0.13619587
1.59799996	-0.66661543	0.10414616
1.59899995	-0.85362327	0.10414616
1.59999995	-0.82683319	0.13619587
1.60099995	-0.58895177	0.19555856
1.60199995	-0.22139518	0.26279527
1.60299995	0.22231792	0.32821727
1.60399995	0.58618355	0.36617249
1.60499995	0.81557578	0.37100148
1.60599995	0.85085505	0.34464198
1.60699995	0.68743849	0.29072341
1.60799995	0.35543799	0.22659326
1.60899995	-0.09550320	0.16175567
1.60999995	-0.49560162	0.11798720
1.61099995	-0.78734004	0.10162401
1.61199995	-0.87192422	0.11921752
1.61299995	-0.73692793	0.16827632
1.61399995	-0.42728838	0.22948450
1.61499995	0.01276452	0.29367617
1.61599995	0.41793799	0.34316561
1.61699995	0.72843874	0.37041709
1.61799995	0.85599160	0.36472687
1.61899995	0.78032726	0.32717150
1.61999995	0.52768207	0.26888534
1.62099995	0.13733390	0.19863436
1.62199995	-0.28294167	0.14004061
1.62299995	-0.67221332	0.10125492
1.62399995	-0.86248153	0.10125492
1.62499995	-0.82732528	0.14004061
1.62599995	-0.59593379	0.19844981
1.62699995	-0.20007996	0.26814714
1.62799995	0.21662770	0.32935530
1.62899995	0.59251970	0.37296999
1.62999995	0.81326896	0.38173598
1.63099995	0.84473425	0.35448450
1.63199995	0.68267101	0.30191928
1.63299995	0.35343874	0.23163755
1.63399995	-0.06680610	0.16750738
1.63499995	-0.51722443	0.11906373
1.63599995	-0.79807454	0.10147022
1.63699995	-0.87007874	0.11721826
1.63799995	-0.73185283	0.16393946
1.63899995	-0.40135950	0.23480561
1.63999995	0.00396777	0.30201155
1.64099995	0.42461246	0.35593012
1.64199995	0.72102606	0.37921384
1.64299995	0.84750247	0.36832553
1.64399995	0.78140378	0.32747909
1.64499995	0.53451031	0.26264149
1.64599995	0.14674582	0.19555856
1.64699995	-0.32483390	0.13619587
1.64799995	-0.67559671	0.10414616
1.64899995	-0.85596085	0.10414616
1.64999995	-0.82606423	0.13619587
1.65099995	-0.58879799	0.19555856
1.65199995	-0.22139518	0.26264149
1.65299995	0.22231792	0.32747909
1.65399995	0.58618355	0.36832553
1.65499995	0.81557578	0.37921384
1.65599995	0.85085505	0.35593012
1.65699995	0.68743849	0.30201155
1.65799995	0.35543799	0.23480561
1.65899995	-0.09550320	0.16393946
1.65999995	-0.49575540	0.11721826
1.66099995	-0.78810900	0.10147022
1.66199995	-0.86961734	0.11906373
1.66299995	-0.72794658	0.16750738
1.66399995	-0.41815329	0.23179133
1.66499995	0.01584031	0.30265749
1.66599995	0.41470841	0.35214689
1.66699995	0.71853471	0.37275466
1.66799995	0.84947097	0.36395791
1.66899995	0.78777069	0.32701772
1.66999995	0.53512549	0.26888534
1.67099995	0.13081324	0.19863436
1.67199995	-0.29272267	0.14004061
1.67299995	-0.67470473	0.10125492
1.67399995	-0.86171257	0.10125492
1.67499995	-0.82717150	0.14004061
1.67599995	-0.59593379	0.19863436
1.67699995	-0.20007996	0.26888534
1.67799995	0.21662770	0.32701772
1.67899995	0.59251970	0.36395791
1.67999995	0.81342274	0.37275466
1.68099995	0.84550321	0.35214689
1.68199995	0.68036419	0.30265749
1.68299995	0.34445742	0.23179133
1.68399995	-0.07581816	0.16750738
1.68499995	-0.51953125	0.11906373
1.68599995	-0.79730558	0.10147022
1.68699995	-0.86989421	0.11721826
1.68799995	-0.73185283	0.16393946
1.68899995	-0.40135950	0.23480561
1.68999995	0.00381398	0.30201155
1.69099995	0.42384350	0.35593012
1.69199995	0.72333294	0.37921384
1.69299995	0.85648376	0.36832553
1.69399995	0.79038507	0.32747909
1.69499995	0.53681719	0.26264149
1.69599995	0.14597687	0.19540477
1.69699995	-0.32498771	0.13542692
1.69799995	-0.67559671	0.10629921
1.69899995	-0.85596085	0.11235851
1.69999995	-0.82606423	0.14751476
1.70099995	-0.58879799	0.20687746
1.70199995	-0.22139518	0.27088460
1.70299995	0.22231792	0.32963213
1.70399995	0.58633733	0.36755660
1.70499995	0.81634474	0.37906003
1.70599995	0.84851748	0.35593012
1.70699995	0.67845720	0.30201155
1.70799995	0.34664124	0.23480561
1.70899995	-0.09704109	0.16393946
1.70999995	-0.49713951	0.11721826
1.71099995	-0.79616755	0.10147022
1.71199995	-0.88090551	0.11906373
1.71299995	-0.73923475	0.16750738
1.71399995	-0.42651942	0.23163755
1.71499995	0.01291831	0.30191928
1.71599995	0.41793799	0.35448450
1.71699995	0.72843874	0.38173598
1.71799995	0.85599160	0.37296999
1.71899995	0.78032726	0.32935530
1.71999995	0.52768207	0.26799336
1.72099995	0.13733390	0.19771162
1.72199995	-0.28278789	0.14234744
1.72299995	-0.67144442	0.11026698
1.72399995	-0.86481917	0.11026698
1.72499995	-0.83633733	0.14234744
1.72599995	-0.60494584	0.19771162
1.72699995	-0.20241757	0.26799336
1.72799995	0.21739665	0.32935530
1.72899995	0.59267348	0.37296999
1.72999995	0.81326896	0.38173598
1.73099995	0.84473425	0.35448450
1.73199995	0.68267101	0.30207309
1.73299995	0.35343874	0.23240650
1.73399995	-0.06665231	0.16504675
1.73499995	-0.51645547	0.10928272
1.73599995	-0.80038142	0.09479577
1.73699995	-0.87906003	0.12389272
1.73799995	-0.74071109	0.17368971
1.73899995	-0.40289739	0.23726624
1.73999995	0.00224532	0.30124262
1.74099995	0.41501600	0.35577634
1.74199995	0.71432084	0.37921384
1.74299995	0.85414618	0.36832553
1.74399995	0.79100025	0.32732528
1.74499995	0.53620201	0.26187253
1.74599995	0.14843750	0.19789617
1.74699995	-0.31520671	0.14520793
1.74799995	-0.66907603	0.11297367
1.74899995	-0.86340427	0.10568406
1.74999995	-0.83350760	0.13776451
1.75099995	-0.58227730	0.20441683
1.75199995	-0.21161418	0.27165353
1.75299995	0.22477855	0.32978591
1.75399995	0.58541459	0.36771038
1.75499995	0.81542200	0.37982899
1.75599995	0.85085505	0.35362327
1.75699995	0.68743849	0.29306102
1.75799995	0.35559177	0.22582431
1.75899995	-0.09473425	0.16160187
1.75999995	-0.49806225	0.11798720
1.76099995	-0.79709029	0.10162401
1.76199995	-0.87856793	0.11906373
1.76299995	-0.73028421	0.16750738
1.76399995	-0.41753814	0.23163755
1.76499995	0.01522515	0.30191928
1.76599995	0.41701525	0.35448450
1.76699995	0.72751600	0.38173598
1.76799995	0.85848302	0.37312376
1.76899995	0.79010826	0.33012426
1.76999995	0.53435653	0.26565576
1.77099995	0.13065945	0.18873031
1.77199995	-0.29272267	0.13336614
1.77299995	-0.67470473	0.10796013
1.77399995	-0.86171257	0.11103593
1.77499995	-0.82717150	0.14250124
1.77599995	-0.59578001	0.19786540
1.77699995	-0.19931102	0.26873153
1.77799995	0.21432087	0.32701772
1.77899995	0.58350760	0.36395791
1.77999995	0.80444145	0.37275466
1.78099995	0.84319633	0.35214689
1.78199995	0.68113309	0.30265749
1.78299995	0.34461123	0.23179133
1.78399995	-0.07566437	0.16750738
1.78499995	-0.51879305	0.11906373
1.78599995	-0.79964322	0.10147022
1.78699995	-0.87890625	0.11721826
1.78799995	-0.74086493	0.16393946
1.78899995	-0.40366635	0.23480561
1.78999995	0.00458292	0.30201155
1.79099995	0.42402804	0.35593012
1.79199995	0.72333294	0.37921384
1.79299995	0.85648376	0.36832553
1.79399995	0.79023129	0.32747909
1.79499995	0.53604823	0.26264149
1.79599995	0.14828371	0.19540477
1.79699995	-0.31597564	0.13542692
1.79799995	-0.66661543	0.10645300
1.79899995	-0.85362327	0.11312746
1.79999995	-0.82683319	0.14520793
1.80099995	-0.58895177	0.19789617
1.80199995	-0.22139518	0.26187253
1.80299995	0.22231792	0.32732528
1.80399995	0.58633733	0.36847934
1.80499995	0.81634474	0.37998277
1.80599995	0.84851748	0.35362327
1.80699995	0.67845720	0.29306102
1.80799995	0.34648746	0.22582431
1.80899995	-0.09781004	0.16160187
1.80999995	-0.49498647	0.11798720
1.81099995	-0.78795522	0.10162401
1.81199995	-0.86961734	0.11906373
1.81299995	-0.72794658	0.16750738
1.81399995	-0.41830710	0.23163755
1.81499995	0.01507136	0.30191928
1.81599995	0.41701525	0.35448450
1.81699995	0.72751600	0.38173598
1.81799995	0.85832924	0.37296999
1.81899995	0.78933930	0.32935530
1.81999995	0.53669417	0.26814714
1.82099995	0.13964075	0.19844981
1.82199995	-0.28355685	0.14004061
1.82299995	-0.67159820	0.10125492
1.82399995	-0.86481917	0.10125492
1.82499995	-0.83633733	0.14004061
1.82599995	-0.60494584	0.19844981
1.82699995	-0.20241757	0.26814714
1.82799995	0.21739665	0.32935530
1.82899995	0.59267348	0.37296999
1.82999995	0.81326896	0.38173598
1.83099995	0.84473425	0.35448450
1.83199995	0.68267101	0.30191928
1.83299995	0.35343874	0.23163755
1.83399995	-0.06665231	0.16750738
1.83499995	-0.51645547	0.11906373
1.83599995	-0.80038142	0.10147022
1.83699995	-0.87906003	0.11721826
1.83799995	-0.74071109	0.16393946
1.83899995	-0.40289739	0.23480561
1.83999995	0.00224532	0.30201155
1.84099995	0.41501600	0.35593012
1.84199995	0.71432084	0.37921384
1.84299995	0.85414618	0.36832553
1.84399995	0.79100025	0.32747909
1.84499995	0.53620201	0.26264149
1.84599995	0.14843750	0.19540477
1.84699995	-0.31520671	0.13542692
1.84799995	-0.66907603	0.10645300
1.84899995	-0.86340427	0.11312746
1.84999995	-0.83350760	0.14520793
1.85099995	-0.58227730	0.19789617
1.85199995	-0.21146038	0.26187253
1.85299995	0.22554749	0.32732528
1.85399995	0.58310777	0.36847934
1.85499995	0.80640996	0.37998277
1.85599995	0.84184301	0.35362327
1.85699995	0.68513167	0.29306102
1.85799995	0.35636073	0.22582431
1.85899995	-0.09458046	0.16160187
1.85999995	-0.49806225	0.11798720
1.86099995	-0.79709029	0.10162401
1.86199995	-0.87856793	0.11906373
1.86299995	-0.73028421	0.16750738
1.86399995	-0.41753814	0.23179133
1.86499995	0.01522515	0.30265749
1.86599995	0.41701525	0.35214689
1.86699995	0.72751600	0.37275466
1.86799995	0.85848302	0.36395791
1.86899995	0.79010826	0.32701772
1.86999995	0.53435653	0.26888534
1.87099995	0.13065945	0.19863436
1.87199995	-0.29272267	0.14004061
1.87299995	-0.67470473	0.10125492
1.87399995	-0.86171257	0.10125492
1.87499995	-0.82717150	0.14004061
1.87599995	-0.59593379	0.19844981
1.87699995	-0.20007996	0.26814714
1.87799995	0.21662770	0.32950911
1.87899995	0.59251970	0.37370816
1.87999995	0.81342274	0.37942913
1.88099995	0.84550321	0.34547243
1.88199995	0.68036419	0.29290724
1.88299995	0.34445742	0.22933070
1.88399995	-0.07581816	0.16827632
1.88499995	-0.51953125	0.11921752
1.88599995	-0.79730558	0.10147022
1.88699995	-0.86989421	0.11721826
1.88799995	-0.73185283	0.16393946
1.88899995	-0.40135950	0.23480561
1.88999995	0.00381398	0.30201155
1.89099995	0.42384350	0.35593012
1.89199995	0.72333294	0.37921384
1.89299995	0.85648376	0.36832553
1.89399995	0.79023129	0.32747909
1.89499995	0.53604823	0.26264149
1.89599995	0.14828371	0.19555856
1.89699995	-0.31597564	0.13619587
1.89799995	-0.66661543	0.10414616
1.89899995	-0.85362327	0.10414616
1.89999995	-0.82683319	0.13619587
1.90099995	-0.58895177	0.19555856
1.90199995	-0.22139518	0.26264149
1.90299995	0.22231792	0.32747909
1.90399995	0.58633733	0.36847934
1.90499995	0.81634474	0.37998277
1.90599995	0.84851748	0.35362327
1.90699995	0.67845720	0.29306102
1.90799995	0.34648746	0.22582431
1.90899995	-0.09781004	0.16160187
1.90999995	-0.49483266	0.11798720
1.91099995	-0.78718626	0.10162401
1.91199995	-0.87192422	0.11906373
1.91299995	-0.73692793	0.16750738
1.91399995	-0.42728838	0.23179133
1.91499995	0.01276452	0.30265749
1.91599995	0.41793799	0.35214689
1.91699995	0.72843874	0.37275466
1.91799995	0.85599160	0.36411172
1.91899995	0.78032726	0.32778665
1.91999995	0.52768207	0.26642472
1.92099995	0.13733390	0.18888411
1.92199995	-0.28294167	0.13336614
1.92299995	-0.67221332	0.10796013
1.92399995	-0.86248153	0.11103593
1.92499995	-0.82732528	0.14250124
1.92599995	-0.59593379	0.19786540
1.92699995	-0.20007996	0.26873153
1.92799995	0.21662770	0.32717150
1.92899995	0.59251970	0.36472687
1.92999995	0.81326896	0.37057087
1.93099995	0.84473425	0.34393454
1.93199995	0.68267101	0.29152313
1.93299995	0.35343874	0.22124138
1.93399995	-0.06665231	0.15695743
1.93499995	-0.51645547	0.10789862
1.93599995	-0.80038142	0.09325787
1.93699995	-0.87906003	0.11506521
1.93799995	-0.74086493	0.16467765
1.93899995	-0.40366635	0.23495939
1.93999995	0.00458292	0.30201155
1.94099995	0.42402804	0.35593012
1.94199995	0.72333294	0.37921384
1.94299995	0.85648376	0.36832553
1.94399995	0.79038507	0.32747909
1.94499995	0.53681719	0.26264149
1.94599995	0.14597687	0.19555856
1.94699995	-0.32498771	0.13619587
1.94799995	-0.67578125	0.10396162
1.94899995	-0.85672981	0.10337722
1.94999995	-0.82375735	0.13853346
1.95099995	-0.57981670	0.20457062
1.95199995	-0.21238312	0.27165353
1.95299994	0.22462475	0.32978591
1.95399994	0.58541459	0.36771038
1.95499994	0.81542200	0.37982899
1.95599994	0.85085505	0.35362327
1.95699994	0.68743849	0.29306102
1.95799994	0.35543799	0.22582431
1.95899994	-0.09550320	0.16160187
1.95999994	-0.49575540	0.11798720
1.96099994	-0.78810900	0.10162401
1.96199994	-0.86961734	0.11906373
1.96299994	-0.72794658	0.16750738
1.96399994	-0.41830710	0.23179133
1.96499994	0.01507136	0.30265749
1.96599994	0.41701525	0.35214689
1.96699994	0.72751600	0.37275466
1.96799994	0.85848302	0.36395791
1.96899994	0.79010826	0.32701772
1.96999994	0.53435653	0.26873153
1.97099994	0.13065945	0.19786540
1.97199994	-0.29272267	0.14234744
1.97299994	-0.67470473	0.11026698
1.97399994	-0.86186635	0.11026698
1.97499994	-0.82794046	0.14234744
1.97599994	-0.59362698	0.19786540
1.97699994	-0.19109868	0.26873153
1.97799994	0.22563976	0.32701772
1.97899994	0.59482652	0.36395791
1.97999994	0.81265378	0.37275466
1.98099994	0.84534943	0.35214689
1.98199994	0.68036419	0.30265749
1.98299994	0.34445742	0.23179133
1.98399994	-0.07581816	0.16735359
1.98499994	-0.51953125	0.11829478
1.98599994	-0.79730558	0.10380782
1.98699994	-0.86989421	0.12619956
1.98799994	-0.73185283	0.17292076
1.98899994	-0.40135950	0.23711245
1.98999994	0.00381398	0.30124262
1.99099994	0.42384350	0.35577634
1.99199994	0.72333294	0.37921384
1.99299994	0.85648376	0.36832553
1.99399994	0.79023129	0.32747909
1.99499994	0.53604823	0.26264149
1.99599994	0.14828371	0.19555856
1.99699994	-0.31597564	0.13619587
1.99799994	-0.66661543	0.10414616
1.99899994	-0.85362327	0.10414616
1.99999994	-0.82683319	0.13619587
2.00099994	-0.58895177	0.19555856
2.00199994	-0.22139518	0.26279527
2.00299994	0.22231792	0.32821727
