Time	Channel A	Channel B
(us)	(V)	(V)

-0.00400000	0.34491879	0.25682825
-0.00300000	-0.10663755	0.18716167
-0.00200000	-0.50396776	0.13167445
-0.00100000	-0.79026204	0.09833292
0.00000000	-0.86900222	0.10420768
0.00100000	-0.72856176	0.14840674
0.00200000	-0.41600025	0.20976870
0.00300000	0.02408342	0.27946603
0.00400000	0.42618111	0.33772147
0.00500000	0.73062253	0.37589198
0.00600000	0.85553026	0.37881398
0.00700000	0.78171134	0.34608760
0.00800000	0.52303767	0.29075417
0.00900000	0.11937131	0.22108760
0.01000000	-0.30090427	0.15664986
0.01100000	-0.67685777	0.10636073
0.01200000	-0.86109746	0.09771776
0.01300000	-0.82778668	0.13228962
0.01400000	-0.59362698	0.18500862
0.01500000	-0.19109868	0.24858513
0.01600000	0.22579356	0.30948573
0.01700000	0.59559548	0.35792938
0.01800000	0.81034696	0.37859866
0.01900000	0.83633733	0.36894071
0.02000000	0.67135209	0.32514149
0.02100000	0.34211984	0.25362942
0.02200000	-0.07504921	0.18642348
0.02300000	-0.51937747	0.13312007
0.02400000	-0.79745942	0.10691437
0.02500000	-0.87066317	0.11174335
0.02600000	-0.72954601	0.14969857
0.02700000	-0.39237821	0.21512057
0.02800000	0.01279528	0.28235728
0.02900000	0.42618111	0.34171999
0.03000000	0.72271776	0.37361589
0.03100000	0.85709894	0.37303150
0.03200000	0.78807825	0.34402683
0.03300000	0.52783585	0.29133859
0.03400000	0.13699557	0.22428642
0.03500000	-0.32729453	0.15277436
0.03600000	-0.67501229	0.10882135
0.03700000	-0.85657603	0.09854823
0.03800000	-0.82391119	0.12198573
0.03900000	-0.58058560	0.17590427
0.04000000	-0.21007627	0.24295644
0.04100000	0.23360606	0.31323817
0.04200000	0.59454972	0.36285064
0.04300000	0.81849778	0.38465798
0.04400000	0.84777927	0.37001723
0.04500000	0.67830342	0.32095841
0.04600000	0.34648746	0.25682825
0.04700000	-0.09781004	0.18716167
0.04800000	-0.49498647	0.13167445
0.04900000	-0.78795522	0.09833292
0.05000000	-0.86977118	0.10420768
0.05100000	-0.72871554	0.14840674
0.05200000	-0.41600025	0.20976870
0.05300000	0.02408342	0.27946603
0.05400000	0.42618111	0.33772147
0.05500000	0.73062253	0.37589198
0.05600000	0.85553026	0.37881398
0.05700000	0.78171134	0.34608760
0.05800000	0.52303767	0.29060039
0.05900000	0.11937131	0.22031865
0.06000000	-0.30090427	0.15911049
0.06100000	-0.67685777	0.11611097
0.06200000	-0.86109746	0.10442298
0.06300000	-0.82778668	0.12561515
0.06400000	-0.59362698	0.17525837
0.06500000	-0.19109868	0.24612451
0.06600000	0.22579356	0.31040847
0.06700000	0.59559548	0.35885212
0.06800000	0.81034696	0.37629184
0.06900000	0.83633733	0.35992864
0.07000000	0.67135209	0.31616017
0.07100000	0.34211984	0.25132260
0.07200000	-0.07504921	0.18719243
0.07300000	-0.51937747	0.13327387
0.07400000	-0.79745942	0.10691437
0.07500000	-0.87066317	0.11174335
0.07600000	-0.72954601	0.14969857
0.07700000	-0.39237821	0.21512057
0.07800000	0.01294907	0.28235728
0.07900000	0.42695004	0.34171999
0.08000000	0.72041094	0.37376967
0.08100000	0.84811759	0.37376967
0.08200000	0.77909696	0.34171999
0.08300000	0.52552903	0.28235728
0.08400000	0.13776451	0.21512057
0.08500000	-0.32714075	0.14969857
0.08600000	-0.67501229	0.11189715
0.08700000	-0.85657603	0.10768332
0.08800000	-0.82391119	0.13096702
0.08900000	-0.58058560	0.17821112
0.09000000	-0.20992249	0.24234129
0.09100000	0.23437500	0.31382260
0.09200000	0.59221208	0.36054379
0.09300000	0.80948573	0.37567666
0.09400000	0.83892101	0.36118972
0.09500000	0.67676550	0.31938976
0.09600000	0.34491879	0.25525960
0.09700000	-0.10663755	0.17833415
0.09800000	-0.50412154	0.12266240
0.09900000	-0.79103100	0.09602609
0.10000000	-0.86651081	0.10494587
0.10100000	-0.71881151	0.14856052
0.10200000	-0.40914124	0.20976870
0.10300000	0.01817790	0.27946603
0.10400000	0.41409326	0.33772147
0.10500000	0.71911907	0.37589198
0.10600000	0.84731793	0.37881398
0.10700000	0.77952754	0.34608760
0.10800000	0.52380657	0.29060039
0.10900000	0.11952510	0.22031865
0.11000000	-0.30090427	0.15911049
0.11100000	-0.67685777	0.11611097
0.11200000	-0.86109746	0.10442298
0.11300000	-0.82778668	0.12561515
0.11400000	-0.59362698	0.17525837
0.11500000	-0.19109868	0.24612451
0.11600000	0.22563976	0.31040847
0.11700000	0.59482652	0.35885212
0.11800000	0.81280756	0.37629184
0.11900000	0.84611833	0.35992864
0.12000000	0.67805731	0.31631398
0.12100000	0.33547613	0.25209153
0.12200000	-0.08479946	0.18485482
0.12300000	-0.52186882	0.12429257
0.12400000	-0.79653668	0.09793307
0.12500000	-0.86974043	0.10943651
0.12600000	-0.73185283	0.15043676
0.12700000	-0.40135950	0.21527436
0.12800000	0.00396777	0.28235728
0.12900000	0.42461246	0.34171999
0.13000000	0.72117984	0.37376967
0.13100000	0.84827143	0.37376967
0.13200000	0.77909696	0.34171999
0.13300000	0.52552903	0.28235728
0.13400000	0.13776451	0.21527436
0.13500000	-0.32714075	0.15043676
0.13600000	-0.67501229	0.10959031
0.13700000	-0.85657603	0.09870202
0.13800000	-0.82391119	0.12198573
0.13900000	-0.58058560	0.17590427
0.14000000	-0.21007627	0.24311024
0.14100000	0.23360606	0.31397638
0.14200000	0.59470350	0.36054379
0.14300000	0.81926674	0.37567666
0.14400000	0.84559548	0.36103591
0.14500000	0.67009103	0.31862080
0.14600000	0.33516854	0.25759721
0.14700000	-0.10909818	0.18731545
0.14800000	-0.50319880	0.13167445
0.14900000	-0.79010826	0.09833292
0.15000000	-0.86900222	0.10420768
0.15100000	-0.72856176	0.14840674
0.15200000	-0.41600025	0.20976870
0.15300000	0.02408342	0.27946603
0.15400000	0.42618111	0.33772147
0.15500000	0.73062253	0.37589198
0.15600000	0.85553026	0.37881398
0.15700000	0.78171134	0.34608760
0.15800000	0.52303767	0.29060039
0.15900000	0.11937131	0.22031865
0.16000000	-0.30090427	0.15911049
0.16100000	-0.67685777	0.11611097
0.16200000	-0.86109746	0.10442298
0.16300000	-0.82778668	0.12561515
0.16400000	-0.59362698	0.17525837
0.16500000	-0.19109868	0.24612451
0.16600000	0.22579356	0.31040847
0.16700000	0.59559548	0.35885212
0.16800000	0.81034696	0.37629184
0.16900000	0.83633733	0.35992864
0.17000000	0.67150593	0.31616017
0.17100000	0.34288877	0.25132260
0.17200000	-0.07735606	0.18719243
0.17300000	-0.52835876	0.13327387
0.17400000	-0.80644071	0.10691437
0.17500000	-0.87300074	0.11174335
0.17600000	-0.72877705	0.14969857
0.17700000	-0.39222440	0.21512057
0.17800000	0.01294907	0.28235728
0.17900000	0.42695004	0.34171999
0.18000000	0.72041094	0.37376967
0.18100000	0.84811759	0.37376967
0.18200000	0.77909696	0.34171999
0.18300000	0.52552903	0.28235728
0.18400000	0.13776451	0.21527436
0.18499999	-0.32714075	0.15043676
0.18599999	-0.67516607	0.10959031
0.18699999	-0.85734499	0.09870202
0.18799999	-0.82160431	0.12213952
0.18899999	-0.57160431	0.17667323
0.18999999	-0.20109499	0.24064961
0.19099999	0.23591289	0.30422613
0.19199999	0.59378076	0.35386935
0.19299999	0.81834400	0.38235113
0.19399999	0.84793305	0.37078616
0.19499999	0.67907232	0.32111222
0.19599999	0.34433439	0.25667447
0.19699999	-0.10602239	0.18639271
0.19799999	-0.50642842	0.13398130
0.19899999	-0.80001229	0.10734498
0.19999999	-0.87564594	0.11318897
0.20099999	-0.72188729	0.15074433
0.20199999	-0.40621924	0.20903051
0.20299999	0.02654405	0.27928150
0.20399999	0.42541215	0.33772147
0.20499999	0.73043799	0.37589198
0.20599999	0.85553026	0.37881398
0.20699999	0.78171134	0.34608760
0.20799999	0.52319145	0.29060039
0.20899999	0.12010950	0.22031865
0.20999999	-0.30339566	0.15911049
0.21099999	-0.68657726	0.11611097
0.21199999	-0.86777192	0.10442298
0.21299999	-0.82114297	0.12561515
0.21399999	-0.58387673	0.17525837
0.21499999	-0.18860728	0.24612451
0.21599999	0.22502461	0.31040847
0.21699999	0.59544170	0.35885212
0.21799999	0.81050074	0.37629184
0.21899999	0.83710629	0.35992864
0.21999999	0.66904527	0.31616017
0.22099999	0.33316928	0.25132260
0.22199999	-0.08403051	0.18719243
0.22299999	-0.52171504	0.13327387
0.22399999	-0.79669046	0.10706816
0.22499999	-0.87050933	0.11251231
0.22599999	-0.72954601	0.14736098
0.22699999	-0.39237821	0.20610851
0.22799999	0.01279528	0.27334523
0.22899999	0.42618111	0.33938238
0.22999999	0.72287154	0.37453863
0.23099999	0.85783708	0.37395424
0.23199999	0.78574067	0.34171999
0.23299999	0.51885456	0.28235728
0.23399999	0.12801427	0.21527436
0.23499999	-0.32960138	0.15043676
0.23599999	-0.67424333	0.10959031
0.23699999	-0.85642225	0.09870202
0.23799999	-0.82375735	0.12198573
0.23899999	-0.57981670	0.17590427
0.23999999	-0.21238312	0.24311024
0.24099999	0.22462475	0.31397638
0.24199999	0.58556843	0.36054379
0.24299999	0.81616020	0.37567666
0.24399999	0.84867126	0.36118972
0.24499999	0.67922610	0.31938976
0.24599999	0.34418061	0.25510579
0.24699999	-0.10679134	0.17756520
0.24799999	-0.50396776	0.12500000
0.24899999	-0.79026204	0.10500738
0.24999999	-0.86900222	0.11395792
0.25099999	-0.72856176	0.15089813
0.25199999	-0.41600025	0.20903051
0.25299999	0.02408342	0.27928150
0.25399999	0.42633489	0.33772147
0.25499999	0.73136073	0.37589198
0.25599999	0.85306960	0.37881398
0.25699999	0.77196109	0.34608760
0.25799999	0.51639396	0.29060039
0.25899999	0.12601501	0.22031865
0.25999999	-0.29118478	0.15911049
0.26099999	-0.67439717	0.11611097
0.26199999	-0.86186635	0.10442298
0.26299999	-0.82794046	0.12561515
0.26399999	-0.59362698	0.17525837
0.26499999	-0.19109868	0.24612451
0.26599999	0.22579356	0.31040847
0.26699999	0.59559548	0.35885212
0.26799999	0.81034696	0.37629184
0.26899999	0.83633733	0.35992864
0.26999999	0.67135209	0.31616017
0.27099999	0.34211984	0.25132260
0.27199999	-0.07504921	0.18719243
0.27299999	-0.51937747	0.13327387
0.27399999	-0.79745942	0.10691437
0.27499999	-0.87066317	0.11174335
0.27599999	-0.72954601	0.14969857
0.27699999	-0.39237821	0.21512057
0.27799999	0.01294907	0.28235728
0.27899999	0.42695004	0.34171999
0.27999999	0.72041094	0.37376967
0.28099999	0.84811759	0.37376967
0.28199999	0.77909696	0.34171999
0.28299999	0.52552903	0.28235728
0.28399999	0.13776451	0.21527436
0.28499999	-0.32714075	0.15043676
0.28599999	-0.67516607	0.10959031
0.28699999	-0.85734499	0.09870202
0.28799999	-0.82145053	0.12198573
0.28899999	-0.57083535	0.17590427
0.28999999	-0.20324802	0.24311024
0.29099999	0.22770055	0.31397638
0.29199999	0.58249259	0.36054379
0.29299999	0.80702507	0.37567666
0.29399999	0.83968997	0.36103591
0.29499999	0.67691928	0.31862080
0.29599999	0.34491879	0.25759721
0.29699999	-0.10663755	0.18731545
0.29799999	-0.50412154	0.13167445
0.29899999	-0.79103100	0.09833292
0.29999999	-0.86669534	0.10405388
0.30099999	-0.71958047	0.14763780
0.30199999	-0.40683439	0.21210630
0.30299999	0.02715920	0.28841659
0.30399999	0.42307454	0.34670275
0.30499999	0.72145671	0.37819883
0.30599999	0.84654897	0.37804502
0.30699999	0.77937376	0.34593379
0.30799999	0.52396041	0.29060039
0.30899999	0.12026329	0.22031865
0.30999999	-0.30321112	0.15911049
0.31099999	-0.68580830	0.11611097
0.31199999	-0.87007874	0.10442298
0.31299999	-0.83009350	0.12561515
0.31399999	-0.59285802	0.17507382
0.31499999	-0.19094488	0.24535556
0.31599999	0.22579356	0.31271529
0.31699999	0.59559548	0.36786416
0.31799999	0.81034696	0.38527313
0.31899999	0.83633733	0.36226624
0.31999999	0.67150593	0.31539124
0.32099999	0.34288877	0.25116879
0.32199999	-0.07735606	0.18719243
0.32299999	-0.52835876	0.13327387
0.32399999	-0.80644071	0.10691437
0.32499999	-0.87300074	0.11174335
0.32599999	-0.72877705	0.14969857
0.32699999	-0.39222440	0.21512057
0.32799999	0.01294907	0.28235728
0.32899999	0.42695004	0.34171999
0.32999999	0.72041094	0.37376967
0.33099999	0.84811759	0.37376967
0.33199999	0.77909696	0.34156618
0.33299999	0.52552903	0.28158835
0.33399999	0.13776451	0.21758120
0.33499999	-0.32714075	0.15944882
0.33599999	-0.67501229	0.11860237
0.33699999	-0.85657603	0.10100885
0.33799999	-0.82391119	0.12121678
0.33899999	-0.58058560	0.17575049
0.33999999	-0.21007627	0.24311024
0.34099999	0.23360606	0.31397638
0.34199999	0.59470350	0.36054379
0.34299999	0.81926674	0.37567666
0.34399999	0.84559548	0.36103591
0.34499999	0.67009103	0.31862080
0.34599999	0.33516854	0.25759721
0.34699999	-0.10909818	0.18731545
0.34799999	-0.50319880	0.13167445
0.34899999	-0.79010826	0.09833292
0.34999999	-0.86900222	0.10420768
0.35099999	-0.72856176	0.14840674
0.35199999	-0.41600025	0.20976870
0.35299999	0.02408342	0.27946603
0.35399999	0.42618111	0.33772147
0.35499999	0.73062253	0.37589198
0.35599999	0.85537648	0.37896776
0.35699999	0.78094244	0.34685653
0.35799999	0.52537525	0.28826278
0.35899999	0.12832186	0.21133736
0.35999999	-0.29195374	0.15012918
0.36099999	-0.67455095	0.11380413
0.36199999	-0.86186635	0.10516117
0.36299999	-0.82794046	0.12576894
0.36399999	-0.59362698	0.17525837
0.36499999	-0.19109868	0.24612451
0.36599999	0.22579356	0.31040847
0.36699999	0.59559548	0.35885212
0.36799999	0.81034696	0.37629184
0.36899999	0.83633733	0.35992864
0.36999999	0.67135209	0.31631398
0.37099999	0.34211984	0.25209153
0.37199999	-0.07504921	0.18485482
0.37299999	-0.51937747	0.12429257
0.37399999	-0.79745942	0.09793307
0.37499999	-0.87066317	0.10943651
0.37599999	-0.72954601	0.15043676
0.37699999	-0.39237821	0.21527436
0.37799999	0.01294907	0.28235728
0.37899999	0.42695004	0.34171999
0.37999999	0.72041094	0.37376967
0.38099999	0.84811759	0.37376967
0.38199999	0.77909696	0.34171999
0.38299999	0.52552903	0.28235728
0.38399999	0.13776451	0.21527436
0.38499999	-0.32714075	0.15043676
0.38599999	-0.67516607	0.10959031
0.38699999	-0.85734499	0.09870202
0.38799999	-0.82160431	0.12198573
0.38899999	-0.57160431	0.17590427
0.38999999	-0.20094119	0.24295644
0.39099999	0.23668183	0.31323817
0.39199999	0.59147394	0.36285064
0.39299999	0.80933195	0.38465798
0.39399999	0.83892101	0.37001723
0.39499999	0.67676550	0.32095841
0.39599999	0.34491879	0.25667447
0.39699999	-0.10663755	0.18639271
0.39799999	-0.50412154	0.13398130
0.39899999	-0.79103100	0.10734498
0.39999999	-0.86669534	0.11318897
0.40099999	-0.71958047	0.15074433
0.40199999	-0.40698817	0.20903051
0.40299999	0.02639026	0.27928150
0.40399999	0.42541215	0.33772147
0.40499999	0.73043799	0.37589198
0.40599999	0.85553026	0.37896776
0.40699999	0.78171134	0.34685653
0.40799999	0.52303767	0.28841659
0.40899999	0.11937131	0.21210630
0.40999999	-0.30090427	0.14779158
0.41099999	-0.67685777	0.10479207
0.41199999	-0.86109746	0.09617987
0.41299999	-0.82778668	0.12343135
0.41399999	-0.59362698	0.17599656
0.41499999	-0.19109868	0.24627830
0.41599999	0.22579356	0.31025466
0.41699999	0.59559548	0.35808316
0.41799999	0.81050074	0.37859866
0.41899999	0.83710629	0.36894071
0.41999999	0.66904527	0.32514149
0.42099999	0.33316928	0.25362942
0.42199999	-0.08403051	0.18642348
0.42299999	-0.52171504	0.13312007
0.42399999	-0.79669046	0.10706816
0.42499999	-0.87050933	0.11251231
0.42599999	-0.72954601	0.14736098
0.42699999	-0.39237821	0.20610851
0.42799999	0.01294907	0.27334523
0.42899999	0.42695004	0.33938238
0.42999999	0.72041094	0.37453863
0.43099999	0.84811759	0.37395424
0.43199999	0.77909696	0.34171999
0.43299999	0.52552903	0.28235728
0.43399999	0.13776451	0.21527436
0.43499999	-0.32714075	0.15043676
0.43599999	-0.67501229	0.10959031
0.43699999	-0.85657603	0.09870202
0.43799999	-0.82391119	0.12198573
0.43899999	-0.58058560	0.17590427
0.43999999	-0.21007627	0.24295644
0.44099999	0.23360606	0.31323817
0.44199999	0.59454972	0.36285064
0.44299999	0.81849778	0.38465798
0.44399999	0.84793305	0.37001723
0.44499999	0.67907232	0.32095841
0.44599999	0.34418061	0.25667447
0.44699999	-0.10679134	0.18639271
0.44799999	-0.50396776	0.13398130
0.44899999	-0.79026204	0.10734498
0.44999999	-0.86900222	0.11318897
0.45099999	-0.72856176	0.15074433
0.45199999	-0.41581571	0.20903051
0.45299999	0.02485236	0.27928150
0.45399999	0.42384350	0.33772147
0.45499999	0.72161049	0.37589198
0.45599999	0.84654897	0.37881398
0.45699999	0.77937376	0.34608760
0.45799999	0.52396041	0.29060039
0.45899999	0.12026329	0.22031865
0.45999999	-0.30321112	0.15911049
0.46099999	-0.68580830	0.11611097
0.46199999	-0.87007874	0.10442298
0.46299999	-0.83009350	0.12561515
0.46399999	-0.59285802	0.17525837
0.46499999	-0.19094488	0.24612451
0.46599999	0.22579356	0.31040847
0.46699999	0.59559548	0.35885212
0.46799999	0.81034696	0.37629184
0.46899999	0.83633733	0.35992864
0.46999999	0.67135209	0.31631398
0.47099999	0.34211984	0.25209153
0.47199999	-0.07504921	0.18485482
0.47299999	-0.51937747	0.12429257
0.47399999	-0.79745942	0.09793307
0.47499999	-0.87066317	0.10943651
0.47599999	-0.72954601	0.15043676
0.47699999	-0.39237821	0.21527436
0.47799999	0.01294907	0.28235728
0.47899999	0.42695004	0.34171999
0.47999999	0.72041094	0.37361589
0.48099999	0.84811759	0.37303150
0.48199999	0.77909696	0.34402683
0.48299999	0.52552903	0.29133859
0.48399999	0.13776451	0.22413263
0.48499999	-0.32714075	0.15200542
0.48599999	-0.67516607	0.11112820
0.48699999	-0.85734499	0.10752953
0.48799999	-0.82160431	0.13096702
0.48899999	-0.57160431	0.17821112
0.48999999	-0.20094119	0.24234129
0.49099999	0.23668183	0.31382260
0.49199999	0.59147394	0.36054379
0.49299999	0.80933195	0.37567666
0.49399999	0.83892101	0.36103591
0.49499999	0.67676550	0.31862080
0.49599999	0.34491879	0.25744340
0.49699999	-0.10663755	0.18654650
0.49799999	-0.50412154	0.13398130
0.49899999	-0.79103100	0.10734498
0.49999999	-0.86669534	0.11318897
0.50099999	-0.71958047	0.15074433
0.50199999	-0.40698817	0.20903051
0.50299999	0.02639026	0.27928150
0.50399999	0.42541215	0.33772147
0.50499999	0.73043799	0.37589198
0.50599999	0.85553026	0.37881398
0.50699999	0.78171134	0.34608760
0.50799999	0.52303767	0.29060039
0.50899999	0.11937131	0.22031865
0.50999999	-0.30105808	0.15911049
0.51099999	-0.67762673	0.11611097
0.51199999	-0.85879058	0.10442298
0.51299999	-0.81883609	0.12561515
0.51399999	-0.58464569	0.17525837
0.51499999	-0.18876107	0.24612451
0.51599999	0.22487082	0.31040847
0.51699999	0.59467274	0.35885212
0.51799999	0.81280756	0.37629184
0.51899999	0.84611833	0.35992864
0.51999999	0.67805731	0.31631398
0.52099999	0.33547613	0.25209153
0.52199999	-0.08479946	0.18485482
0.52299999	-0.52186882	0.12429257
0.52399999	-0.79669046	0.09793307
0.52499999	-0.87050933	0.10943651
0.52599999	-0.72954601	0.15043676
0.52699999	-0.39237821	0.21527436
0.52799999	0.01294907	0.28235728
0.52899999	0.42695004	0.34171999
0.52999999	0.72041094	0.37376967
0.53099999	0.84811759	0.37376967
0.53199999	0.77909696	0.34171999
0.53299999	0.52552903	0.28235728
0.53399999	0.13776451	0.21512057
0.53499999	-0.32714075	0.14969857
0.53599999	-0.67501229	0.11189715
0.53699999	-0.85657603	0.10768332
0.53799999	-0.82391119	0.13096702
0.53899998	-0.58058560	0.17821112
0.53999998	-0.20992249	0.24234129
0.54099998	0.23437500	0.31382260
0.54199998	0.59221208	0.36054379
0.54299998	0.80948573	0.37567666
0.54399998	0.83892101	0.36103591
0.54499998	0.67676550	0.31862080
0.54599998	0.34491879	0.25759721
0.54699998	-0.10663755	0.18731545
0.54799998	-0.50396776	0.13167445
0.54899998	-0.79026204	0.09833292
0.54999998	-0.86900222	0.10420768
0.55099998	-0.72856176	0.14840674
0.55199998	-0.41600025	0.20976870
0.55299998	0.02408342	0.27946603
0.55399998	0.42618111	0.33772147
0.55499998	0.73062253	0.37589198
0.55599998	0.85537648	0.37881398
0.55699998	0.78094244	0.34608760
0.55799998	0.52552903	0.29060039
0.55899998	0.12909080	0.22031865
0.55999998	-0.29441437	0.15911049
0.56099998	-0.68427044	0.11611097
0.56199998	-0.86854082	0.10442298
0.56299998	-0.82129675	0.12561515
0.56399998	-0.58387673	0.17525837
0.56499998	-0.18860728	0.24612451
0.56599998	0.22502461	0.31040847
0.56699998	0.59544170	0.35885212
0.56799998	0.81034696	0.37629184
0.56899998	0.83633733	0.35992864
0.56999998	0.67135209	0.31616017
0.57099998	0.34211984	0.25132260
0.57199998	-0.07504921	0.18719243
0.57299998	-0.51937747	0.13327387
0.57399998	-0.79745942	0.10691437
0.57499998	-0.87066317	0.11174335
0.57599998	-0.72954601	0.14969857
0.57699998	-0.39237821	0.21512057
0.57799998	0.01294907	0.28235728
0.57899998	0.42695004	0.34171999
0.57999998	0.72041094	0.37376967
0.58099998	0.84811759	0.37376967
0.58199998	0.77909696	0.34156618
0.58299998	0.52552903	0.28158835
0.58399998	0.13776451	0.21758120
0.58499998	-0.32714075	0.15944882
0.58599998	-0.67501229	0.11860237
0.58699998	-0.85657603	0.10100885
0.58799998	-0.82391119	0.12137057
0.58899998	-0.58058560	0.17651944
0.58999998	-0.20992249	0.24080339
0.59099998	0.23437500	0.30499509
0.59199998	0.59221208	0.35153174
0.59299998	0.80948573	0.37333909
0.59399998	0.83892101	0.36180487
0.59499998	0.67676550	0.31880537
0.59599998	0.34491879	0.25759721
0.59699998	-0.10663755	0.18731545
0.59799998	-0.50396776	0.13167445
0.59899998	-0.79026204	0.09833292
0.59999998	-0.86900222	0.10420768
0.60099998	-0.72856176	0.14840674
0.60199998	-0.41600025	0.20976870
0.60299998	0.02408342	0.27946603
0.60399998	0.42618111	0.33772147
0.60499998	0.73062253	0.37589198
0.60599998	0.85553026	0.37881398
0.60699998	0.78171134	0.34608760
0.60799998	0.52303767	0.29060039
0.60899998	0.11937131	0.22031865
0.60999998	-0.30105808	0.15911049
0.61099998	-0.67762673	0.11611097
0.61199998	-0.85879058	0.10442298
0.61299998	-0.81883609	0.12561515
0.61399998	-0.58464569	0.17525837
0.61499998	-0.18876107	0.24612451
0.61599998	0.22502461	0.31040847
0.61699998	0.59544170	0.35885212
0.61799998	0.81034696	0.37629184
0.61899998	0.83633733	0.35992864
0.61999998	0.67135209	0.31616017
0.62099998	0.34211984	0.25132260
0.62199998	-0.07504921	0.18719243
0.62299998	-0.51937747	0.13327387
0.62399998	-0.79745942	0.10691437
0.62499998	-0.87066317	0.11174335
0.62599998	-0.72954601	0.14969857
0.62699998	-0.39237821	0.21512057
0.62799998	0.01294907	0.28235728
0.62899998	0.42695004	0.34171999
0.62999998	0.72041094	0.37361589
0.63099998	0.84811759	0.37303150
0.63199998	0.77909696	0.34402683
0.63299998	0.52552903	0.29133859
0.63399998	0.13776451	0.22428642
0.63499998	-0.32714075	0.15277436
0.63599998	-0.67516607	0.10882135
0.63699998	-0.85734499	0.09854823
0.63799998	-0.82160431	0.12198573
0.63899998	-0.57160431	0.17590427
0.63999998	-0.20109499	0.24311024
0.64099998	0.23591289	0.31397638
0.64199998	0.59378076	0.36054379
0.64299998	0.81834400	0.37567666
0.64399998	0.84793305	0.36103591
0.64499998	0.67907232	0.31862080
0.64599998	0.34418061	0.25759721
0.64699998	-0.10679134	0.18731545
0.64799998	-0.50412154	0.13167445
0.64899998	-0.79103100	0.09833292
0.64999998	-0.86669534	0.10420768
0.65099998	-0.71958047	0.14840674
0.65199998	-0.40698817	0.20976870
0.65299998	0.02639026	0.27946603
0.65399998	0.42541215	0.33772147
0.65499998	0.73043799	0.37589198
0.65599998	0.85537648	0.37881398
0.65699998	0.78094244	0.34608760
0.65799998	0.52552903	0.29060039
0.65899998	0.12909080	0.22031865
0.65999998	-0.29426059	0.15911049
0.66099998	-0.68350148	0.11611097
0.66199998	-0.87084770	0.10442298
0.66299998	-0.83024728	0.12561515
0.66399998	-0.59285802	0.17507382
0.66499998	-0.19094488	0.24535556
0.66599998	0.22579356	0.31256151
0.66699998	0.59559548	0.36709523
0.66799998	0.81050074	0.38761073
0.66899998	0.83710629	0.37124753
0.66999998	0.66904527	0.32437253
0.67099998	0.33316928	0.25347564
0.67199998	-0.08403051	0.18642348
0.67299998	-0.52171504	0.13312007
0.67399998	-0.79669046	0.10691437
0.67499998	-0.87050933	0.11174335
0.67599998	-0.72954601	0.14985237
0.67699998	-0.39237821	0.21588951
0.67799998	0.01294907	0.28001967
0.67899998	0.42695004	0.33270791
0.67999998	0.72041094	0.36478838
0.68099998	0.84811759	0.37146285
0.68199998	0.77909696	0.34233513
0.68299998	0.52552903	0.28174213
0.68399998	0.13776451	0.21758120
0.68499998	-0.32714075	0.15944882
0.68599998	-0.67516607	0.11860237
0.68699998	-0.85734499	0.10100885
0.68799998	-0.82160431	0.12121678
0.68899998	-0.57160431	0.17575049
0.68999998	-0.20094119	0.24311024
0.69099998	0.23668183	0.31397638
0.69199998	0.59147394	0.36054379
0.69299998	0.80933195	0.37567666
0.69399998	0.83892101	0.36103591
0.69499998	0.67676550	0.31862080
0.69599998	0.34507260	0.25759721
0.69699998	-0.10586860	0.18731545
0.69799998	-0.50642842	0.13167445
0.69899998	-0.80001229	0.09833292
0.69999998	-0.87549210	0.10420768
0.70099998	-0.72111833	0.14840674
0.70199998	-0.40855685	0.20976870
0.70299998	0.01756275	0.27946603
0.70399998	0.41640010	0.33772147
0.70499998	0.72813118	0.37589198
0.70599998	0.85629922	0.37881398
0.70699998	0.78186518	0.34608760
0.70799998	0.52303767	0.29060039
0.70899998	0.11937131	0.22031865
0.70999998	-0.30090427	0.15911049
0.71099998	-0.67685777	0.11611097
0.71199998	-0.86125124	0.10442298
0.71299998	-0.82855558	0.12561515
0.71399998	-0.59132010	0.17507382
0.71499998	-0.18211737	0.24535556
0.71599998	0.23459031	0.31271529
0.71699998	0.59713334	0.36786416
0.71799998	0.81206942	0.38527313
0.71899998	0.84596455	0.36226624
0.71999998	0.67805731	0.31539124
0.72099998	0.33547613	0.25116879
0.72199998	-0.08495325	0.18719243
0.72299998	-0.52263778	0.13327387
0.72399998	-0.79438359	0.10691437
0.72499998	-0.86155879	0.11174335
0.72599998	-0.72056472	0.14969857
0.72699998	-0.39007136	0.21512057
0.72799998	0.01218012	0.28235728
0.72899998	0.42679626	0.34171999
0.72999998	0.72041094	0.37376967
0.73099998	0.84811759	0.37376967
0.73199998	0.77909696	0.34156618
0.73299998	0.52552903	0.28158835
0.73399998	0.13776451	0.21758120
0.73499998	-0.32714075	0.15944882
0.73599998	-0.67501229	0.11860237
0.73699998	-0.85657603	0.10100885
0.73799998	-0.82391119	0.12121678
0.73899998	-0.58058560	0.17575049
0.73999998	-0.21007627	0.24295644
0.74099998	0.23360606	0.31323817
0.74199998	0.59454972	0.36285064
0.74299998	0.81849778	0.38465798
0.74399998	0.84793305	0.37001723
0.74499998	0.67907232	0.32095841
0.74599998	0.34418061	0.25667447
0.74699998	-0.10679134	0.18639271
0.74799998	-0.50396776	0.13398130
0.74899998	-0.79026204	0.10734498
0.74999998	-0.86900222	0.11318897
0.75099998	-0.72856176	0.15074433
0.75199998	-0.41600025	0.20903051
0.75299998	0.02408342	0.27928150
0.75399998	0.42633489	0.33772147
0.75499998	0.73136073	0.37589198
0.75599998	0.85322344	0.37881398
0.75699998	0.77273005	0.34608760
0.75799998	0.51424092	0.29060039
0.75899998	0.11780266	0.22031865
0.75999998	-0.30247292	0.15911049
0.76099998	-0.68565452	0.11611097
0.76199998	-0.87007874	0.10442298
0.76299998	-0.83009350	0.12561515
0.76399998	-0.59285802	0.17525837
0.76499998	-0.19094488	0.24612451
0.76599998	0.22579356	0.31040847
0.76699998	0.59559548	0.35885212
0.76799998	0.81034696	0.37629184
0.76899998	0.83633733	0.35992864
0.76999998	0.67135209	0.31631398
0.77099998	0.34211984	0.25209153
0.77199998	-0.07504921	0.18485482
0.77299998	-0.51937747	0.12429257
0.77399998	-0.79745942	0.09808686
0.77499998	-0.87066317	0.11020546
0.77599998	-0.72954601	0.14812993
0.77699998	-0.39237821	0.20626231
0.77799998	0.01294907	0.27334523
0.77899998	0.42695004	0.33938238
0.77999998	0.72041094	0.37453863
0.78099998	0.84811759	0.37395424
0.78199998	0.77925074	0.34156618
0.78299998	0.52629799	0.28158835
0.78399998	0.13545768	0.21758120
0.78499998	-0.33615279	0.15944882
0.78599998	-0.68414742	0.11860237
0.78699998	-0.85965180	0.10100885
0.78799998	-0.82083535	0.12121678
0.78899998	-0.57145053	0.17575049
0.78999998	-0.20109499	0.24311024
0.79099998	0.23591289	0.31397638
0.79199998	0.59378076	0.36054379
0.79299998	0.81834400	0.37567666
0.79399998	0.84793305	0.36103591
0.79499998	0.67907232	0.31862080
0.79599998	0.34433439	0.25759721
0.79699998	-0.10602239	0.18731545
0.79799998	-0.50642842	0.13167445
0.79899998	-0.80001229	0.09833292
0.79999998	-0.87564594	0.10420768
0.80099998	-0.72188729	0.14840674
0.80199998	-0.40621924	0.20976870
0.80299998	0.02654405	0.27946603
0.80399998	0.42541215	0.33772147
0.80499998	0.73043799	0.37589198
0.80599998	0.85553026	0.37881398
0.80699998	0.78171134	0.34608760
0.80799998	0.52319145	0.29060039
0.80899998	0.12010950	0.22031865
0.80999998	-0.30321112	0.15911049
0.81099998	-0.68580830	0.11611097
0.81199998	-0.87007874	0.10442298
0.81299998	-0.83009350	0.12561515
0.81399998	-0.59285802	0.17525837
0.81499998	-0.19094488	0.24612451
0.81599998	0.22579356	0.31040847
0.81699998	0.59559548	0.35885212
0.81799998	0.81050074	0.37629184
0.81899998	0.83710629	0.35992864
0.81999998	0.66904527	0.31616017
0.82099998	0.33316928	0.25132260
0.82199998	-0.08403051	0.18719243
0.82299998	-0.52171504	0.13327387
0.82399998	-0.79669046	0.10691437
0.82499998	-0.87050933	0.11174335
0.82599998	-0.72954601	0.14969857
0.82699998	-0.39237821	0.21512057
0.82799998	0.01294907	0.28235728
0.82899998	0.42695004	0.34171999
0.82999998	0.72041094	0.37376967
0.83099998	0.84811759	0.37376967
0.83199998	0.77909696	0.34171999
0.83299998	0.52552903	0.28235728
0.83399998	0.13776451	0.21527436
0.83499998	-0.32714075	0.15043676
0.83599998	-0.67501229	0.10959031
0.83699998	-0.85657603	0.09870202
0.83799998	-0.82391119	0.12198573
0.83899998	-0.58058560	0.17590427
0.83999998	-0.21007627	0.24295644
0.84099998	0.23360606	0.31323817
0.84199998	0.59454972	0.36285064
0.84299998	0.81849778	0.38465798
0.84399998	0.84793305	0.37001723
0.84499998	0.67907232	0.32095841
0.84599998	0.34418061	0.25682825
0.84699998	-0.10679134	0.18716167
0.84799998	-0.50412154	0.13167445
0.84899998	-0.79103100	0.09833292
0.84999998	-0.86669534	0.10420768
0.85099998	-0.71958047	0.14840674
0.85199998	-0.40698817	0.20976870
0.85299998	0.02639026	0.27946603
0.85399998	0.42541215	0.33772147
0.85499998	0.73043799	0.37589198
0.85599998	0.85553026	0.37881398
0.85699998	0.78171134	0.34608760
0.85799998	0.52303767	0.29060039
0.85899998	0.11937131	0.22031865
0.85999998	-0.30090427	0.15911049
0.86099998	-0.67685777	0.11611097
0.86199998	-0.86109746	0.10442298
0.86299998	-0.82778668	0.12561515
0.86399998	-0.59362698	0.17525837
0.86499998	-0.19109868	0.24612451
0.86599998	0.22579356	0.31040847
0.86699998	0.59559548	0.35885212
0.86799998	0.81050074	0.37629184
0.86899998	0.83710629	0.35992864
0.86999998	0.66919905	0.31616017
0.87099998	0.33393824	0.25132260
0.87199998	-0.08633735	0.18719243
0.87299998	-0.53066558	0.13327387
0.87399998	-0.80567175	0.10706816
0.87499998	-0.87281621	0.11251231
0.87599998	-0.72877705	0.14736098
0.87699998	-0.39222440	0.20610851
0.87799998	0.01294907	0.27334523
0.87899998	0.42695004	0.33938238
0.87999998	0.72041094	0.37453863
0.88099998	0.84811759	0.37395424
0.88199998	0.77909696	0.34171999
0.88299998	0.52552903	0.28235728
0.88399998	0.13776451	0.21527436
0.88499998	-0.32714075	0.15043676
0.88599998	-0.67501229	0.10959031
0.88699998	-0.85657603	0.09870202
0.88799998	-0.82391119	0.12198573
0.88899998	-0.58058560	0.17590427
0.88999998	-0.20992249	0.24295644
0.89099998	0.23437500	0.31323817
0.89199997	0.59221208	0.36285064
0.89299997	0.80948573	0.38465798
0.89399997	0.83892101	0.37001723
0.89499997	0.67676550	0.32095841
0.89599997	0.34491879	0.25682825
0.89699997	-0.10663755	0.18716167
0.89799997	-0.50412154	0.13167445
0.89899997	-0.79103100	0.09833292
0.89999997	-0.86651081	0.10420768
0.90099997	-0.71881151	0.14840674
0.90199997	-0.40929502	0.20976870
0.90299997	0.01740896	0.27946603
0.90399997	0.41640010	0.33772147
0.90499997	0.72813118	0.37589198
0.90599997	0.85629922	0.37896776
0.90699997	0.78186518	0.34685653
0.90799997	0.52319145	0.28826278
0.90899997	0.12010950	0.21133736
0.90999997	-0.30339566	0.15012918
0.91099997	-0.68657726	0.11380413
0.91199997	-0.86777192	0.10516117
0.91299997	-0.82114297	0.12576894
0.91399997	-0.58387673	0.17525837
0.91499997	-0.18860728	0.24612451
0.91599997	0.22487082	0.31025466
0.91699997	0.59467274	0.35808316
0.91799997	0.81265378	0.37859866
0.91899997	0.84534943	0.36894071
0.91999997	0.68036419	0.32514149
0.92099997	0.34445742	0.25362942
0.92199997	-0.07581816	0.18642348
0.92299997	-0.51953125	0.13312007
0.92399997	-0.79745942	0.10706816
0.92499997	-0.87066317	0.11251231
0.92599997	-0.72954601	0.14736098
0.92699997	-0.39237821	0.20610851
0.92799997	0.01294907	0.27334523
0.92899997	0.42695004	0.33938238
0.92999997	0.72041094	0.37453863
0.93099997	0.84811759	0.37395424
0.93199997	0.77909696	0.34156618
0.93299997	0.52552903	0.28158835
0.93399997	0.13776451	0.21758120
0.93499997	-0.32714075	0.15944882
0.93599997	-0.67516607	0.11860237
0.93699997	-0.85734499	0.10100885
0.93799997	-0.82160431	0.12121678
0.93899997	-0.57160431	0.17575049
0.93999997	-0.20109499	0.24295644
0.94099997	0.23591289	0.31323817
0.94199997	0.59378076	0.36285064
0.94299997	0.81834400	0.38465798
0.94399997	0.84793305	0.37001723
0.94499997	0.67907232	0.32095841
0.94599997	0.34418061	0.25667447
0.94699997	-0.10679134	0.18639271
0.94799997	-0.50396776	0.13398130
0.94899997	-0.79026204	0.10734498
0.94999997	-0.86900222	0.11318897
0.95099997	-0.72856176	0.15074433
0.95199997	-0.41600025	0.20903051
0.95299997	0.02408342	0.27928150
0.95399997	0.42618111	0.33772147
0.95499997	0.73062253	0.37589198
0.95599997	0.85537648	0.37881398
0.95699997	0.78094244	0.34608760
0.95799997	0.52537525	0.29060039
0.95899997	0.12832186	0.22031865
0.95999997	-0.29195374	0.15911049
0.96099997	-0.67455095	0.11611097
0.96199997	-0.86186635	0.10442298
0.96299997	-0.82794046	0.12561515
0.96399997	-0.59362698	0.17525837
0.96499997	-0.19109868	0.24612451
0.96599997	0.22579356	0.31040847
0.96699997	0.59559548	0.35885212
0.96799997	0.81034696	0.37629184
0.96899997	0.83633733	0.35992864
0.96999997	0.67135209	0.31631398
0.97099997	0.34211984	0.25209153
0.97199997	-0.07504921	0.18485482
0.97299997	-0.51937747	0.12429257
0.97399997	-0.79745942	0.09793307
0.97499997	-0.87066317	0.10943651
0.97599997	-0.72954601	0.15043676
0.97699997	-0.39237821	0.21527436
0.97799997	0.01294907	0.28235728
0.97899997	0.42695004	0.34171999
0.97999997	0.72041094	0.37361589
0.98099997	0.84811759	0.37303150
0.98199997	0.77909696	0.34402683
0.98299997	0.52552903	0.29133859
0.98399997	0.13776451	0.22428642
0.98499997	-0.32714075	0.15277436
0.98599997	-0.67516607	0.10882135
0.98699997	-0.85734499	0.09854823
0.98799997	-0.82160431	0.12198573
0.98899997	-0.57160431	0.17590427
0.98999997	-0.20094119	0.24295644
0.99099997	0.23668183	0.31323817
0.99199997	0.59147394	0.36285064
0.99299997	0.80933195	0.38465798
0.99399997	0.83892101	0.37001723
0.99499997	0.67676550	0.32095841
0.99599997	0.34507260	0.25667447
0.99699997	-0.10586860	0.18639271
0.99799997	-0.50642842	0.13398130
0.99899997	-0.80001229	0.10734498
0.99999997	-0.87564594	0.11318897
1.00099997	-0.72188729	0.15074433
1.00199997	-0.40621924	0.20903051
1.00299997	0.02654405	0.27928150
1.00399997	0.42541215	0.33772147
1.00499997	0.73043799	0.37589198
1.00599997	0.85553026	0.37881398
1.00699997	0.78171134	0.34608760
1.00799997	0.52319145	0.29060039
1.00899997	0.12010950	0.22031865
1.00999997	-0.30321112	0.15911049
1.01099997	-0.68580830	0.11611097
1.01199997	-0.87007874	0.10442298
1.01299997	-0.83009350	0.12561515
1.01399997	-0.59285802	0.17525837
1.01499997	-0.19094488	0.24612451
1.01599997	0.22579356	0.31025466
1.01699997	0.59559548	0.35808316
1.01799997	0.81050074	0.37859866
1.01899997	0.83710629	0.36894071
1.01999997	0.66904527	0.32514149
1.02099997	0.33316928	0.25362942
1.02199997	-0.08403051	0.18642348
1.02299997	-0.52171504	0.13312007
1.02399997	-0.79669046	0.10691437
1.02499997	-0.87050933	0.11174335
1.02599997	-0.72954601	0.14969857
1.02699997	-0.39237821	0.21512057
1.02799997	0.01294907	0.28235728
1.02899997	0.42695004	0.34171999
1.02999997	0.72041094	0.37376967
1.03099997	0.84811759	0.37376967
1.03199997	0.77909696	0.34156618
1.03299997	0.52552903	0.28158835
1.03399997	0.13776451	0.21758120
1.03499997	-0.32714075	0.15944882
1.03599997	-0.67516607	0.11860237
1.03699997	-0.85734499	0.10100885
1.03799997	-0.82160431	0.12121678
1.03899997	-0.57160431	0.17575049
1.03999997	-0.20094119	0.24295644
1.04099997	0.23668183	0.31323817
1.04199997	0.59162772	0.36285064
1.04299997	0.81010085	0.38465798
1.04399997	0.83661419	0.37001723
1.04499997	0.66775346	0.32095841
1.04599997	0.33593750	0.25667447
1.04699997	-0.10894439	0.18639271
1.04799997	-0.50319880	0.13398130
1.04899997	-0.79010826	0.10734498
1.04999997	-0.86900222	0.11318897
1.05099997	-0.72856176	0.15074433
1.05199997	-0.41600025	0.20903051
1.05299997	0.02408342	0.27928150
1.05399997	0.42633489	0.33772147
1.05499997	0.73136073	0.37589198
1.05599997	0.85322344	0.37881398
1.05699997	0.77273005	0.34608760
1.05799997	0.51408708	0.29060039
1.05899997	0.11703371	0.22031865
1.05999997	-0.30013534	0.15911049
1.06099997	-0.67670399	0.11611097
1.06199997	-0.86109746	0.10442298
1.06299997	-0.82778668	0.12561515
1.06399997	-0.59362698	0.17525837
1.06499997	-0.19109868	0.24612451
1.06599997	0.22579356	0.31040847
1.06699997	0.59559548	0.35885212
1.06799997	0.81034696	0.37629184
1.06899997	0.83633733	0.35992864
1.06999997	0.67135209	0.31616017
1.07099997	0.34211984	0.25132260
1.07199997	-0.07504921	0.18719243
1.07299997	-0.51937747	0.13327387
1.07399997	-0.79761320	0.10691437
1.07499997	-0.87143207	0.11174335
1.07599997	-0.72723919	0.14969857
1.07699997	-0.38339689	0.21512057
1.07799997	0.02193036	0.28235728
1.07899997	0.42925689	0.34171999
1.07999997	0.71964198	0.37376967
1.08099997	0.84796381	0.37376967
1.08199997	0.77909696	0.34156618
1.08299997	0.52552903	0.28158835
1.08399997	0.13776451	0.21758120
1.08499997	-0.32714075	0.15944882
1.08599997	-0.67516607	0.11860237
1.08699997	-0.85734499	0.10100885
1.08799997	-0.82160431	0.12121678
1.08899997	-0.57160431	0.17575049
1.08999997	-0.20094119	0.24295644
1.09099997	0.23668183	0.31323817
1.09199997	0.59147394	0.36285064
1.09299997	0.80933195	0.38465798
1.09399997	0.83907479	0.37001723
1.09499997	0.67753446	0.32095841
1.09599997	0.34276575	0.25682825
1.09699997	-0.11488066	0.18716167
1.09799997	-0.51540971	0.13167445
1.09899997	-0.80231917	0.09833292
1.09999997	-0.87487698	0.10420768
1.10099997	-0.72173351	0.14840674
1.10199997	-0.40621924	0.20976870
1.10299997	0.02654405	0.27946603
1.10399997	0.42541215	0.33772147
1.10499997	0.73043799	0.37589198
1.10599997	0.85553026	0.37881398
1.10699997	0.78171134	0.34608760
1.10799997	0.52303767	0.29060039
1.10899997	0.11937131	0.22031865
1.10999997	-0.30090427	0.15911049
1.11099997	-0.67685777	0.11611097
1.11199997	-0.86109746	0.10442298
1.11299997	-0.82778668	0.12561515
1.11399997	-0.59362698	0.17525837
1.11499997	-0.19109868	0.24612451
1.11599997	0.22579356	0.31040847
1.11699997	0.59559548	0.35885212
1.11799997	0.81050074	0.37629184
1.11899997	0.83710629	0.35992864
1.11999997	0.66919905	0.31616017
1.12099997	0.33393824	0.25132260
1.12199997	-0.08633735	0.18719243
1.12299997	-0.53066558	0.13327387
1.12399997	-0.80567175	0.10706816
1.12499997	-0.87281621	0.11251231
1.12599997	-0.72877705	0.14736098
1.12699997	-0.39222440	0.20610851
1.12799997	0.01294907	0.27334523
1.12899997	0.42695004	0.33938238
1.12999997	0.72041094	0.37453863
1.13099997	0.84811759	0.37395424
1.13199997	0.77909696	0.34171999
1.13299997	0.52552903	0.28235728
1.13399997	0.13776451	0.21527436
1.13499997	-0.32714075	0.15043676
1.13599997	-0.67501229	0.10959031
1.13699997	-0.85657603	0.09870202
1.13799997	-0.82391119	0.12198573
1.13899997	-0.58058560	0.17590427
1.13999997	-0.21007627	0.24311024
1.14099997	0.23360606	0.31397638
1.14199997	0.59454972	0.36054379
1.14299997	0.81849778	0.37567666
1.14399997	0.84793305	0.36103591
1.14499997	0.67907232	0.31862080
1.14599997	0.34418061	0.25744340
1.14699997	-0.10679134	0.18654650
1.14799997	-0.50412154	0.13398130
1.14899997	-0.79103100	0.10734498
1.14999997	-0.86669534	0.11318897
1.15099997	-0.71958047	0.15074433
1.15199997	-0.40698817	0.20918430
1.15299997	0.02639026	0.28005046
1.15399997	0.42541215	0.33541462
1.15499997	0.73043799	0.36687991
1.15599997	0.85553026	0.36980191
1.15699997	0.78171134	0.34378076
1.15799997	0.52319145	0.29136935
1.15899997	0.12010950	0.22047244
1.15999997	-0.30339566	0.15911049
1.16099997	-0.68657726	0.11611097
1.16199997	-0.86777192	0.10442298
1.16299997	-0.82114297	0.12561515
1.16399997	-0.58387673	0.17525837
1.16499997	-0.18860728	0.24612451
1.16599997	0.22502461	0.31040847
1.16699997	0.59544170	0.35885212
1.16799997	0.81050074	0.37629184
1.16899997	0.83710629	0.35992864
1.16999997	0.66904527	0.31616017
1.17099997	0.33316928	0.25132260
1.17199997	-0.08403051	0.18719243
1.17299997	-0.52171504	0.13327387
1.17399997	-0.79684424	0.10706816
1.17499997	-0.87127829	0.11251231
1.17599997	-0.72723919	0.14736098
1.17699997	-0.38339689	0.20610851
1.17799997	0.02193036	0.27334523
1.17899997	0.42925689	0.33938238
1.17999997	0.71964198	0.37453863
1.18099997	0.84796381	0.37395424
1.18199997	0.77925074	0.34171999
1.18299997	0.52629799	0.28235728
1.18399997	0.13545768	0.21527436
1.18499997	-0.33615279	0.15043676
1.18599997	-0.68414742	0.10959031
1.18699997	-0.85965180	0.09870202
1.18799997	-0.82083535	0.12198573
1.18899997	-0.57145053	0.17590427
1.18999997	-0.20094119	0.24295644
1.19099997	0.23668183	0.31323817
1.19199997	0.59162772	0.36285064
1.19299997	0.81010085	0.38465798
1.19399997	0.83661419	0.37001723
1.19499997	0.66775346	0.32095841
1.19599997	0.33593750	0.25682825
1.19699997	-0.10894439	0.18716167
1.19799997	-0.50335258	0.13167445
1.19899997	-0.79087722	0.09833292
1.19999997	-0.86669534	0.10420768
1.20099997	-0.71958047	0.14840674
1.20199997	-0.40698817	0.20976870
1.20299997	0.02639026	0.27946603
1.20399997	0.42541215	0.33772147
1.20499997	0.73043799	0.37589198
1.20599997	0.85553026	0.37881398
1.20699997	0.78171134	0.34608760
1.20799997	0.52319145	0.29060039
1.20899997	0.12010950	0.22031865
1.20999997	-0.30321112	0.15911049
1.21099997	-0.68580830	0.11611097
1.21199997	-0.87007874	0.10442298
1.21299997	-0.83009350	0.12561515
1.21399997	-0.59301180	0.17525837
1.21499997	-0.19168307	0.24612451
1.21599997	0.22810039	0.31040847
1.21699997	0.60457677	0.35885212
1.21799997	0.81948203	0.37629184
1.21899997	0.83941317	0.35992864
1.21999997	0.66843009	0.31616017
1.22099997	0.33378446	0.25132260
1.22199997	-0.08633735	0.18719243
1.22299997	-0.53066558	0.13327387
1.22399997	-0.80567175	0.10691437
1.22499997	-0.87281621	0.11174335
1.22599997	-0.72877705	0.14969857
1.22699997	-0.39222440	0.21512057
1.22799997	0.01294907	0.28235728
1.22899997	0.42695004	0.34171999
1.22999997	0.72041094	0.37376967
1.23099997	0.84811759	0.37376967
1.23199997	0.77909696	0.34156618
1.23299997	0.52552903	0.28158835
1.23399997	0.13776451	0.21758120
1.23499997	-0.32714075	0.15944882
1.23599997	-0.67501229	0.11860237
1.23699997	-0.85657603	0.10100885
1.23799997	-0.82391119	0.12121678
1.23899997	-0.58058560	0.17575049
1.23999997	-0.21007627	0.24311024
1.24099997	0.23360606	0.31397638
1.24199997	0.59470350	0.36054379
1.24299997	0.81926674	0.37567666
1.24399997	0.84559548	0.36103591
1.24499997	0.67009103	0.31862080
1.24599996	0.33516854	0.25744340
1.24699996	-0.10909818	0.18654650
1.24799996	-0.50335258	0.13398130
1.24899996	-0.79087722	0.10734498
1.24999996	-0.86669534	0.11318897
1.25099996	-0.71958047	0.15074433
1.25199996	-0.40698817	0.20903051
1.25299996	0.02639026	0.27928150
1.25399996	0.42541215	0.33772147
1.25499996	0.73043799	0.37589198
1.25599996	0.85553026	0.37881398
1.25699996	0.78171134	0.34608760
1.25799996	0.52319145	0.29060039
1.25899996	0.12010950	0.22031865
1.25999996	-0.30321112	0.15911049
1.26099996	-0.68580830	0.11611097
1.26199996	-0.87007874	0.10442298
1.26299996	-0.83009350	0.12561515
1.26399996	-0.59285802	0.17525837
1.26499996	-0.19094488	0.24612451
1.26599996	0.22579356	0.31040847
1.26699996	0.59559548	0.35885212
1.26799996	0.81034696	0.37629184
1.26899996	0.83633733	0.35992864
1.26999996	0.67135209	0.31616017
1.27099996	0.34211984	0.25132260
1.27199996	-0.07504921	0.18719243
1.27299996	-0.51937747	0.13327387
1.27399996	-0.79745942	0.10691437
1.27499996	-0.87066317	0.11174335
1.27599996	-0.72954601	0.14969857
1.27699996	-0.39237821	0.21512057
1.27799996	0.01294907	0.28235728
1.27899996	0.42695004	0.34171999
1.27999996	0.72041094	0.37376967
1.28099996	0.84811759	0.37376967
1.28199996	0.77909696	0.34156618
1.28299996	0.52552903	0.28158835
1.28399996	0.13776451	0.21758120
1.28499996	-0.32714075	0.15944882
1.28599996	-0.67516607	0.11860237
1.28699996	-0.85734499	0.10100885
1.28799996	-0.82160431	0.12121678
1.28899996	-0.57160431	0.17575049
1.28999996	-0.20109499	0.24295644
1.29099996	0.23591289	0.31323817
1.29199996	0.59393454	0.36285064
1.29299996	0.81911296	0.38465798
1.29399996	0.84559548	0.37001723
1.29499996	0.67009103	0.32095841
1.29599996	0.33532235	0.25682825
1.29699996	-0.10835999	0.18716167
1.29799996	-0.50565946	0.13167445
1.29899996	-0.79985851	0.09833292
1.29999996	-0.87564594	0.10420768
1.30099996	-0.72188729	0.14840674
1.30199996	-0.40606546	0.20976870
1.30299996	0.02731299	0.27946603
1.30399996	0.42307454	0.33772147
1.30499996	0.72145671	0.37589198
1.30599996	0.84654897	0.37896776
1.30699996	0.77937376	0.34685653
1.30799996	0.52380657	0.28826278
1.30899996	0.11952510	0.21133736
1.30999996	-0.30090427	0.15012918
1.31099996	-0.67685777	0.11380413
1.31199996	-0.86109746	0.10516117
1.31299996	-0.82778668	0.12576894
1.31399996	-0.59362698	0.17525837
1.31499996	-0.19109868	0.24612451
1.31599996	0.22579356	0.31040847
1.31699996	0.59559548	0.35885212
1.31799996	0.81050074	0.37629184
1.31899996	0.83710629	0.35992864
1.31999996	0.66904527	0.31631398
1.32099996	0.33316928	0.25209153
1.32199996	-0.08403051	0.18485482
1.32299996	-0.52171504	0.12429257
1.32399996	-0.79669046	0.09793307
1.32499996	-0.87050933	0.10943651
1.32599996	-0.72954601	0.15043676
1.32699996	-0.39237821	0.21527436
1.32799996	0.01294907	0.28235728
1.32899996	0.42695004	0.34171999
1.32999996	0.72041094	0.37376967
1.33099996	0.84811759	0.37376967
1.33199996	0.77909696	0.34171999
1.33299996	0.52552903	0.28235728
1.33399996	0.13776451	0.21527436
1.33499996	-0.32714075	0.15043676
1.33599996	-0.67516607	0.10959031
1.33699996	-0.85734499	0.09870202
1.33799996	-0.82160431	0.12198573
1.33899996	-0.57160431	0.17590427
1.33999996	-0.20109499	0.24295644
1.34099996	0.23591289	0.31323817
1.34199996	0.59393454	0.36285064
1.34299996	0.81911296	0.38465798
1.34399996	0.84559548	0.37001723
1.34499996	0.67009103	0.32095841
1.34599996	0.33516854	0.25682825
1.34699996	-0.10909818	0.18716167
1.34799996	-0.50335258	0.13167445
1.34899996	-0.79087722	0.09833292
1.34999996	-0.86669534	0.10420768
1.35099996	-0.71958047	0.14840674
1.35199996	-0.40698817	0.20976870
1.35299996	0.02639026	0.27946603
1.35399996	0.42556596	0.33772147
1.35499996	0.73120695	0.37589198
1.35599996	0.85322344	0.37896776
1.35699996	0.77273005	0.34685653
1.35799996	0.51424092	0.28841659
1.35899996	0.11780266	0.21210630
1.35999996	-0.30247292	0.14779158
1.36099996	-0.68565452	0.10479207
1.36199996	-0.87007874	0.09617987
1.36299996	-0.83009350	0.12343135
1.36399996	-0.59285802	0.17599656
1.36499996	-0.19094488	0.24627830
1.36599996	0.22579356	0.31040847
1.36699996	0.59559548	0.35885212
1.36799996	0.81034696	0.37629184
1.36899996	0.83633733	0.35992864
1.36999996	0.67135209	0.31616017
1.37099996	0.34211984	0.25132260
1.37199996	-0.07504921	0.18719243
1.37299996	-0.51937747	0.13327387
1.37399996	-0.79745942	0.10691437
1.37499996	-0.87066317	0.11174335
1.37599996	-0.72954601	0.14969857
1.37699996	-0.39237821	0.21512057
1.37799996	0.01294907	0.28235728
1.37899996	0.42695004	0.34171999
1.37999996	0.72041094	0.37376967
1.38099996	0.84811759	0.37376967
1.38199996	0.77909696	0.34171999
1.38299996	0.52552903	0.28235728
1.38399996	0.13791831	0.21527436
1.38499996	-0.32637179	0.15043676
1.38599996	-0.67747295	0.10959031
1.38699996	-0.86632627	0.09870202
1.38799996	-0.83058560	0.12198573
1.38899996	-0.57391119	0.17590427
1.38999996	-0.20032603	0.24311024
1.39099996	0.23606668	0.31397638
1.39199996	0.59393454	0.36054379
1.39299996	0.81911296	0.37567666
1.39399996	0.84559548	0.36118972
1.39499996	0.67009103	0.31938976
1.39599996	0.33516854	0.25525960
1.39699996	-0.10909818	0.17833415
1.39799996	-0.50335258	0.12266240
1.39899996	-0.79087722	0.09602609
1.39999996	-0.86669534	0.10494587
1.40099996	-0.71958047	0.14856052
1.40199996	-0.40698817	0.20976870
1.40299996	0.02639026	0.27946603
1.40399996	0.42541215	0.33772147
1.40499996	0.73043799	0.37589198
1.40599996	0.85553026	0.37881398
1.40699996	0.78171134	0.34608760
1.40799996	0.52303767	0.29060039
1.40899996	0.11937131	0.22031865
1.40999996	-0.30105808	0.15911049
1.41099996	-0.67762673	0.11611097
1.41199996	-0.85879058	0.10442298
1.41299996	-0.81883609	0.12561515
1.41399996	-0.58464569	0.17525837
1.41499996	-0.18876107	0.24612451
1.41599996	0.22502461	0.31040847
1.41699996	0.59544170	0.35885212
1.41799996	0.81050074	0.37629184
1.41899996	0.83710629	0.35992864
1.41999996	0.66904527	0.31616017
1.42099996	0.33316928	0.25132260
1.42199996	-0.08403051	0.18734621
1.42299996	-0.52171504	0.13404281
1.42399996	-0.79669046	0.10457677
1.42499996	-0.87050933	0.10276206
1.42599996	-0.72954601	0.14068651
1.42699996	-0.39237821	0.21281374
1.42799996	0.01294907	0.28312624
1.42899996	0.42695004	0.34187376
1.42999996	0.72041094	0.37376967
1.43099996	0.84811759	0.37376967
1.43199996	0.77909696	0.34171999
1.43299996	0.52552903	0.28235728
1.43399996	0.13776451	0.21527436
1.43499996	-0.32714075	0.15043676
1.43599996	-0.67501229	0.10959031
1.43699996	-0.85657603	0.09870202
1.43799996	-0.82391119	0.12198573
1.43899996	-0.58058560	0.17590427
1.43999996	-0.21007627	0.24311024
1.44099996	0.23360606	0.31397638
1.44199996	0.59470350	0.36054379
1.44299996	0.81926674	0.37567666
1.44399996	0.84559548	0.36103591
1.44499996	0.67009103	0.31862080
1.44599996	0.33516854	0.25744340
1.44699996	-0.10909818	0.18654650
1.44799996	-0.50319880	0.13398130
1.44899996	-0.79010826	0.10734498
1.44999996	-0.86900222	0.11318897
1.45099996	-0.72856176	0.15074433
1.45199996	-0.41600025	0.20903051
1.45299996	0.02408342	0.27928150
1.45399996	0.42618111	0.33772147
1.45499996	0.73062253	0.37589198
1.45599996	0.85553026	0.37881398
1.45699996	0.78171134	0.34608760
1.45799996	0.52303767	0.29060039
1.45899996	0.11937131	0.22031865
1.45999996	-0.30105808	0.15911049
1.46099996	-0.67762673	0.11611097
1.46199996	-0.85894442	0.10442298
1.46299996	-0.81957430	0.12561515
1.46399996	-0.58233881	0.17525837
1.46499996	-0.17981052	0.24612451
1.46599996	0.23400590	0.31040847
1.46699996	0.59774852	0.35885212
1.46799996	0.80957800	0.37629184
1.46899996	0.83618355	0.35992864
1.46999996	0.67135209	0.31616017
1.47099996	0.34211984	0.25132260
1.47199996	-0.07504921	0.18719243
1.47299996	-0.51937747	0.13327387
1.47399996	-0.79745942	0.10691437
1.47499996	-0.87066317	0.11174335
1.47599996	-0.72954601	0.14969857
1.47699996	-0.39237821	0.21512057
1.47799996	0.01294907	0.28235728
1.47899996	0.42695004	0.34171999
1.47999996	0.72041094	0.37376967
1.48099996	0.84811759	0.37376967
1.48199996	0.77909696	0.34156618
1.48299996	0.52552903	0.28158835
1.48399996	0.13776451	0.21758120
1.48499996	-0.32714075	0.15944882
1.48599996	-0.67516607	0.11860237
1.48699996	-0.85734499	0.10100885
1.48799996	-0.82160431	0.12121678
1.48899996	-0.57160431	0.17575049
1.48999996	-0.20094119	0.24295644
1.49099996	0.23668183	0.31323817
1.49199996	0.59147394	0.36285064
1.49299996	0.80933195	0.38465798
1.49399996	0.83892101	0.37017101
1.49499996	0.67676550	0.32172737
1.49599996	0.34491879	0.25433686
1.49699996	-0.10663755	0.17741142
1.49799996	-0.50412154	0.12500000
1.49899996	-0.79103100	0.10500738
1.49999996	-0.86669534	0.11395792
1.50099996	-0.71958047	0.15089813
1.50199996	-0.40698817	0.20903051
1.50299996	0.02639026	0.27928150
1.50399996	0.42541215	0.33772147
1.50499996	0.73043799	0.37589198
1.50599996	0.85553026	0.37881398
1.50699996	0.78171134	0.34608760
1.50799996	0.52303767	0.29075417
1.50899996	0.11937131	0.22108760
1.50999996	-0.30090427	0.15680364
1.51099996	-0.67685777	0.10712968
1.51199996	-0.86109746	0.09541093
1.51299996	-0.82778668	0.12327756
1.51399996	-0.59362698	0.17584276
1.51499996	-0.19109868	0.24550936
1.51599996	0.22579356	0.31271529
1.51699996	0.59559548	0.36786416
1.51799996	0.81050074	0.38527313
1.51899996	0.83710629	0.36226624
1.51999996	0.66904527	0.31554502
1.52099996	0.33316928	0.25193775
1.52199996	-0.08403051	0.18485482
1.52299996	-0.52171504	0.12429257
1.52399996	-0.79669046	0.09793307
1.52499996	-0.87050933	0.10943651
1.52599996	-0.72954601	0.15043676
1.52699996	-0.39237821	0.21527436
1.52799996	0.01294907	0.28235728
1.52899996	0.42695004	0.34171999
1.52999996	0.72041094	0.37376967
1.53099996	0.84811759	0.37376967
1.53199996	0.77909696	0.34171999
1.53299996	0.52552903	0.28235728
1.53399996	0.13776451	0.21512057
1.53499996	-0.32714075	0.14969857
1.53599996	-0.67516607	0.11189715
1.53699996	-0.85734499	0.10768332
1.53799996	-0.82160431	0.13096702
1.53899996	-0.57160431	0.17821112
1.53999996	-0.20109499	0.24218750
1.54099996	0.23591289	0.31308439
1.54199996	0.59393454	0.36285064
1.54299996	0.81911296	0.38465798
1.54399996	0.84559548	0.37001723
1.54499996	0.67009103	0.32095841
1.54599996	0.33516854	0.25667447
1.54699996	-0.10909818	0.18639271
1.54799996	-0.50319880	0.13398130
1.54899996	-0.79010826	0.10734498
1.54999996	-0.86900222	0.11318897
1.55099996	-0.72856176	0.15074433
1.55199996	-0.41600025	0.20903051
1.55299996	0.02408342	0.27928150
1.55399996	0.42618111	0.33772147
1.55499996	0.73062253	0.37589198
1.55599996	0.85537648	0.37881398
1.55699996	0.78094244	0.34608760
1.55799996	0.52552903	0.29075417
1.55899996	0.12909080	0.22108760
1.55999996	-0.29441437	0.15680364
1.56099996	-0.68427044	0.10712968
1.56199996	-0.86854082	0.09541093
1.56299996	-0.82129675	0.12327756
1.56399996	-0.58387673	0.17599656
1.56499996	-0.18860728	0.24627830
1.56599996	0.22502461	0.31040847
1.56699996	0.59544170	0.35885212
1.56799996	0.81034696	0.37629184
1.56899996	0.83633733	0.35992864
1.56999996	0.67135209	0.31616017
1.57099996	0.34211984	0.25132260
1.57199996	-0.07504921	0.18719243
1.57299996	-0.51937747	0.13327387
1.57399996	-0.79745942	0.10691437
1.57499996	-0.87066317	0.11174335
1.57599996	-0.72954601	0.14969857
1.57699996	-0.39237821	0.21512057
1.57799996	0.01294907	0.28235728
1.57899996	0.42695004	0.34171999
1.57999996	0.72041094	0.37376967
1.58099996	0.84811759	0.37376967
1.58199996	0.77909696	0.34171999
1.58299996	0.52552903	0.28235728
1.58399996	0.13776451	0.21527436
1.58499996	-0.32714075	0.15043676
1.58599996	-0.67516607	0.10959031
1.58699996	-0.85734499	0.09870202
1.58799996	-0.82160431	0.12198573
1.58899996	-0.57160431	0.17590427
1.58999996	-0.20094119	0.24295644
1.59099996	0.23668183	0.31323817
1.59199996	0.59147394	0.36285064
1.59299996	0.80933195	0.38465798
1.59399996	0.83892101	0.37001723
1.59499996	0.67676550	0.32095841
1.59599996	0.34507260	0.25667447
1.59699996	-0.10586860	0.18639271
1.59799996	-0.50642842	0.13398130
1.59899995	-0.80001229	0.10734498
1.59999995	-0.87564594	0.11318897
1.60099995	-0.72188729	0.15074433
1.60199995	-0.40621924	0.20903051
1.60299995	0.02654405	0.27928150
1.60399995	0.42541215	0.33772147
1.60499995	0.73043799	0.37589198
1.60599995	0.85553026	0.37881398
1.60699995	0.78171134	0.34608760
1.60799995	0.52303767	0.29060039
1.60899995	0.11937131	0.22031865
1.60999995	-0.30105808	0.15911049
1.61099995	-0.67762673	0.11611097
1.61199995	-0.85879058	0.10442298
1.61299995	-0.81883609	0.12561515
1.61399995	-0.58464569	0.17525837
1.61499995	-0.18876107	0.24612451
1.61599995	0.22502461	0.31040847
1.61699995	0.59544170	0.35885212
1.61799995	0.81050074	0.37629184
1.61899995	0.83710629	0.35992864
1.61999995	0.66904527	0.31616017
1.62099995	0.33316928	0.25132260
1.62199995	-0.08403051	0.18719243
1.62299995	-0.52171504	0.13327387
1.62399995	-0.79669046	0.10691437
1.62499995	-0.87050933	0.11174335
1.62599995	-0.72954601	0.14969857
1.62699995	-0.39237821	0.21512057
1.62799995	0.01294907	0.28235728
1.62899995	0.42695004	0.34171999
1.62999995	0.72041094	0.37376967
1.63099995	0.84811759	0.37376967
1.63199995	0.77909696	0.34171999
1.63299995	0.52552903	0.28235728
1.63399995	0.13776451	0.21527436
1.63499995	-0.32714075	0.15043676
1.63599995	-0.67501229	0.10959031
1.63699995	-0.85657603	0.09870202
1.63799995	-0.82391119	0.12198573
1.63899995	-0.58058560	0.17590427
1.63999995	-0.21007627	0.24295644
1.64099995	0.23360606	0.31323817
1.64199995	0.59454972	0.36285064
1.64299995	0.81849778	0.38465798
1.64399995	0.84793305	0.37001723
1.64499995	0.67907232	0.32095841
1.64599995	0.34418061	0.25667447
1.64699995	-0.10679134	0.18639271
1.64799995	-0.50396776	0.13398130
1.64899995	-0.79026204	0.10734498
1.64999995	-0.86900222	0.11318897
1.65099995	-0.72856176	0.15074433
1.65199995	-0.41600025	0.20903051
1.65299995	0.02408342	0.27928150
1.65399995	0.42618111	0.33772147
1.65499995	0.73062253	0.37589198
1.65599995	0.85553026	0.37881398
1.65699995	0.78171134	0.34608760
1.65799995	0.52319145	0.29060039
1.65899995	0.12010950	0.22031865
1.65999995	-0.30321112	0.15911049
1.66099995	-0.68580830	0.11611097
1.66199995	-0.87007874	0.10442298
1.66299995	-0.83009350	0.12561515
1.66399995	-0.59285802	0.17525837
1.66499995	-0.19094488	0.24612451
1.66599995	0.22579356	0.31040847
1.66699995	0.59559548	0.35885212
1.66799995	0.81050074	0.37629184
1.66899995	0.83710629	0.35992864
1.66999995	0.66904527	0.31631398
1.67099995	0.33316928	0.25209153
1.67199995	-0.08403051	0.18485482
1.67299995	-0.52171504	0.12429257
1.67399995	-0.79669046	0.09793307
1.67499995	-0.87050933	0.10943651
1.67599995	-0.72954601	0.15043676
1.67699995	-0.39237821	0.21527436
1.67799995	0.01294907	0.28235728
1.67899995	0.42695004	0.34171999
1.67999995	0.72041094	0.37376967
1.68099995	0.84811759	0.37376967
1.68199995	0.77909696	0.34156618
1.68299995	0.52552903	0.28158835
1.68399995	0.13776451	0.21758120
1.68499995	-0.32714075	0.15944882
1.68599995	-0.67516607	0.11860237
1.68699995	-0.85734499	0.10100885
1.68799995	-0.82160431	0.12121678
1.68899995	-0.57160431	0.17575049
1.68999995	-0.20109499	0.24295644
1.69099995	0.23591289	0.31323817
1.69199995	0.59378076	0.36285064
1.69299995	0.81834400	0.38465798
1.69399995	0.84793305	0.37017101
1.69499995	0.67907232	0.32172737
1.69599995	0.34418061	0.25449064
1.69699995	-0.10679134	0.17818037
1.69799995	-0.50412154	0.12266240
1.69899995	-0.79103100	0.09602609
1.69999995	-0.86651081	0.10494587
1.70099995	-0.71881151	0.14856052
1.70199995	-0.40929502	0.20976870
1.70299995	0.01740896	0.27946603
1.70399995	0.41640010	0.33772147
1.70499995	0.72813118	0.37589198
1.70599995	0.85629922	0.37881398
1.70699995	0.78186518	0.34608760
1.70799995	0.52303767	0.29060039
1.70899995	0.11937131	0.22031865
1.70999995	-0.30090427	0.15911049
1.71099995	-0.67685777	0.11611097
1.71199995	-0.86109746	0.10442298
1.71299995	-0.82778668	0.12561515
1.71399995	-0.59362698	0.17525837
1.71499995	-0.19109868	0.24612451
1.71599995	0.22579356	0.31040847
1.71699995	0.59559548	0.35885212
1.71799995	0.81050074	0.37629184
1.71899995	0.83710629	0.35992864
1.71999995	0.66904527	0.31616017
1.72099995	0.33316928	0.25132260
1.72199995	-0.08403051	0.18719243
1.72299995	-0.52171504	0.13327387
1.72399995	-0.79669046	0.10691437
1.72499995	-0.87050933	0.11174335
1.72599995	-0.72954601	0.14969857
1.72699995	-0.39237821	0.21512057
1.72799995	0.01294907	0.28235728
1.72899995	0.42695004	0.34171999
1.72999995	0.72041094	0.37376967
1.73099995	0.84811759	0.37376967
1.73199995	0.77909696	0.34171999
1.73299995	0.52552903	0.28235728
1.73399995	0.13776451	0.21527436
1.73499995	-0.32714075	0.15043676
1.73599995	-0.67516607	0.10959031
1.73699995	-0.85734499	0.09870202
1.73799995	-0.82160431	0.12198573
1.73899995	-0.57160431	0.17590427
1.73999995	-0.20109499	0.24311024
1.74099995	0.23591289	0.31397638
1.74199995	0.59393454	0.36054379
1.74299995	0.81911296	0.37567666
1.74399995	0.84559548	0.36103591
1.74499995	0.67009103	0.31862080
1.74599995	0.33516854	0.25744340
1.74699995	-0.10909818	0.18654650
1.74799995	-0.50319880	0.13398130
1.74899995	-0.79010826	0.10734498
1.74999995	-0.86900222	0.11318897
1.75099995	-0.72856176	0.15074433
1.75199995	-0.41600025	0.20918430
1.75299995	0.02408342	0.28005046
1.75399995	0.42618111	0.33541462
1.75499995	0.73062253	0.36687991
1.75599995	0.85553026	0.36980191
1.75699995	0.78171134	0.34378076
1.75799995	0.52319145	0.29152313
1.75899995	0.12010950	0.22124138
1.75999995	-0.30321112	0.15680364
1.76099995	-0.68580830	0.10712968
1.76199995	-0.87007874	0.09541093
1.76299995	-0.83009350	0.12327756
1.76399995	-0.59285802	0.17599656
1.76499995	-0.19094488	0.24627830
1.76599995	0.22579356	0.31040847
1.76699995	0.59559548	0.35885212
1.76799995	0.81050074	0.37629184
1.76899995	0.83710629	0.35992864
1.76999995	0.66904527	0.31616017
1.77099995	0.33316928	0.25132260
1.77199995	-0.08403051	0.18719243
1.77299995	-0.52171504	0.13327387
1.77399995	-0.79669046	0.10706816
1.77499995	-0.87050933	0.11251231
1.77599995	-0.72954601	0.14736098
1.77699995	-0.39237821	0.20610851
1.77799995	0.01294907	0.27334523
1.77899995	0.42695004	0.33938238
1.77999995	0.72041094	0.37438485
1.78099995	0.84811759	0.37318528
1.78199995	0.77909696	0.34387302
1.78299995	0.52552903	0.29056963
1.78399995	0.13791831	0.22659326
1.78499995	-0.32637179	0.16175567
1.78599995	-0.67747295	0.11783341
1.78699995	-0.86632627	0.10085507
1.78799995	-0.83058560	0.12121678
1.78899995	-0.57391119	0.17575049
1.78999995	-0.20032603	0.24295644
1.79099995	0.23606668	0.31323817
1.79199995	0.59378076	0.36285064
1.79299995	0.81834400	0.38465798
1.79399995	0.84793305	0.37001723
1.79499995	0.67907232	0.32095841
1.79599995	0.34418061	0.25682825
1.79699995	-0.10679134	0.18716167
1.79799995	-0.50412154	0.13167445
1.79899995	-0.79103100	0.09833292
1.79999995	-0.86669534	0.10420768
1.80099995	-0.71958047	0.14840674
1.80199995	-0.40698817	0.20976870
1.80299995	0.02639026	0.27946603
1.80399995	0.42541215	0.33772147
1.80499995	0.73043799	0.37589198
1.80599995	0.85553026	0.37881398
1.80699995	0.78171134	0.34608760
1.80799995	0.52319145	0.29075417
1.80899995	0.12010950	0.22108760
1.80999995	-0.30339566	0.15680364
1.81099995	-0.68657726	0.10712968
1.81199995	-0.86777192	0.09541093
1.81299995	-0.82114297	0.12327756
1.81399995	-0.58387673	0.17599656
1.81499995	-0.18860728	0.24627830
1.81599995	0.22502461	0.31040847
1.81699995	0.59544170	0.35885212
1.81799995	0.81050074	0.37629184
1.81899995	0.83710629	0.35992864
1.81999995	0.66904527	0.31616017
1.82099995	0.33316928	0.25132260
1.82199995	-0.08403051	0.18719243
1.82299995	-0.52171504	0.13327387
1.82399995	-0.79669046	0.10706816
1.82499995	-0.87050933	0.11251231
1.82599995	-0.72969979	0.14736098
1.82699995	-0.39314714	0.20610851
1.82799995	0.01525591	0.27334523
1.82899995	0.43590060	0.33938238
1.82999995	0.72939223	0.37453863
1.83099995	0.85042447	0.37395424
1.83199995	0.77832800	0.34171999
1.83299995	0.52537525	0.28235728
1.83399995	0.13776451	0.21527436
1.83499995	-0.32714075	0.15043676
1.83599995	-0.67501229	0.10959031
1.83699995	-0.85657603	0.09870202
1.83799995	-0.82391119	0.12213952
1.83899995	-0.58058560	0.17667323
1.83999995	-0.21007627	0.24064961
1.84099995	0.23360606	0.30422613
1.84199995	0.59470350	0.35386935
1.84299995	0.81926674	0.38235113
1.84399995	0.84574926	0.37078616
1.84499995	0.67085999	0.32111222
1.84599995	0.33286172	0.25682825
1.84699995	-0.11811024	0.18716167
1.84799995	-0.51233393	0.13167445
1.84899995	-0.79321480	0.09833292
1.84999995	-0.86592644	0.10420768
1.85099995	-0.71942669	0.14840674
1.85199995	-0.40698817	0.20976870
1.85299995	0.02639026	0.27946603
1.85399995	0.42556596	0.33772147
1.85499995	0.73120695	0.37589198
1.85599995	0.85322344	0.37881398
1.85699995	0.77273005	0.34608760
1.85799995	0.51408708	0.29060039
1.85899995	0.11703371	0.22031865
1.85999995	-0.30013534	0.15911049
1.86099995	-0.67670399	0.11611097
1.86199995	-0.86109746	0.10442298
1.86299995	-0.82778668	0.12561515
1.86399995	-0.59362698	0.17525837
1.86499995	-0.19109868	0.24612451
1.86599995	0.22579356	0.31025466
1.86699995	0.59559548	0.35808316
1.86799995	0.81050074	0.37859866
1.86899995	0.83710629	0.36894071
1.86999995	0.66904527	0.32514149
1.87099995	0.33316928	0.25362942
1.87199995	-0.08403051	0.18642348
1.87299995	-0.52171504	0.13312007
1.87399995	-0.79669046	0.10706816
1.87499995	-0.87050933	0.11251231
1.87599995	-0.72954601	0.14751476
1.87699995	-0.39237821	0.20687746
1.87799995	0.01294907	0.27103838
1.87899995	0.42695004	0.33040109
1.87999995	0.72041094	0.36555734
1.88099995	0.84811759	0.37161663
1.88199995	0.77909696	0.34248891
1.88299995	0.52552903	0.28251109
1.88399995	0.13776451	0.21527436
1.88499995	-0.32714075	0.15043676
1.88599995	-0.67516607	0.10959031
1.88699995	-0.85734499	0.09870202
1.88799995	-0.82160431	0.12198573
1.88899995	-0.57160431	0.17590427
1.88999995	-0.20094119	0.24295644
1.89099995	0.23668183	0.31323817
1.89199995	0.59147394	0.36285064
1.89299995	0.80933195	0.38465798
1.89399995	0.83892101	0.37001723
1.89499995	0.67676550	0.32095841
1.89599995	0.34491879	0.25667447
1.89699995	-0.10663755	0.18639271
1.89799995	-0.50412154	0.13398130
1.89899995	-0.79103100	0.10734498
1.89999995	-0.86669534	0.11318897
1.90099995	-0.71958047	0.15074433
1.90199995	-0.40698817	0.20903051
1.90299995	0.02639026	0.27928150
1.90399995	0.42541215	0.33772147
1.90499995	0.73043799	0.37589198
1.90599995	0.85553026	0.37896776
1.90699995	0.78171134	0.34685653
1.90799995	0.52319145	0.28826278
1.90899995	0.12010950	0.21133736
1.90999995	-0.30321112	0.15012918
1.91099995	-0.68580830	0.11380413
1.91199995	-0.87007874	0.10516117
1.91299995	-0.83009350	0.12576894
1.91399995	-0.59285802	0.17525837
1.91499995	-0.19094488	0.24612451
1.91599995	0.22579356	0.31040847
1.91699995	0.59559548	0.35885212
1.91799995	0.81050074	0.37629184
1.91899995	0.83710629	0.35992864
1.91999995	0.66904527	0.31616017
1.92099995	0.33316928	0.25132260
1.92199995	-0.08403051	0.18719243
1.92299995	-0.52171504	0.13327387
1.92399995	-0.79669046	0.10691437
1.92499995	-0.87050933	0.11174335
1.92599995	-0.72954601	0.14969857
1.92699995	-0.39237821	0.21512057
1.92799995	0.01294907	0.28235728
1.92899995	0.42695004	0.34171999
1.92999995	0.72041094	0.37376967
1.93099995	0.84811759	0.37376967
1.93199995	0.77909696	0.34156618
1.93299995	0.52552903	0.28158835
1.93399995	0.13776451	0.21758120
1.93499995	-0.32714075	0.15944882
1.93599995	-0.67516607	0.11860237
1.93699995	-0.85734499	0.10100885
1.93799995	-0.82160431	0.12121678
1.93899995	-0.57160431	0.17575049
1.93999995	-0.20109499	0.24311024
1.94099995	0.23591289	0.31397638
1.94199995	0.59393454	0.36054379
1.94299995	0.81911296	0.37567666
1.94399995	0.84559548	0.36103591
1.94499995	0.67009103	0.31862080
1.94599995	0.33516854	0.25744340
1.94699995	-0.10909818	0.18654650
1.94799995	-0.50319880	0.13398130
1.94899995	-0.79010826	0.10734498
1.94999995	-0.86900222	0.11318897
1.95099995	-0.72856176	0.15074433
1.95199995	-0.41600025	0.20903051
1.95299994	0.02408342	0.27928150
1.95399994	0.42618111	0.33772147
1.95499994	0.73062253	0.37589198
1.95599994	0.85553026	0.37881398
1.95699994	0.78171134	0.34608760
1.95799994	0.52303767	0.29060039
1.95899994	0.11937131	0.22031865
1.95999994	-0.30090427	0.15911049
1.96099994	-0.67685777	0.11611097
1.96199994	-0.86125124	0.10442298
1.96299994	-0.82855558	0.12561515
1.96399994	-0.59132010	0.17525837
1.96499994	-0.18211737	0.24612451
1.96599994	0.23477486	0.31040847
1.96699994	0.59790230	0.35885212
1.96799994	0.80957800	0.37629184
1.96899994	0.83618355	0.35992864
1.96999994	0.67135209	0.31616017
1.97099994	0.34211984	0.25132260
1.97199994	-0.07504921	0.18719243
1.97299994	-0.51937747	0.13327387
1.97399994	-0.79745942	0.10691437
1.97499994	-0.87066317	0.11174335
1.97599994	-0.72954601	0.14969857
1.97699994	-0.39237821	0.21512057
1.97799994	0.01294907	0.28220350
1.97899994	0.42695004	0.34095103
1.97999994	0.72041094	0.37610728
1.98099994	0.84811759	0.38275099
1.98199994	0.77909696	0.35067052
1.98299994	0.52552903	0.28466412
1.98399994	0.13791831	0.21450542
1.98499994	-0.32637179	0.15028298
1.98599994	-0.67762673	0.10959031
1.98699994	-0.86709523	0.09870202
1.98799994	-0.82827878	0.12198573
1.98899994	-0.56492984	0.17590427
1.98999994	-0.19134474	0.24311024
1.99099994	0.23837352	0.31397638
1.99199994	0.59301180	0.36054379
1.99299994	0.81819022	0.37567666
1.99399994	0.84793305	0.36103591
1.99499994	0.67907232	0.31862080
1.99599994	0.34433439	0.25759721
1.99699994	-0.10602239	0.18731545
1.99799994	-0.50642842	0.13167445
1.99899994	-0.80001229	0.09833292
1.99999994	-0.87564594	0.10420768
2.00099994	-0.72188729	0.14840674
2.00199994	-0.40621924	0.20976870
2.00299994	0.02654405	0.27946603
