Time	Channel A	Channel B
(us)	(V)	(V)

-0.00400000	-0.56551427	0.33953616
-0.00300000	-0.81911296	0.27411416
-0.00200000	-0.85980558	0.20380168
-0.00100000	-0.68125618	0.13837968
0.00000000	-0.34525713	0.10337722
0.00100000	0.10027067	0.10396162
0.00200000	0.48757380	0.13619587
0.00300000	0.75870448	0.19555856
0.00400000	0.84867126	0.26264149
0.00500000	0.74335629	0.32747909
0.00600000	0.46158341	0.36832553
0.00700000	0.04699803	0.37921384
0.00800000	-0.36771038	0.35577634
0.00900000	-0.72305608	0.30124262
0.01000000	-0.87235481	0.23726624
0.01100000	-0.79487574	0.17368971
0.01200000	-0.52851254	0.12404650
0.01300000	-0.11023622	0.09556472
0.01400000	0.30358022	0.10712968
0.01500000	0.65157479	0.15680364
0.01600000	0.83446109	0.22108760
0.01700000	0.82357281	0.29075417
0.01800000	0.62358516	0.34608760
0.01900000	0.26651698	0.37881398
0.02000000	-0.15668061	0.37604576
0.02100000	-0.58467644	0.33849040
0.02200000	-0.83040106	0.27712846
0.02300000	-0.85943651	0.20078740
0.02400000	-0.68334770	0.13942544
0.02500000	-0.32557210	0.10187007
0.02600000	0.08544537	0.09894808
0.02700000	0.48914248	0.13105930
0.02800000	0.75642842	0.18949926
0.02900000	0.84599531	0.26580954
0.03000000	0.74200296	0.33012426
0.03100000	0.46179873	0.37312376
0.03200000	0.06250000	0.38158217
0.03300000	-0.39696112	0.35371554
0.03400000	-0.72477853	0.30422613
0.03500000	-0.87549210	0.24064961
0.03600000	-0.80170399	0.17651944
0.03700000	-0.51236469	0.12137057
0.03800000	-0.12413878	0.10085507
0.03900000	0.30680978	0.11783341
0.04000000	0.64093256	0.16175567
0.04100000	0.82674092	0.22659326
0.04200000	0.82151204	0.29072341
0.04300000	0.62724531	0.34464198
0.04400000	0.27494463	0.37084767
0.04500000	-0.18267101	0.36540353
0.04600000	-0.56566805	0.33055487
0.04700000	-0.81988192	0.27180734
0.04800000	-0.85746801	0.20457062
0.04900000	-0.67224407	0.13853346
0.05000000	-0.33624509	0.10353100
0.05100000	0.10257751	0.10473056
0.05200000	0.48680487	0.13388902
0.05300000	0.75855070	0.18657726
0.05400000	0.84882504	0.25362942
0.05500000	0.74412525	0.32514149
0.05600000	0.45927659	0.36909449
0.05700000	0.03801673	0.37936762
0.05800000	-0.37672243	0.35577634
0.05900000	-0.72539371	0.30124262
0.06000000	-0.87143207	0.23726624
0.06100000	-0.79395300	0.17368971
0.06200000	-0.53081942	0.12404650
0.06300000	-0.11921752	0.09556472
0.06400000	0.29456815	0.10697588
0.06500000	0.64926797	0.15603469
0.06600000	0.83523005	0.22342519
0.06700000	0.82372659	0.29973549
0.06800000	0.62358516	0.35509965
0.06900000	0.26651698	0.38112080
0.07000000	-0.15668061	0.37527683
0.07100000	-0.58467644	0.33833662
0.07200000	-0.83040106	0.27697465
0.07300000	-0.85943651	0.20001845
0.07400000	-0.68334770	0.14173228
0.07500000	-0.32557210	0.11088213
0.07600000	0.08529159	0.10811393
0.07700000	0.48837352	0.13413508
0.07800000	0.75873524	0.18639271
0.07900000	0.85497659	0.25667447
0.08000000	0.75098425	0.32111222
0.08100000	0.46410555	0.37078616
0.08200000	0.06157726	0.38235113
0.08300000	-0.39788386	0.35386935
0.08400000	-0.72231793	0.30422613
0.08500000	-0.86577260	0.24064961
0.08600000	-0.79490650	0.17651944
0.08700000	-0.51823944	0.12137057
0.08800000	-0.13634965	0.10085507
0.08900000	0.29459891	0.11783341
0.09000000	0.63505781	0.16160187
0.09100000	0.83356917	0.22582431
0.09200000	0.83126229	0.29287648
0.09300000	0.62973672	0.35285434
0.09400000	0.27417567	0.38213584
0.09500000	-0.18282481	0.37672243
0.09600000	-0.56551427	0.33879799
0.09700000	-0.81911296	0.27396038
0.09800000	-0.85980558	0.20380168
0.09900000	-0.68125618	0.13837968
0.10000000	-0.34525713	0.10337722
0.10100000	0.10027067	0.10396162
0.10200000	0.48757380	0.13619587
0.10300000	0.75870448	0.19555856
0.10400000	0.84867126	0.26264149
0.10500000	0.74335629	0.32747909
0.10600000	0.46158341	0.36817175
0.10700000	0.04699803	0.37844488
0.10800000	-0.36771038	0.35808316
0.10900000	-0.72305608	0.31025466
0.11000000	-0.87235481	0.24612451
0.11100000	-0.79487574	0.17525837
0.11200000	-0.52835876	0.12546137
0.11300000	-0.10946728	0.10365403
0.11400000	0.30124262	0.11844857
0.11500000	0.64259350	0.16812254
0.11600000	0.82544905	0.22933070
0.11700000	0.82123524	0.29290724
0.11800000	0.62435406	0.34531865
0.11900000	0.26667076	0.37866017
0.12000000	-0.15668061	0.37604576
0.12100000	-0.58467644	0.33849040
0.12200000	-0.83040106	0.27697465
0.12300000	-0.85943651	0.20001845
0.12400000	-0.68334770	0.14173228
0.12500000	-0.32557210	0.11088213
0.12600000	0.08529159	0.10811393
0.12700000	0.48837352	0.13413508
0.12800000	0.75873524	0.18639271
0.12900000	0.85497659	0.25667447
0.13000000	0.75098425	0.32111222
0.13100000	0.46410555	0.37078616
0.13200000	0.06157726	0.38250491
0.13300000	-0.39788386	0.35463828
0.13400000	-0.72231793	0.30191928
0.13500000	-0.86577260	0.23163755
0.13600000	-0.79506028	0.16750738
0.13700000	-0.51900834	0.11906373
0.13800000	-0.13388902	0.10162401
0.13900000	0.30431840	0.11798720
0.14000000	0.64170152	0.16175567
0.14100000	0.82689470	0.22659326
0.14200000	0.82166582	0.29056963
0.14300000	0.62801427	0.34387302
0.14400000	0.27260703	0.37318528
0.14500000	-0.19168307	0.37438485
0.14600000	-0.57468009	0.33953616
0.14700000	-0.82221949	0.27411416
0.14800000	-0.85669905	0.20380168
0.14900000	-0.67209029	0.13837968
0.15000000	-0.33624509	0.10353100
0.15100000	0.10257751	0.10473056
0.15200000	0.48665109	0.13388902
0.15300000	0.75778174	0.18657726
0.15400000	0.85113192	0.25362942
0.15500000	0.75310653	0.32514149
0.15600000	0.46828863	0.36909449
0.15700000	0.04032357	0.37936762
0.15800000	-0.37749138	0.35577634
0.15900000	-0.72554749	0.30124262
0.16000000	-0.87143207	0.23711245
0.16100000	-0.79395300	0.17292076
0.16200000	-0.53066558	0.12638411
0.16300000	-0.11844857	0.10457677
0.16400000	0.29226133	0.11611097
0.16500000	0.64028668	0.15911049
0.16600000	0.82637179	0.22031865
0.16700000	0.82215798	0.29060039
0.16800000	0.62204725	0.34624138
0.16900000	0.25765872	0.37958291
0.17000000	-0.16566192	0.37370816
0.17100000	-0.58698326	0.32950911
0.17200000	-0.82963210	0.26814714
0.17300000	-0.85928273	0.19844981
0.17400000	-0.68334770	0.14019439
0.17500000	-0.32557210	0.10202387
0.17600000	0.08529159	0.09894808
0.17700000	0.48837352	0.13105930
0.17800000	0.75873524	0.18949926
0.17900000	0.85497659	0.26580954
0.18000000	0.75098425	0.32993972
0.18100000	0.46410555	0.37235484
0.18200000	0.06157726	0.38407359
0.18300000	-0.39788386	0.36346579
0.18400000	-0.72231793	0.31090060
0.18499999	-0.86577260	0.23397514
0.18599999	-0.79506028	0.16673844
0.18699999	-0.51900834	0.11890994
0.18799999	-0.13388902	0.10162401
0.18899999	0.30431840	0.11798720
0.18999999	0.64170152	0.16160187
0.19099999	0.82689470	0.22582431
0.19199999	0.82151204	0.29287648
0.19299999	0.62724531	0.35285434
0.19399999	0.27494463	0.38213584
0.19499999	-0.18267101	0.37672243
0.19599999	-0.56551427	0.33864421
0.19699999	-0.81911296	0.27319142
0.19799999	-0.85980558	0.20610851
0.19899999	-0.68125618	0.14736098
0.19999999	-0.34525713	0.11235851
0.20099999	0.10027067	0.10629921
0.20199999	0.48742002	0.13542692
0.20299999	0.75793552	0.19540477
0.20399999	0.85113192	0.26264149
0.20499999	0.75310653	0.32747909
0.20599999	0.46828863	0.36832553
0.20699999	0.04032357	0.37921384
0.20799999	-0.37749138	0.35577634
0.20899999	-0.72554749	0.30124262
0.20999999	-0.87158585	0.23711245
0.21099999	-0.79472196	0.17292076
0.21199999	-0.52835876	0.12638411
0.21299999	-0.10946728	0.10457677
0.21399999	0.30124262	0.11595719
0.21499999	0.64259350	0.15837230
0.21599999	0.82544905	0.22265625
0.21699999	0.82123524	0.29958171
0.21799999	0.62435406	0.35509965
0.21899999	0.26667076	0.38112080
0.21999999	-0.15652682	0.37512302
0.22099999	-0.58390749	0.33756766
0.22199999	-0.83270794	0.27946603
0.22299999	-0.86838704	0.20976870
0.22399999	-0.69229823	0.14840674
0.22499999	-0.32790971	0.10420768
0.22599999	0.08606053	0.09833292
0.22699999	0.48852730	0.13167445
0.22799999	0.75873524	0.18716167
0.22899999	0.85497659	0.25682825
0.22999999	0.75098425	0.32111222
0.23099999	0.46410555	0.37078616
0.23199999	0.06173105	0.38250491
0.23299999	-0.39711490	0.35463828
0.23399999	-0.72477853	0.30191928
0.23499999	-0.87549210	0.23163755
0.23599999	-0.80155021	0.16750738
0.23699999	-0.51159573	0.11906373
0.23799999	-0.12644562	0.10162401
0.23899999	0.29782850	0.11798720
0.23999999	0.63198203	0.16160187
0.24099999	0.82443404	0.22582431
0.24199999	0.82228100	0.29306102
0.24299999	0.62739909	0.35362327
0.24399999	0.27494463	0.37982899
0.24499999	-0.18267101	0.36771038
0.24599999	-0.56566805	0.32978591
0.24699999	-0.81988192	0.27165353
0.24799999	-0.85746801	0.20457062
0.24899999	-0.67224407	0.13853346
0.24999999	-0.33624509	0.10337722
0.25099999	0.10257751	0.10396162
0.25199999	0.48680487	0.13619587
0.25299999	0.75855070	0.19555856
0.25399999	0.84882504	0.26264149
0.25499999	0.74412525	0.32747909
0.25599999	0.45927659	0.36817175
0.25699999	0.03801673	0.37844488
0.25799999	-0.37672243	0.35808316
0.25899999	-0.72539371	0.31025466
0.25999999	-0.87143207	0.24612451
0.26099999	-0.79395300	0.17525837
0.26199999	-0.53081942	0.12561515
0.26299999	-0.11921752	0.10442298
0.26399999	0.29456815	0.11595719
0.26499999	0.64926797	0.15837230
0.26599999	0.83523005	0.22265625
0.26699999	0.82372659	0.29958171
0.26799999	0.62358516	0.35525346
0.26899999	0.26651698	0.38188976
0.26999999	-0.15668061	0.37296999
0.27099999	-0.58467644	0.32935530
0.27199999	-0.83040106	0.26799336
0.27299999	-0.85943651	0.19771162
0.27399999	-0.68334770	0.14250124
0.27499999	-0.32557210	0.11103593
0.27599999	0.08529159	0.10796013
0.27699999	0.48837352	0.13336614
0.27799999	0.75873524	0.18873031
0.27899999	0.85497659	0.26565576
0.27999999	0.75113803	0.33012426
0.28099999	0.46487451	0.37312376
0.28199999	0.05923967	0.38173598
0.28299999	-0.40686515	0.35448450
0.28399999	-0.73132998	0.30191928
0.28499999	-0.86807948	0.23163755
0.28599999	-0.79429132	0.16750738
0.28699999	-0.51885456	0.11906373
0.28799999	-0.13404281	0.10162401
0.28899999	0.30358022	0.11798720
0.28999999	0.64403909	0.16175567
0.29099999	0.83590674	0.22659326
0.29199999	0.83049333	0.29056963
0.29299999	0.62958294	0.34387302
0.29399999	0.27417567	0.37318528
0.29499999	-0.18282481	0.37438485
0.29599999	-0.56551427	0.33938238
0.29699999	-0.81911296	0.27334523
0.29799999	-0.85980558	0.20610851
0.29899999	-0.68125618	0.14736098
0.29999999	-0.34541091	0.11235851
0.30099999	0.09950172	0.10629921
0.30199999	0.48988065	0.13542692
0.30299999	0.76768577	0.19540477
0.30399999	0.85780632	0.26264149
0.30499999	0.74643207	0.32747909
0.30599999	0.45850763	0.36832553
0.30699999	0.03786294	0.37921384
0.30799999	-0.37656865	0.35577634
0.30899999	-0.72462475	0.30124262
0.30999999	-0.87389272	0.23711245
0.31099999	-0.80367249	0.17292076
0.31199999	-0.53730929	0.12638411
0.31299999	-0.11177412	0.10457677
0.31399999	0.30201155	0.11611097
0.31499999	0.64274728	0.15911049
0.31599999	0.82544905	0.22031865
0.31699999	0.82123524	0.29060039
0.31799999	0.62435406	0.34624138
0.31899999	0.26667076	0.37958291
0.31999999	-0.15668061	0.37370816
0.32099999	-0.58467644	0.32950911
0.32199999	-0.83040106	0.26799336
0.32299999	-0.85943651	0.19771162
0.32399999	-0.68334770	0.14234744
0.32499999	-0.32557210	0.11026698
0.32599999	0.08544537	0.11042077
0.32699999	0.48914248	0.14311638
0.32799999	0.75642842	0.19537401
0.32899999	0.84599531	0.25898129
0.32999999	0.74200296	0.32018948
0.33099999	0.46179873	0.36986342
0.33199999	0.06250000	0.38465798
0.33299999	-0.39696112	0.36285064
0.33399999	-0.72477853	0.31323817
0.33499999	-0.87549210	0.24295644
0.33599999	-0.80170399	0.17575049
0.33699999	-0.51236469	0.12121678
0.33799999	-0.12429257	0.10085507
0.33899999	0.30604085	0.11783341
0.33999999	0.64327019	0.16175567
0.34099999	0.83575296	0.22659326
0.34199999	0.83064717	0.29072341
0.34299999	0.63035184	0.34464198
0.34399999	0.27183810	0.37084767
0.34499999	-0.19183686	0.36540353
0.34599999	-0.57468009	0.33055487
0.34699999	-0.82221949	0.27180734
0.34799999	-0.85669905	0.20457062
0.34899999	-0.67209029	0.13853346
0.34999999	-0.33624509	0.10337722
0.35099999	0.10257751	0.10396162
0.35199999	0.48680487	0.13619587
0.35299999	0.75855070	0.19555856
0.35399999	0.84867126	0.26264149
0.35499999	0.74335629	0.32747909
0.35599999	0.46158341	0.36832553
0.35699999	0.04699803	0.37921384
0.35799999	-0.36771038	0.35593012
0.35899999	-0.72305608	0.30201155
0.35999999	-0.87235481	0.23480561
0.36099999	-0.79487574	0.16393946
0.36199999	-0.52835876	0.11737204
0.36299999	-0.10946728	0.10223917
0.36399999	0.30124262	0.11687992
0.36499999	0.64259350	0.15929502
0.36599999	0.82544905	0.22031865
0.36699999	0.82123524	0.29060039
0.36799999	0.62435406	0.34608760
0.36899999	0.26667076	0.37881398
0.36999999	-0.15668061	0.37604576
0.37099999	-0.58467644	0.33849040
0.37199999	-0.83040106	0.27697465
0.37299999	-0.85943651	0.20001845
0.37399999	-0.68334770	0.14157850
0.37499999	-0.32557210	0.11011319
0.37599999	0.08544537	0.11042077
0.37699999	0.48914248	0.14311638
0.37799999	0.75642842	0.19537401
0.37899999	0.84599531	0.25898129
0.37999999	0.74200296	0.32034326
0.38099999	0.46179873	0.37063238
0.38199999	0.06234621	0.38250491
0.38299999	-0.39773008	0.35463828
0.38399999	-0.72231793	0.30191928
0.38499999	-0.86577260	0.23163755
0.38599999	-0.79506028	0.16750738
0.38699999	-0.51900834	0.11906373
0.38799999	-0.13388902	0.10162401
0.38899999	0.30431840	0.11798720
0.38999999	0.64185530	0.16160187
0.39099999	0.82766360	0.22582431
0.39199999	0.81920522	0.29287648
0.39299999	0.61829478	0.35285434
0.39399999	0.26596335	0.38213584
0.39499999	-0.18500862	0.37672243
0.39599999	-0.56474531	0.33879799
0.39699999	-0.81895918	0.27396038
0.39799999	-0.85980558	0.20380168
0.39899999	-0.68125618	0.13837968
0.39999999	-0.34541091	0.10337722
0.40099999	0.09950172	0.10396162
0.40199999	0.48988065	0.13619587
0.40299999	0.76768577	0.19555856
0.40399999	0.85765254	0.26264149
0.40499999	0.74566317	0.32747909
0.40599999	0.46081448	0.36832553
0.40699999	0.04684424	0.37921384
0.40799999	-0.36771038	0.35577634
0.40899999	-0.72305608	0.30124262
0.40999999	-0.87235481	0.23711245
0.41099999	-0.79487574	0.17292076
0.41199999	-0.52835876	0.12638411
0.41299999	-0.10946728	0.10457677
0.41399999	0.30124262	0.11611097
0.41499999	0.64259350	0.15911049
0.41599999	0.82544905	0.22031865
0.41699999	0.82123524	0.29060039
0.41799999	0.62435406	0.34608760
0.41899999	0.26667076	0.37881398
0.41999999	-0.15668061	0.37604576
0.42099999	-0.58467644	0.33849040
0.42199999	-0.83055484	0.27697465
0.42299999	-0.86020547	0.20001845
0.42399999	-0.68101007	0.14157850
0.42499999	-0.31659079	0.11011319
0.42599999	0.09442667	0.11042077
0.42699999	0.49144930	0.14311638
0.42799999	0.75565946	0.19537401
0.42899999	0.84584153	0.25898129
0.42999999	0.74215674	0.32034326
0.43099999	0.46256766	0.37063238
0.43199999	0.06000861	0.38250491
0.43299999	-0.40671137	0.35463828
0.43399999	-0.73132998	0.30191928
0.43499999	-0.86807948	0.23163755
0.43599999	-0.79429132	0.16750738
0.43699999	-0.51885456	0.11906373
0.43799999	-0.13404281	0.10162401
0.43899999	0.30358022	0.11798720
0.43999999	0.64419293	0.16175567
0.44099999	0.83667570	0.22659326
0.44199999	0.82834029	0.29056963
0.44299999	0.62137055	0.34387302
0.44399999	0.26288754	0.37318528
0.44499999	-0.19414370	0.37438485
0.44599999	-0.57375735	0.33953616
0.44699999	-0.82129675	0.27411416
0.44799999	-0.85903668	0.20380168
0.44899999	-0.68110234	0.13837968
0.44999999	-0.34525713	0.10337722
0.45099999	0.10027067	0.10396162
0.45199999	0.48757380	0.13619587
0.45299999	0.75870448	0.19555856
0.45399999	0.84882504	0.26264149
0.45499999	0.74412525	0.32747909
0.45599999	0.45927659	0.36832553
0.45699999	0.03801673	0.37921384
0.45799999	-0.37672243	0.35577634
0.45899999	-0.72539371	0.30124262
0.45999999	-0.87158585	0.23711245
0.46099999	-0.79472196	0.17292076
0.46199999	-0.52851254	0.12638411
0.46299999	-0.11023622	0.10457677
0.46399999	0.30358022	0.11611097
0.46499999	0.65157479	0.15911049
0.46599999	0.83461493	0.22031865
0.46699999	0.82431102	0.29060039
0.46799999	0.62127829	0.34624138
0.46899999	0.25750491	0.37958291
0.46999999	-0.16566192	0.37370816
0.47099999	-0.58698326	0.32950911
0.47199999	-0.82963210	0.26814714
0.47299999	-0.85928273	0.19844981
0.47399999	-0.68334770	0.14019439
0.47499999	-0.32557210	0.10202387
0.47599999	0.08529159	0.09910187
0.47699999	0.48837352	0.13182825
0.47799999	0.75873524	0.18716167
0.47899999	0.85497659	0.25682825
0.47999999	0.75098425	0.32111222
0.48099999	0.46410555	0.37078616
0.48199999	0.06157726	0.38235113
0.48299999	-0.39788386	0.35386935
0.48399999	-0.72231793	0.30422613
0.48499999	-0.86577260	0.24064961
0.48599999	-0.79506028	0.17651944
0.48699999	-0.51900834	0.12137057
0.48799999	-0.13404281	0.10085507
0.48899999	0.30358022	0.11783341
0.48999999	0.64419293	0.16160187
0.49099999	0.83667570	0.22582431
0.49199999	0.82818651	0.29287648
0.49299999	0.62060159	0.35285434
0.49399999	0.26519439	0.38213584
0.49499999	-0.18516240	0.37672243
0.49599999	-0.56474531	0.33864421
0.49699999	-0.81895918	0.27319142
0.49799999	-0.85980558	0.20610851
0.49899999	-0.68125618	0.14736098
0.49999999	-0.34525713	0.11235851
0.50099999	0.10027067	0.10629921
0.50199999	0.48772761	0.13542692
0.50299999	0.75947344	0.19540477
0.50399999	0.84633368	0.26264149
0.50499999	0.73437500	0.32747909
0.50599999	0.45263287	0.36832553
0.50699999	0.04469119	0.37921384
0.50799999	-0.36694142	0.35577634
0.50899999	-0.72290230	0.30124262
0.50999999	-0.87235481	0.23711245
0.51099999	-0.79487574	0.17292076
0.51199999	-0.52851254	0.12619956
0.51299999	-0.11023622	0.10380782
0.51399999	0.30358022	0.11844857
0.51499999	0.65157479	0.16812254
0.51599999	0.83446109	0.22933070
0.51699999	0.82357281	0.29290724
0.51799999	0.62358516	0.34531865
0.51899999	0.26651698	0.37866017
0.51999999	-0.15668061	0.37604576
0.52099999	-0.58467644	0.33849040
0.52199999	-0.83055484	0.27697465
0.52299999	-0.86020547	0.20001845
0.52399999	-0.68101007	0.14173228
0.52499999	-0.31659079	0.11088213
0.52599999	0.09442667	0.10811393
0.52699999	0.49144930	0.13413508
0.52799999	0.75565946	0.18654650
0.52899999	0.84584153	0.25744340
0.52999999	0.74200296	0.31862080
0.53099999	0.46179873	0.36103591
0.53199999	0.06250000	0.37583047
0.53299999	-0.39696112	0.36131275
0.53399999	-0.72477853	0.31166953
0.53499999	-0.87549210	0.23412894
0.53599999	-0.80170399	0.16673844
0.53699999	-0.51236469	0.11890994
0.53799999	-0.12429257	0.10162401
0.53899998	0.30604085	0.11798720
0.53999998	0.64327019	0.16175567
0.54099998	0.83575296	0.22659326
0.54199998	0.83064717	0.29056963
0.54299998	0.63035184	0.34387302
0.54399998	0.27183810	0.37318528
0.54499998	-0.19183686	0.37438485
0.54599998	-0.57468009	0.33953616
0.54699998	-0.82221949	0.27411416
0.54799998	-0.85654527	0.20380168
0.54899998	-0.67132133	0.13837968
0.54999998	-0.33858266	0.10337722
0.55099998	0.09359621	0.10396162
0.55199998	0.47779280	0.13619587
0.55299998	0.75621307	0.19555856
0.55399998	0.84959400	0.26264149
0.55499998	0.74427903	0.32747909
0.55599998	0.45927659	0.36817175
0.55699998	0.03801673	0.37844488
0.55799998	-0.37672243	0.35808316
0.55899998	-0.72539371	0.31025466
0.55999998	-0.87143207	0.24612451
0.56099998	-0.79395300	0.17525837
0.56199998	-0.53081942	0.12561515
0.56299998	-0.11921752	0.10442298
0.56399998	0.29456815	0.11611097
0.56499998	0.64926797	0.15911049
0.56599998	0.83538383	0.22031865
0.56699998	0.82449555	0.29060039
0.56799998	0.62127829	0.34624138
0.56899998	0.25750491	0.37958291
0.56999998	-0.16566192	0.37355438
0.57099998	-0.58698326	0.32874015
0.57199998	-0.82963210	0.27045399
0.57299998	-0.85928273	0.20746186
0.57399998	-0.68334770	0.14917569
0.57499998	-0.32557210	0.10436147
0.57599998	0.08529159	0.09833292
0.57699998	0.48837352	0.13167445
0.57799998	0.75873524	0.18716167
0.57899998	0.85497659	0.25682825
0.57999998	0.75098425	0.32111222
0.58099998	0.46410555	0.37078616
0.58199998	0.06157726	0.38235113
0.58299998	-0.39788386	0.35386935
0.58399998	-0.72231793	0.30422613
0.58499998	-0.86577260	0.24064961
0.58599998	-0.79506028	0.17651944
0.58699998	-0.51900834	0.12137057
0.58799998	-0.13404281	0.10085507
0.58899998	0.30358022	0.11783341
0.58999998	0.64419293	0.16160187
0.59099998	0.83667570	0.22582431
0.59199998	0.82834029	0.29287648
0.59299998	0.62137055	0.35285434
0.59399998	0.26288754	0.38213584
0.59499998	-0.19414370	0.37672243
0.59599998	-0.57375735	0.33864421
0.59699998	-0.82129675	0.27319142
0.59799998	-0.85888284	0.20610851
0.59899998	-0.68033344	0.14736098
0.59999998	-0.34756398	0.11235851
0.60099998	0.09125862	0.10629921
0.60199998	0.47856176	0.13542692
0.60299998	0.75636685	0.19540477
0.60399998	0.84959400	0.26264149
0.60499998	0.74427903	0.32747909
0.60599998	0.45943037	0.36832553
0.60699998	0.03878568	0.37921384
0.60799998	-0.37902927	0.35577634
0.60899998	-0.73437500	0.30124262
0.60999998	-0.88041335	0.23726624
0.61099998	-0.79625982	0.17368971
0.61199998	-0.53005046	0.12404650
0.61299998	-0.11906373	0.09556472
0.61399998	0.29456815	0.10712968
0.61499998	0.64926797	0.15680364
0.61599998	0.83523005	0.22108760
0.61699998	0.82372659	0.29075417
0.61799998	0.62358516	0.34608760
0.61899998	0.26651698	0.37881398
0.61999998	-0.15652682	0.37589198
0.62099998	-0.58390749	0.33772147
0.62199998	-0.83270794	0.27928150
0.62299998	-0.86838704	0.20903051
0.62399998	-0.69229823	0.15074433
0.62499998	-0.32790971	0.11318897
0.62599998	0.08621432	0.10734498
0.62699998	0.48929626	0.13398130
0.62799998	0.75642842	0.18639271
0.62899998	0.84599531	0.25667447
0.62999998	0.74215674	0.32111222
0.63099998	0.46256766	0.37078616
0.63199998	0.06000861	0.38235113
0.63299998	-0.40671137	0.35386935
0.63399998	-0.73148376	0.30422613
0.63499998	-0.86884844	0.24064961
0.63599998	-0.79198450	0.17651944
0.63699998	-0.50990403	0.12137057
0.63799998	-0.12490772	0.10085507
0.63899998	0.30665600	0.11783341
0.63999998	0.64093256	0.16160187
0.64099998	0.82674092	0.22582431
0.64199998	0.82166582	0.29306102
0.64299998	0.62801427	0.35362327
0.64399998	0.27260703	0.37982899
0.64499998	-0.19168307	0.36771038
0.64599998	-0.57468009	0.32963213
0.64699998	-0.82221949	0.27088460
0.64799998	-0.85669905	0.20687746
0.64899998	-0.67209029	0.14751476
0.64999998	-0.33639887	0.11251231
0.65099998	0.10183932	0.10706816
0.65199998	0.48911172	0.13312007
0.65299998	0.76753199	0.18642348
0.65399998	0.85780632	0.25362942
0.65499998	0.74643207	0.32514149
0.65599998	0.45850763	0.36894071
0.65699998	0.03786294	0.37859866
0.65799998	-0.37672243	0.35808316
0.65899998	-0.72539371	0.31025466
0.65999998	-0.87143207	0.24612451
0.66099998	-0.79395300	0.17525837
0.66199998	-0.53081942	0.12561515
0.66299998	-0.11921752	0.10442298
0.66399998	0.29456815	0.11595719
0.66499998	0.64926797	0.15837230
0.66599998	0.83523005	0.22265625
0.66699998	0.82372659	0.29958171
0.66799998	0.62358516	0.35509965
0.66899998	0.26651698	0.38112080
0.66999998	-0.15668061	0.37527683
0.67099998	-0.58467644	0.33833662
0.67199998	-0.83040106	0.27712846
0.67299998	-0.85943651	0.20078740
0.67399998	-0.68350148	0.13942544
0.67499998	-0.32634103	0.10187007
0.67599998	0.08775222	0.09910187
0.67699998	0.49812376	0.13182825
0.67799998	0.76540971	0.18731545
0.67899998	0.84830219	0.25759721
0.67999998	0.74123400	0.31862080
0.68099998	0.46164492	0.36103591
0.68199998	0.06234621	0.37567666
0.68299998	-0.39773008	0.36054379
0.68399998	-0.72231793	0.31397638
0.68499998	-0.86577260	0.24311024
0.68599998	-0.79506028	0.17575049
0.68699998	-0.51900834	0.12121678
0.68799998	-0.13388902	0.10085507
0.68899998	0.30431840	0.11783341
0.68999998	0.64170152	0.16160187
0.69099998	0.82689470	0.22582431
0.69199998	0.82151204	0.29306102
0.69299998	0.62724531	0.35362327
0.69399998	0.27494463	0.37982899
0.69499998	-0.18267101	0.36771038
0.69599998	-0.56551427	0.32978591
0.69699998	-0.81911296	0.27165353
0.69799998	-0.85980558	0.20457062
0.69899998	-0.68125618	0.13853346
0.69999998	-0.34525713	0.10353100
0.70099998	0.10027067	0.10473056
0.70199998	0.48757380	0.13388902
0.70299998	0.75870448	0.18657726
0.70399998	0.84867126	0.25362942
0.70499998	0.74335629	0.32514149
0.70599998	0.46158341	0.36894071
0.70699998	0.04699803	0.37859866
0.70799998	-0.36771038	0.35808316
0.70899998	-0.72305608	0.31025466
0.70999998	-0.87235481	0.24612451
0.71099998	-0.79487574	0.17525837
0.71199998	-0.52835876	0.12561515
0.71299998	-0.10946728	0.10442298
0.71399998	0.30124262	0.11611097
0.71499998	0.64259350	0.15911049
0.71599998	0.82544905	0.22031865
0.71699998	0.82123524	0.29060039
0.71799998	0.62435406	0.34608760
0.71899998	0.26667076	0.37881398
0.71999998	-0.15652682	0.37589198
0.72099998	-0.58390749	0.33772147
0.72199998	-0.83286172	0.27928150
0.72299998	-0.86915600	0.20903051
0.72399998	-0.68999141	0.15074433
0.72499998	-0.31889763	0.11318897
0.72599998	0.09519562	0.10734498
0.72699998	0.49160311	0.13398130
0.72799998	0.75565946	0.18639271
0.72899998	0.84584153	0.25667447
0.72999998	0.74200296	0.32111222
0.73099998	0.46179873	0.37078616
0.73199998	0.06234621	0.38235113
0.73299998	-0.39773008	0.35386935
0.73399998	-0.72231793	0.30422613
0.73499998	-0.86577260	0.24064961
0.73599998	-0.79506028	0.17651944
0.73699998	-0.51900834	0.12137057
0.73799998	-0.13388902	0.10085507
0.73899998	0.30431840	0.11783341
0.73999998	0.64170152	0.16160187
0.74099998	0.82689470	0.22582431
0.74199998	0.82166582	0.29287648
0.74299998	0.62801427	0.35285434
0.74399998	0.27260703	0.38213584
0.74499998	-0.19168307	0.37672243
0.74599998	-0.57468009	0.33864421
0.74699998	-0.82221949	0.27319142
0.74799998	-0.85654527	0.20610851
0.74899998	-0.67132133	0.14736098
0.74999998	-0.33873647	0.11251231
0.75099998	0.09282726	0.10706816
0.75199998	0.48013040	0.13312007
0.75299998	0.76522517	0.18642348
0.75399998	0.85857528	0.25362942
0.75499998	0.74658585	0.32514149
0.75599998	0.45850763	0.36894071
0.75699998	0.03786294	0.37859866
0.75799998	-0.37672243	0.35808316
0.75899998	-0.72539371	0.31025466
0.75999998	-0.87158585	0.24612451
0.76099998	-0.79472196	0.17525837
0.76199998	-0.52835876	0.12561515
0.76299998	-0.10946728	0.10442298
0.76399998	0.30124262	0.11611097
0.76499998	0.64259350	0.15911049
0.76599998	0.82544905	0.22031865
0.76699998	0.82123524	0.29060039
0.76799998	0.62435406	0.34608760
0.76899998	0.26667076	0.37881398
0.76999998	-0.15668061	0.37604576
0.77099998	-0.58467644	0.33849040
0.77199998	-0.83040106	0.27712846
0.77299998	-0.85943651	0.20078740
0.77399998	-0.68334770	0.13942544
0.77499998	-0.32557210	0.10187007
0.77599998	0.08529159	0.09910187
0.77699998	0.48837352	0.13182825
0.77799998	0.75873524	0.18716167
0.77899998	0.85497659	0.25682825
0.77999998	0.75098425	0.32111222
0.78099998	0.46410555	0.37078616
0.78199998	0.06157726	0.38235113
0.78299998	-0.39788386	0.35386935
0.78399998	-0.72247171	0.30422613
0.78499998	-0.86654156	0.24064961
0.78599998	-0.79275346	0.17667323
0.78699998	-0.51005781	0.12213952
0.78799998	-0.12490772	0.09854823
0.78899998	0.30665600	0.10882135
0.78999998	0.64093256	0.15277436
0.79099998	0.82674092	0.22428642
0.79199998	0.82151204	0.29133859
0.79299998	0.62724531	0.34402683
0.79399998	0.27494463	0.37318528
0.79499998	-0.18267101	0.37438485
0.79599998	-0.56551427	0.33938238
0.79699998	-0.81911296	0.27334523
0.79799998	-0.85980558	0.20610851
0.79899998	-0.68125618	0.14736098
0.79999998	-0.34541091	0.11251231
0.80099998	0.09950172	0.10706816
0.80199998	0.48988065	0.13312007
0.80299998	0.76768577	0.18642348
0.80399998	0.85765254	0.25362942
0.80499998	0.74566317	0.32514149
0.80599998	0.46081448	0.36909449
0.80699998	0.04684424	0.37936762
0.80799998	-0.36771038	0.35577634
0.80899998	-0.72305608	0.30124262
0.80999998	-0.87235481	0.23711245
0.81099998	-0.79487574	0.17292076
0.81199998	-0.52851254	0.12638411
0.81299998	-0.11023622	0.10457677
0.81399998	0.30358022	0.11595719
0.81499998	0.65157479	0.15837230
0.81599998	0.83446109	0.22265625
0.81699998	0.82357281	0.29958171
0.81799998	0.62358516	0.35509965
0.81899998	0.26651698	0.38112080
0.81999998	-0.15668061	0.37512302
0.82099998	-0.58467644	0.33756766
0.82199998	-0.83040106	0.27928150
0.82299998	-0.85943651	0.20903051
0.82399998	-0.68334770	0.15074433
0.82499998	-0.32557210	0.11318897
0.82599998	0.08544537	0.10734498
0.82699998	0.48914248	0.13398130
0.82799998	0.75642842	0.18639271
0.82899998	0.84599531	0.25667447
0.82999998	0.74200296	0.32111222
0.83099998	0.46179873	0.37078616
0.83199998	0.06250000	0.38235113
0.83299998	-0.39696112	0.35386935
0.83399998	-0.72462475	0.30422613
0.83499998	-0.87475395	0.24064961
0.83599998	-0.80401081	0.17651944
0.83699998	-0.52134597	0.12137057
0.83799998	-0.13312007	0.10085507
0.83899998	0.30450296	0.11783341
0.83999998	0.64170152	0.16160187
0.84099998	0.82689470	0.22582431
0.84199998	0.82151204	0.29306102
0.84299998	0.62724531	0.35362327
0.84399998	0.27494463	0.37982899
0.84499998	-0.18267101	0.36771038
0.84599998	-0.56566805	0.32963213
0.84699998	-0.81988192	0.27088460
0.84799998	-0.85746801	0.20687746
0.84899998	-0.67224407	0.14751476
0.84999998	-0.33624509	0.11251231
0.85099998	0.10257751	0.10706816
0.85199998	0.48680487	0.13312007
0.85299998	0.75855070	0.18642348
0.85399998	0.84882504	0.25362942
0.85499998	0.74412525	0.32514149
0.85599998	0.45927659	0.36909449
0.85699998	0.03801673	0.37936762
0.85799998	-0.37672243	0.35577634
0.85899998	-0.72539371	0.30124262
0.85999998	-0.87158585	0.23711245
0.86099998	-0.79472196	0.17292076
0.86199998	-0.52835876	0.12638411
0.86299998	-0.10946728	0.10457677
0.86399998	0.30124262	0.11611097
0.86499998	0.64259350	0.15911049
0.86599998	0.82560283	0.22031865
0.86699998	0.82200420	0.29060039
0.86799998	0.62204725	0.34608760
0.86899998	0.25765872	0.37881398
0.86999998	-0.16566192	0.37589198
0.87099998	-0.58698326	0.33772147
0.87199998	-0.82978594	0.27928150
0.87299998	-0.86005169	0.20903051
0.87399998	-0.68101007	0.15059055
0.87499998	-0.31659079	0.11242003
0.87599998	0.09427288	0.10965182
0.87699998	0.49068037	0.14296260
0.87799998	0.75796628	0.19537401
0.87899998	0.85482281	0.25898129
0.87999998	0.75098425	0.32034326
0.88099998	0.46410555	0.37063238
0.88199998	0.06157726	0.38250491
0.88299998	-0.39788386	0.35463828
0.88399998	-0.72231793	0.30191928
0.88499998	-0.86577260	0.23163755
0.88599998	-0.79506028	0.16750738
0.88699998	-0.51900834	0.11906373
0.88799998	-0.13388902	0.10162401
0.88899998	0.30431840	0.11798720
0.88999998	0.64185530	0.16160187
0.89099998	0.82766360	0.22582431
0.89199997	0.81920522	0.29287648
0.89299997	0.61829478	0.35285434
0.89399997	0.26596335	0.38213584
0.89499997	-0.18500862	0.37672243
0.89599997	-0.56474531	0.33864421
0.89699997	-0.81895918	0.27319142
0.89799997	-0.85980558	0.20610851
0.89899997	-0.68125618	0.14736098
0.89999997	-0.34525713	0.11251231
0.90099997	0.10027067	0.10706816
0.90199997	0.48757380	0.13312007
0.90299997	0.75870448	0.18642348
0.90399997	0.84882504	0.25362942
0.90499997	0.74412525	0.32514149
0.90599997	0.45927659	0.36909449
0.90699997	0.03801673	0.37936762
0.90799997	-0.37672243	0.35577634
0.90899997	-0.72539371	0.30124262
0.90999997	-0.87143207	0.23711245
0.91099997	-0.79395300	0.17292076
0.91199997	-0.53066558	0.12638411
0.91299997	-0.11844857	0.10457677
0.91399997	0.29226133	0.11611097
0.91499997	0.64028668	0.15911049
0.91599997	0.82621801	0.22031865
0.91699997	0.82138902	0.29060039
0.91799997	0.62435406	0.34608760
0.91899997	0.26667076	0.37881398
0.91999997	-0.15668061	0.37604576
0.92099997	-0.58467644	0.33849040
0.92199997	-0.83055484	0.27712846
0.92299997	-0.86020547	0.20078740
0.92399997	-0.68101007	0.13927165
0.92499997	-0.31659079	0.10110113
0.92599997	0.09442667	0.10140871
0.92699997	0.49144930	0.14080955
0.92799997	0.75565946	0.19614296
0.92899997	0.84584153	0.25913510
0.92999997	0.74200296	0.32034326
0.93099997	0.46179873	0.37063238
0.93199997	0.06234621	0.38250491
0.93299997	-0.39773008	0.35463828
0.93399997	-0.72247171	0.30191928
0.93499997	-0.86654156	0.23163755
0.93599997	-0.79275346	0.16750738
0.93699997	-0.51005781	0.11906373
0.93799997	-0.12490772	0.10162401
0.93899997	0.30665600	0.11798720
0.93999997	0.64093256	0.16175567
0.94099997	0.82674092	0.22659326
0.94199997	0.82166582	0.29072341
0.94299997	0.62801427	0.34464198
0.94399997	0.27276084	0.37084767
0.94499997	-0.19091412	0.36540353
0.94599997	-0.57698697	0.33040109
0.94699997	-0.83120078	0.27103838
0.94799997	-0.86571109	0.20687746
0.94899997	-0.67442793	0.14751476
0.94999997	-0.33547613	0.11235851
0.95099997	0.10273130	0.10629921
0.95199997	0.48680487	0.13542692
0.95299997	0.75855070	0.19540477
0.95399997	0.84882504	0.26264149
0.95499997	0.74412525	0.32747909
0.95599997	0.45927659	0.36817175
0.95699997	0.03801673	0.37844488
0.95799997	-0.37672243	0.35808316
0.95899997	-0.72539371	0.31025466
0.95999997	-0.87143207	0.24612451
0.96099997	-0.79395300	0.17525837
0.96199997	-0.53066558	0.12561515
0.96299997	-0.11844857	0.10442298
0.96399997	0.29226133	0.11595719
0.96499997	0.64028668	0.15837230
0.96599997	0.82621801	0.22265625
0.96699997	0.82138902	0.29958171
0.96799997	0.62435406	0.35509965
0.96899997	0.26667076	0.38112080
0.96999997	-0.15668061	0.37527683
0.97099997	-0.58467644	0.33833662
0.97199997	-0.83040106	0.27712846
0.97299997	-0.85943651	0.20078740
0.97399997	-0.68334770	0.13942544
0.97499997	-0.32557210	0.10187007
0.97599997	0.08529159	0.09894808
0.97699997	0.48837352	0.13105930
0.97799997	0.75873524	0.18949926
0.97899997	0.85497659	0.26580954
0.97999997	0.75098425	0.33012426
0.98099997	0.46410555	0.37312376
0.98199997	0.06157726	0.38173598
0.98299997	-0.39788386	0.35448450
0.98399997	-0.72247171	0.30191928
0.98499997	-0.86654156	0.23163755
0.98599997	-0.79275346	0.16750738
0.98699997	-0.51005781	0.11906373
0.98799997	-0.12506151	0.10162401
0.98899997	0.30588704	0.11798720
0.98999997	0.64342397	0.16160187
0.99099997	0.83649117	0.22582431
0.99199997	0.82818651	0.29306102
0.99299997	0.62060159	0.35362327
0.99399997	0.26519439	0.37982899
0.99499997	-0.18516240	0.36771038
0.99599997	-0.56474531	0.32963213
0.99699997	-0.81895918	0.27088460
0.99799997	-0.85980558	0.20687746
0.99899997	-0.68125618	0.14751476
0.99999997	-0.34541091	0.11251231
1.00099997	0.09950172	0.10706816
1.00199997	0.48988065	0.13312007
1.00299997	0.76768577	0.18642348
1.00399997	0.85780632	0.25362942
1.00499997	0.74643207	0.32514149
1.00599997	0.45850763	0.36909449
1.00699997	0.03786294	0.37936762
1.00799997	-0.37672243	0.35577634
1.00899997	-0.72539371	0.30124262
1.00999997	-0.87158585	0.23711245
1.01099997	-0.79472196	0.17292076
1.01199997	-0.52851254	0.12638411
1.01299997	-0.11023622	0.10457677
1.01399997	0.30358022	0.11611097
1.01499997	0.65157479	0.15911049
1.01599997	0.83446109	0.22031865
1.01699997	0.82357281	0.29060039
1.01799997	0.62358516	0.34608760
1.01899997	0.26651698	0.37881398
1.01999997	-0.15668061	0.37589198
1.02099997	-0.58467644	0.33772147
1.02199997	-0.83040106	0.27928150
1.02299997	-0.85943651	0.20903051
1.02399997	-0.68334770	0.15074433
1.02499997	-0.32557210	0.11318897
1.02599997	0.08544537	0.10734498
1.02699997	0.48914248	0.13398130
1.02799997	0.75642842	0.18639271
1.02899997	0.84599531	0.25667447
1.02999997	0.74200296	0.32111222
1.03099997	0.46179873	0.37078616
1.03199997	0.06234621	0.38235113
1.03299997	-0.39773008	0.35386935
1.03399997	-0.72247171	0.30422613
1.03499997	-0.86654156	0.24064961
1.03599997	-0.79275346	0.17651944
1.03699997	-0.51005781	0.12137057
1.03799997	-0.12490772	0.10085507
1.03899997	0.30665600	0.11783341
1.03999997	0.64093256	0.16175567
1.04099997	0.82674092	0.22659326
1.04199997	0.82166582	0.29072341
1.04299997	0.62801427	0.34464198
1.04399997	0.27260703	0.37084767
1.04499997	-0.19168307	0.36540353
1.04599997	-0.57468009	0.33055487
1.04699997	-0.82221949	0.27180734
1.04799997	-0.85669905	0.20457062
1.04899997	-0.67209029	0.13853346
1.04999997	-0.33624509	0.10337722
1.05099997	0.10257751	0.10396162
1.05199997	0.48680487	0.13619587
1.05299997	0.75855070	0.19555856
1.05399997	0.84882504	0.26264149
1.05499997	0.74412525	0.32747909
1.05599997	0.45927659	0.36832553
1.05699997	0.03801673	0.37921384
1.05799997	-0.37672243	0.35577634
1.05899997	-0.72539371	0.30124262
1.05999997	-0.87158585	0.23711245
1.06099997	-0.79472196	0.17292076
1.06199997	-0.52835876	0.12638411
1.06299997	-0.10946728	0.10457677
1.06399997	0.30124262	0.11611097
1.06499997	0.64259350	0.15911049
1.06599997	0.82560283	0.22031865
1.06699997	0.82200420	0.29060039
1.06799997	0.62204725	0.34608760
1.06899997	0.25765872	0.37881398
1.06999997	-0.16566192	0.37589198
1.07099997	-0.58698326	0.33772147
1.07199997	-0.82963210	0.27946603
1.07299997	-0.85928273	0.20976870
1.07399997	-0.68334770	0.14825295
1.07499997	-0.32557210	0.10343873
1.07599997	0.08529159	0.10063976
1.07699997	0.48837352	0.14065576
1.07799997	0.75873524	0.19614296
1.07899997	0.85497659	0.25913510
1.07999997	0.75098425	0.32034326
1.08099997	0.46410555	0.37063238
1.08199997	0.06157726	0.38235113
1.08299997	-0.39788386	0.35386935
1.08399997	-0.72231793	0.30422613
1.08499997	-0.86577260	0.24064961
1.08599997	-0.79506028	0.17651944
1.08699997	-0.51900834	0.12137057
1.08799997	-0.13404281	0.10085507
1.08899997	0.30358022	0.11783341
1.08999997	0.64419293	0.16175567
1.09099997	0.83667570	0.22659326
1.09199997	0.82818651	0.29072341
1.09299997	0.62060159	0.34464198
1.09399997	0.26519439	0.37084767
1.09499997	-0.18516240	0.36540353
1.09599997	-0.56489909	0.33055487
1.09699997	-0.81972808	0.27180734
1.09799997	-0.85746801	0.20457062
1.09899997	-0.67224407	0.13853346
1.09999997	-0.33639887	0.10353100
1.10099997	0.10183932	0.10473056
1.10199997	0.48911172	0.13388902
1.10299997	0.76753199	0.18657726
1.10399997	0.85780632	0.25362942
1.10499997	0.74643207	0.32514149
1.10599997	0.45850763	0.36909449
1.10699997	0.03786294	0.37936762
1.10799997	-0.37672243	0.35577634
1.10899997	-0.72539371	0.30124262
1.10999997	-0.87143207	0.23711245
1.11099997	-0.79395300	0.17292076
1.11199997	-0.53081942	0.12638411
1.11299997	-0.11921752	0.10457677
1.11399997	0.29456815	0.11611097
1.11499997	0.64926797	0.15911049
1.11599997	0.83523005	0.22031865
1.11699997	0.82372659	0.29060039
1.11799997	0.62358516	0.34608760
1.11899997	0.26651698	0.37881398
1.11999997	-0.15668061	0.37604576
1.12099997	-0.58467644	0.33849040
1.12199997	-0.83040106	0.27712846
1.12299997	-0.85943651	0.20078740
1.12399997	-0.68334770	0.13942544
1.12499997	-0.32557210	0.10187007
1.12599997	0.08544537	0.09910187
1.12699997	0.48914248	0.13182825
1.12799997	0.75642842	0.18716167
1.12899997	0.84599531	0.25682825
1.12999997	0.74200296	0.32111222
1.13099997	0.46179873	0.37078616
1.13199997	0.06234621	0.38250491
1.13299997	-0.39773008	0.35463828
1.13399997	-0.72247171	0.30191928
1.13499997	-0.86654156	0.23163755
1.13599997	-0.79275346	0.16750738
1.13699997	-0.51005781	0.11906373
1.13799997	-0.12490772	0.10147022
1.13899997	0.30665600	0.11721826
1.13999997	0.64093256	0.16409326
1.14099997	0.82674092	0.23557456
1.14199997	0.82151204	0.29955092
1.14299997	0.62724531	0.34617987
1.14399997	0.27494463	0.37241635
1.14499997	-0.18267101	0.37423104
1.14599997	-0.56551427	0.33938238
1.14699997	-0.81911296	0.27334523
1.14799997	-0.85980558	0.20610851
1.14899997	-0.68125618	0.14736098
1.14999997	-0.34525713	0.11235851
1.15099997	0.10027067	0.10629921
1.15199997	0.48757380	0.13558070
1.15299997	0.75870448	0.19617371
1.15399997	0.84882504	0.26033464
1.15499997	0.74412525	0.31846702
1.15599997	0.45927659	0.35931349
1.15699997	0.03801673	0.37690699
1.15799997	-0.37672243	0.35654527
1.15899997	-0.72539371	0.30139640
1.15999997	-0.87158585	0.23711245
1.16099997	-0.79472196	0.17292076
1.16199997	-0.52835876	0.12638411
1.16299997	-0.10946728	0.10457677
1.16399997	0.30124262	0.11611097
1.16499997	0.64259350	0.15911049
1.16599997	0.82544905	0.22031865
1.16699997	0.82123524	0.29060039
1.16799997	0.62435406	0.34608760
1.16899997	0.26667076	0.37881398
1.16999997	-0.15668061	0.37604576
1.17099997	-0.58467644	0.33849040
1.17199997	-0.83040106	0.27697465
1.17299997	-0.85943651	0.20001845
1.17399997	-0.68334770	0.14173228
1.17499997	-0.32557210	0.11088213
1.17599997	0.08544537	0.10811393
1.17699997	0.48914248	0.13413508
1.17799997	0.75642842	0.18654650
1.17899997	0.84599531	0.25744340
1.17999997	0.74200296	0.31862080
1.18099997	0.46179873	0.36103591
1.18199997	0.06234621	0.37583047
1.18299997	-0.39773008	0.36131275
1.18399997	-0.72231793	0.31166953
1.18499997	-0.86577260	0.23412894
1.18599997	-0.79506028	0.16689223
1.18699997	-0.51900834	0.11967888
1.18799997	-0.13404281	0.09931718
1.18899997	0.30358022	0.10897515
1.18999997	0.64419293	0.15277436
1.19099997	0.83667570	0.22428642
1.19199997	0.82818651	0.29133859
1.19299997	0.62060159	0.34402683
1.19399997	0.26519439	0.37318528
1.19499997	-0.18516240	0.37438485
1.19599997	-0.56474531	0.33953616
1.19699997	-0.81895918	0.27411416
1.19799997	-0.85980558	0.20380168
1.19899997	-0.68125618	0.13837968
1.19999997	-0.34525713	0.10337722
1.20099997	0.10027067	0.10396162
1.20199997	0.48757380	0.13619587
1.20299997	0.75870448	0.19555856
1.20399997	0.84882504	0.26264149
1.20499997	0.74412525	0.32747909
1.20599997	0.45927659	0.36832553
1.20699997	0.03801673	0.37921384
1.20799997	-0.37672243	0.35577634
1.20899997	-0.72539371	0.30124262
1.20999997	-0.87158585	0.23711245
1.21099997	-0.79472196	0.17292076
1.21199997	-0.52835876	0.12638411
1.21299997	-0.10946728	0.10457677
1.21399997	0.30124262	0.11611097
1.21499997	0.64259350	0.15911049
1.21599997	0.82544905	0.22031865
1.21699997	0.82123524	0.29060039
1.21799997	0.62435406	0.34608760
1.21899997	0.26667076	0.37881398
1.21999997	-0.15668061	0.37589198
1.22099997	-0.58467644	0.33772147
1.22199997	-0.83040106	0.27946603
1.22299997	-0.85943651	0.20976870
1.22399997	-0.68334770	0.14840674
1.22499997	-0.32557210	0.10420768
1.22599997	0.08544537	0.09833292
1.22699997	0.48914248	0.13167445
1.22799997	0.75642842	0.18716167
1.22899997	0.84599531	0.25682825
1.22999997	0.74215674	0.32095841
1.23099997	0.46256766	0.37001723
1.23199997	0.06000861	0.38481176
1.23299997	-0.40671137	0.36361960
1.23399997	-0.73132998	0.31090060
1.23499997	-0.86807948	0.23397514
1.23599997	-0.79429132	0.16689223
1.23699997	-0.51885456	0.11967888
1.23799997	-0.13388902	0.09931718
1.23899997	0.30431840	0.10897515
1.23999997	0.64185530	0.15277436
1.24099997	0.82766360	0.22428642
1.24199997	0.81920522	0.29149237
1.24299997	0.61829478	0.34479576
1.24399997	0.26596335	0.37084767
1.24499997	-0.18500862	0.36540353
1.24599996	-0.56489909	0.33055487
1.24699996	-0.81972808	0.27180734
1.24799996	-0.85746801	0.20457062
1.24899996	-0.67224407	0.13853346
1.24999996	-0.33639887	0.10353100
1.25099996	0.10183932	0.10473056
1.25199996	0.48911172	0.13388902
1.25299996	0.76753199	0.18657726
1.25399996	0.85780632	0.25362942
1.25499996	0.74643207	0.32514149
1.25599996	0.45850763	0.36909449
1.25699996	0.03786294	0.37936762
1.25799996	-0.37672243	0.35577634
1.25899996	-0.72539371	0.30124262
1.25999996	-0.87143207	0.23711245
1.26099996	-0.79395300	0.17292076
1.26199996	-0.53081942	0.12638411
1.26299996	-0.11921752	0.10457677
1.26399996	0.29456815	0.11611097
1.26499996	0.64926797	0.15911049
1.26599996	0.83523005	0.22031865
1.26699996	0.82372659	0.29060039
1.26799996	0.62358516	0.34608760
1.26899996	0.26651698	0.37881398
1.26999996	-0.15668061	0.37589198
1.27099996	-0.58467644	0.33772147
1.27199996	-0.83055484	0.27928150
1.27299996	-0.86020547	0.20903051
1.27399996	-0.68101007	0.15074433
1.27499996	-0.31659079	0.11318897
1.27599996	0.09427288	0.10734498
1.27699996	0.49068037	0.13398130
1.27799996	0.75796628	0.18639271
1.27899996	0.85482281	0.25667447
1.27999996	0.75098425	0.32111222
1.28099996	0.46410555	0.37078616
1.28199996	0.06157726	0.38235113
1.28299996	-0.39788386	0.35386935
1.28399996	-0.72247171	0.30422613
1.28499996	-0.86654156	0.24064961
1.28599996	-0.79275346	0.17667323
1.28699996	-0.51005781	0.12213952
1.28799996	-0.12506151	0.09854823
1.28899996	0.30588704	0.10882135
1.28999996	0.64327019	0.15262057
1.29099996	0.83575296	0.22351746
1.29199996	0.83049333	0.29379922
1.29299996	0.62958294	0.35377705
1.29399996	0.27417567	0.37982899
1.29499996	-0.18282481	0.36771038
1.29599996	-0.56551427	0.32978591
1.29699996	-0.81911296	0.27165353
1.29799996	-0.85980558	0.20457062
1.29899996	-0.68125618	0.13853346
1.29999996	-0.34541091	0.10337722
1.30099996	0.09950172	0.10396162
1.30199996	0.48988065	0.13619587
1.30299996	0.76768577	0.19555856
1.30399996	0.85780632	0.26264149
1.30499996	0.74643207	0.32747909
1.30599996	0.45850763	0.36832553
1.30699996	0.03786294	0.37921384
1.30799996	-0.37656865	0.35577634
1.30899996	-0.72462475	0.30124262
1.30999996	-0.87389272	0.23726624
1.31099996	-0.80367249	0.17368971
1.31199996	-0.53730929	0.12404650
1.31299996	-0.11177412	0.09556472
1.31399996	0.30201155	0.10697588
1.31499996	0.64274728	0.15603469
1.31599996	0.82544905	0.22342519
1.31699996	0.82123524	0.29973549
1.31799996	0.62435406	0.35509965
1.31899996	0.26667076	0.38112080
1.31999996	-0.15668061	0.37512302
1.32099996	-0.58467644	0.33756766
1.32199996	-0.83055484	0.27946603
1.32299996	-0.86020547	0.20976870
1.32399996	-0.68101007	0.14840674
1.32499996	-0.31659079	0.10420768
1.32599996	0.09427288	0.09833292
1.32699996	0.49068037	0.13167445
1.32799996	0.75796628	0.18716167
1.32899996	0.85482281	0.25682825
1.32999996	0.75098425	0.32095841
1.33099996	0.46410555	0.37001723
1.33199996	0.06157726	0.38465798
1.33299996	-0.39788386	0.36285064
1.33399996	-0.72247171	0.31323817
1.33499996	-0.86654156	0.24295644
1.33599996	-0.79275346	0.17575049
1.33699996	-0.51005781	0.12121678
1.33799996	-0.12490772	0.10085507
1.33899996	0.30665600	0.11783341
1.33999996	0.64108634	0.16160187
1.34099996	0.82750982	0.22582431
1.34199996	0.81935900	0.29306102
1.34299996	0.61906374	0.35362327
1.34399996	0.26365650	0.37982899
1.34499996	-0.19398992	0.36771038
1.34599996	-0.57391119	0.32963213
1.34699996	-0.82206571	0.27088460
1.34799996	-0.85669905	0.20687746
1.34899996	-0.67209029	0.14751476
1.34999996	-0.33624509	0.11235851
1.35099996	0.10257751	0.10629921
1.35199996	0.48680487	0.13558070
1.35299996	0.75855070	0.19617371
1.35399996	0.84882504	0.26033464
1.35499996	0.74412525	0.31846702
1.35599996	0.45927659	0.35915971
1.35699996	0.03801673	0.37613803
1.35799996	-0.37672243	0.35900590
1.35899996	-0.72539371	0.31117740
1.35999996	-0.87143207	0.24394070
1.36099996	-0.79395300	0.16701525
1.36199996	-0.53081942	0.11429626
1.36299996	-0.11921752	0.09310409
1.36399996	0.29456815	0.10774484
1.36499996	0.64926797	0.15618849
1.36599996	0.83523005	0.22342519
1.36699996	0.82372659	0.29973549
1.36799996	0.62358516	0.35509965
1.36899996	0.26651698	0.38112080
1.36999996	-0.15668061	0.37527683
1.37099996	-0.58467644	0.33833662
1.37199996	-0.83040106	0.27712846
1.37299996	-0.85943651	0.20078740
1.37399996	-0.68334770	0.13942544
1.37499996	-0.32557210	0.10187007
1.37599996	0.08544537	0.09910187
1.37699996	0.48914248	0.13182825
1.37799996	0.75642842	0.18716167
1.37899996	0.84599531	0.25682825
1.37999996	0.74200296	0.32111222
1.38099996	0.46179873	0.37078616
1.38199996	0.06234621	0.38250491
1.38299996	-0.39773008	0.35463828
1.38399996	-0.72247171	0.30191928
1.38499996	-0.86654156	0.23163755
1.38599996	-0.79275346	0.16750738
1.38699996	-0.51005781	0.11906373
1.38799996	-0.12490772	0.10162401
1.38899996	0.30665600	0.11798720
1.38999996	0.64108634	0.16175567
1.39099996	0.82750982	0.22659326
1.39199996	0.81920522	0.29056963
1.39299996	0.61829478	0.34387302
1.39399996	0.26596335	0.37318528
1.39499996	-0.18500862	0.37438485
1.39599996	-0.56474531	0.33938238
1.39699996	-0.81895918	0.27334523
1.39799996	-0.85980558	0.20610851
1.39899996	-0.68125618	0.14736098
1.39999996	-0.34525713	0.11235851
1.40099996	0.10027067	0.10629921
1.40199996	0.48757380	0.13542692
1.40299996	0.75870448	0.19540477
1.40399996	0.84882504	0.26264149
1.40499996	0.74412525	0.32747909
1.40599996	0.45927659	0.36832553
1.40699996	0.03801673	0.37921384
1.40799996	-0.37656865	0.35577634
1.40899996	-0.72462475	0.30124262
1.40999996	-0.87389272	0.23711245
1.41099996	-0.80367249	0.17292076
1.41199996	-0.53746307	0.12638411
1.41299996	-0.11254306	0.10457677
1.41399996	0.30434915	0.11611097
1.41499996	0.65172857	0.15911049
1.41599996	0.83446109	0.22031865
1.41699996	0.82357281	0.29060039
1.41799996	0.62358516	0.34608760
1.41899996	0.26651698	0.37881398
1.41999996	-0.15668061	0.37589198
1.42099996	-0.58467644	0.33772147
1.42199996	-0.83040106	0.27946603
1.42299996	-0.85943651	0.20976870
1.42399996	-0.68334770	0.14840674
1.42499996	-0.32557210	0.10420768
1.42599996	0.08544537	0.09833292
1.42699996	0.48914248	0.13167445
1.42799996	0.75642842	0.18716167
1.42899996	0.84599531	0.25682825
1.42999996	0.74200296	0.32111222
1.43099996	0.46179873	0.37078616
1.43199996	0.06250000	0.38235113
1.43299996	-0.39696112	0.35386935
1.43399996	-0.72477853	0.30422613
1.43499996	-0.87549210	0.24064961
1.43599996	-0.80170399	0.17651944
1.43699996	-0.51236469	0.12137057
1.43799996	-0.12413878	0.10085507
1.43899996	0.30680978	0.11783341
1.43999996	0.64093256	0.16175567
1.44099996	0.82674092	0.22659326
1.44199996	0.82166582	0.29056963
1.44299996	0.62801427	0.34387302
1.44399996	0.27260703	0.37318528
1.44499996	-0.19168307	0.37438485
1.44599996	-0.57468009	0.33938238
1.44699996	-0.82221949	0.27334523
1.44799996	-0.85669905	0.20610851
1.44899996	-0.67209029	0.14736098
1.44999996	-0.33624509	0.11235851
1.45099996	0.10257751	0.10629921
1.45199996	0.48665109	0.13542692
1.45299996	0.75778174	0.19540477
1.45399996	0.85113192	0.26264149
1.45499996	0.75310653	0.32747909
1.45599996	0.46828863	0.36832553
1.45699996	0.04032357	0.37921384
1.45799996	-0.37749138	0.35577634
1.45899996	-0.72554749	0.30124262
1.45999996	-0.87158585	0.23711245
1.46099996	-0.79472196	0.17292076
1.46199996	-0.52851254	0.12638411
1.46299996	-0.11023622	0.10457677
1.46399996	0.30358022	0.11611097
1.46499996	0.65157479	0.15911049
1.46599996	0.83446109	0.22031865
1.46699996	0.82357281	0.29060039
1.46799996	0.62358516	0.34624138
1.46899996	0.26651698	0.37958291
1.46999996	-0.15668061	0.37355438
1.47099996	-0.58467644	0.32874015
1.47199996	-0.83040106	0.27030021
1.47299996	-0.85943651	0.20669292
1.47399996	-0.68334770	0.15151329
1.47499996	-0.32557210	0.11334276
1.47599996	0.08544537	0.10734498
1.47699996	0.48914248	0.13398130
1.47799996	0.75642842	0.18639271
1.47899996	0.84599531	0.25667447
1.47999996	0.74200296	0.32111222
1.48099996	0.46179873	0.37078616
1.48199996	0.06234621	0.38235113
1.48299996	-0.39773008	0.35386935
1.48399996	-0.72231793	0.30422613
1.48499996	-0.86577260	0.24064961
1.48599996	-0.79506028	0.17651944
1.48699996	-0.51900834	0.12137057
1.48799996	-0.13388902	0.10085507
1.48899996	0.30431840	0.11783341
1.48999996	0.64170152	0.16160187
1.49099996	0.82689470	0.22582431
1.49199996	0.82151204	0.29287648
1.49299996	0.62724531	0.35285434
1.49399996	0.27494463	0.38213584
1.49499996	-0.18267101	0.37672243
1.49599996	-0.56566805	0.33864421
1.49699996	-0.81988192	0.27319142
1.49799996	-0.85746801	0.20610851
1.49899996	-0.67224407	0.14736098
1.49999996	-0.33639887	0.11251231
1.50099996	0.10183932	0.10706816
1.50199996	0.48911172	0.13312007
1.50299996	0.76753199	0.18642348
1.50399996	0.85780632	0.25362942
1.50499996	0.74643207	0.32514149
1.50599996	0.45866141	0.36909449
1.50699996	0.03863189	0.37936762
1.50799996	-0.37902927	0.35577634
1.50899996	-0.73437500	0.30124262
1.50999996	-0.88059795	0.23726624
1.51099996	-0.79702878	0.17368971
1.51199996	-0.52774358	0.12404650
1.51299996	-0.11008243	0.09556472
1.51399996	0.30358022	0.10712968
1.51499996	0.65157479	0.15680364
1.51599996	0.83446109	0.22108760
1.51699996	0.82357281	0.29075417
1.51799996	0.62358516	0.34608760
1.51899996	0.26651698	0.37881398
1.51999996	-0.15668061	0.37604576
1.52099996	-0.58467644	0.33849040
1.52199996	-0.83040106	0.27697465
1.52299996	-0.85943651	0.20001845
1.52399996	-0.68334770	0.14173228
1.52499996	-0.32557210	0.11088213
1.52599996	0.08529159	0.10811393
1.52699996	0.48837352	0.13413508
1.52799996	0.75873524	0.18639271
1.52899996	0.85497659	0.25667447
1.52999996	0.75098425	0.32095841
1.53099996	0.46410555	0.37001723
1.53199996	0.06157726	0.38465798
1.53299996	-0.39788386	0.36285064
1.53399996	-0.72231793	0.31323817
1.53499996	-0.86577260	0.24295644
1.53599996	-0.79506028	0.17575049
1.53699996	-0.51900834	0.12121678
1.53799996	-0.13404281	0.10085507
1.53899996	0.30358022	0.11783341
1.53999996	0.64403909	0.16175567
1.54099996	0.83590674	0.22659326
1.54199996	0.83064717	0.29072341
1.54299996	0.63035184	0.34464198
1.54399996	0.27183810	0.37084767
1.54499996	-0.19183686	0.36540353
1.54599996	-0.57468009	0.33040109
1.54699996	-0.82221949	0.27103838
1.54799996	-0.85669905	0.20687746
1.54899996	-0.67209029	0.14751476
1.54999996	-0.33639887	0.11235851
1.55099996	0.10183932	0.10629921
1.55199996	0.48911172	0.13542692
1.55299996	0.76753199	0.19540477
1.55399996	0.85780632	0.26264149
1.55499996	0.74643207	0.32747909
1.55599996	0.45850763	0.36832553
1.55699996	0.03786294	0.37921384
1.55799996	-0.37672243	0.35577634
1.55899996	-0.72539371	0.30124262
1.55999996	-0.87158585	0.23726624
1.56099996	-0.79472196	0.17368971
1.56199996	-0.52851254	0.12404650
1.56299996	-0.11023622	0.09556472
1.56399996	0.30358022	0.10712968
1.56499996	0.65157479	0.15680364
1.56599996	0.83461493	0.22108760
1.56699996	0.82431102	0.29075417
1.56799996	0.62127829	0.34608760
1.56899996	0.25750491	0.37881398
1.56999996	-0.16566192	0.37589198
1.57099996	-0.58698326	0.33772147
1.57199996	-0.82963210	0.27928150
1.57299996	-0.85928273	0.20903051
1.57399996	-0.68334770	0.15074433
1.57499996	-0.32557210	0.11318897
1.57599996	0.08529159	0.10734498
1.57699996	0.48837352	0.13398130
1.57799996	0.75873524	0.18639271
1.57899996	0.85497659	0.25667447
1.57999996	0.75098425	0.32111222
1.58099996	0.46410555	0.37078616
1.58199996	0.06157726	0.38235113
1.58299996	-0.39788386	0.35386935
1.58399996	-0.72231793	0.30422613
1.58499996	-0.86577260	0.24064961
1.58599996	-0.79506028	0.17651944
1.58699996	-0.51900834	0.12137057
1.58799996	-0.13388902	0.10085507
1.58899996	0.30431840	0.11783341
1.58999996	0.64170152	0.16160187
1.59099996	0.82689470	0.22582431
1.59199996	0.82151204	0.29287648
1.59299996	0.62724531	0.35285434
1.59399996	0.27494463	0.38213584
1.59499996	-0.18267101	0.37672243
1.59599996	-0.56551427	0.33879799
1.59699996	-0.81911296	0.27396038
1.59799996	-0.85980558	0.20380168
1.59899995	-0.68125618	0.13837968
1.59999995	-0.34541091	0.10337722
1.60099995	0.09950172	0.10396162
1.60199995	0.48988065	0.13619587
1.60299995	0.76768577	0.19555856
1.60399995	0.85780632	0.26264149
1.60499995	0.74643207	0.32747909
1.60599995	0.45850763	0.36832553
1.60699995	0.03786294	0.37921384
1.60799995	-0.37672243	0.35577634
1.60899995	-0.72539371	0.30124262
1.60999995	-0.87158585	0.23711245
1.61099995	-0.79472196	0.17292076
1.61199995	-0.52851254	0.12638411
1.61299995	-0.11023622	0.10457677
1.61399995	0.30358022	0.11595719
1.61499995	0.65157479	0.15837230
1.61599995	0.83446109	0.22265625
1.61699995	0.82357281	0.29958171
1.61799995	0.62358516	0.35525346
1.61899995	0.26651698	0.38188976
1.61999995	-0.15668061	0.37278542
1.62099995	-0.58467644	0.32858637
1.62199995	-0.83055484	0.27045399
1.62299995	-0.86020547	0.20746186
1.62399995	-0.68101007	0.14917569
1.62499995	-0.31659079	0.10436147
1.62599995	0.09442667	0.09833292
1.62699995	0.49144930	0.13167445
1.62799995	0.75565946	0.18716167
1.62899995	0.84584153	0.25682825
1.62999995	0.74215674	0.32111222
1.63099995	0.46256766	0.37078616
1.63199995	0.06000861	0.38250491
1.63299995	-0.40671137	0.35463828
1.63399995	-0.73148376	0.30191928
1.63499995	-0.86884844	0.23163755
1.63599995	-0.79198450	0.16750738
1.63699995	-0.50990403	0.11906373
1.63799995	-0.12506151	0.10162401
1.63899995	0.30588704	0.11798720
1.63999995	0.64342397	0.16160187
1.64099995	0.83649117	0.22582431
1.64199995	0.82818651	0.29306102
1.64299995	0.62060159	0.35362327
1.64399995	0.26519439	0.37982899
1.64499995	-0.18516240	0.36771038
1.64599995	-0.56474531	0.32963213
1.64699995	-0.81895918	0.27088460
1.64799995	-0.85980558	0.20687746
1.64899995	-0.68125618	0.14751476
1.64999995	-0.34525713	0.11235851
1.65099995	0.10027067	0.10629921
1.65199995	0.48757380	0.13558070
1.65299995	0.75870448	0.19617371
1.65399995	0.84882504	0.26033464
1.65499995	0.74412525	0.31846702
1.65599995	0.45927659	0.35915971
1.65699995	0.03801673	0.37613803
1.65799995	-0.37672243	0.35885212
1.65899995	-0.72539371	0.31040847
1.65999995	-0.87158585	0.24627830
1.66099995	-0.79472196	0.17599656
1.66199995	-0.52851254	0.12327756
1.66299995	-0.11023622	0.09541093
1.66399995	0.30358022	0.10697588
1.66499995	0.65157479	0.15603469
1.66599995	0.83446109	0.22342519
1.66699995	0.82357281	0.29973549
1.66799995	0.62358516	0.35509965
1.66899995	0.26651698	0.38112080
1.66999995	-0.15668061	0.37512302
1.67099995	-0.58467644	0.33756766
1.67199995	-0.83040106	0.27946603
1.67299995	-0.85943651	0.20976870
1.67399995	-0.68334770	0.14840674
1.67499995	-0.32557210	0.10420768
1.67599995	0.08529159	0.09817913
1.67699995	0.48837352	0.13090551
1.67799995	0.75873524	0.18949926
1.67899995	0.85497659	0.26580954
1.67999995	0.75113803	0.33012426
1.68099995	0.46487451	0.37312376
1.68199995	0.05923967	0.38158217
1.68299995	-0.40686515	0.35371554
1.68399995	-0.73132998	0.30422613
1.68499995	-0.86807948	0.24064961
1.68599995	-0.79429132	0.17651944
1.68699995	-0.51885456	0.12137057
1.68799995	-0.13388902	0.10085507
1.68899995	0.30431840	0.11783341
1.68999995	0.64185530	0.16175567
1.69099995	0.82766360	0.22659326
1.69199995	0.81935900	0.29056963
1.69299995	0.61906374	0.34387302
1.69399995	0.26365650	0.37318528
1.69499995	-0.19398992	0.37438485
1.69599995	-0.57375735	0.33938238
1.69699995	-0.82129675	0.27334523
1.69799995	-0.85903668	0.20610851
1.69899995	-0.68110234	0.14736098
1.69999995	-0.34541091	0.11251231
1.70099995	0.09950172	0.10706816
1.70199995	0.48988065	0.13312007
1.70299995	0.76768577	0.18642348
1.70399995	0.85780632	0.25362942
1.70499995	0.74643207	0.32514149
1.70599995	0.45850763	0.36909449
1.70699995	0.03786294	0.37936762
1.70799995	-0.37672243	0.35577634
1.70899995	-0.72539371	0.30124262
1.70999995	-0.87158585	0.23711245
1.71099995	-0.79472196	0.17292076
1.71199995	-0.52851254	0.12638411
1.71299995	-0.11023622	0.10457677
1.71399995	0.30358022	0.11611097
1.71499995	0.65157479	0.15911049
1.71599995	0.83446109	0.22031865
1.71699995	0.82357281	0.29060039
1.71799995	0.62358516	0.34608760
1.71899995	0.26651698	0.37881398
1.71999995	-0.15668061	0.37589198
1.72099995	-0.58467644	0.33772147
1.72199995	-0.83040106	0.27928150
1.72299995	-0.85943651	0.20903051
1.72399995	-0.68334770	0.15074433
1.72499995	-0.32557210	0.11318897
1.72599995	0.08544537	0.10719119
1.72699995	0.48914248	0.13321236
1.72799995	0.75642842	0.18873031
1.72899995	0.84599531	0.26565576
1.72999995	0.74200296	0.32993972
1.73099995	0.46179873	0.37235484
1.73199995	0.06234621	0.38388902
1.73299995	-0.39773008	0.36269686
1.73399995	-0.72247171	0.31323817
1.73499995	-0.86654156	0.24295644
1.73599995	-0.79275346	0.17575049
1.73699995	-0.51005781	0.12121678
1.73799995	-0.12506151	0.10085507
1.73899995	0.30588704	0.11783341
1.73999995	0.64327019	0.16175567
1.74099995	0.83575296	0.22659326
1.74199995	0.83064717	0.29056963
1.74299995	0.63035184	0.34387302
1.74399995	0.27199188	0.37318528
1.74499995	-0.19106792	0.37438485
1.74599995	-0.57698697	0.33938238
1.74699995	-0.83120078	0.27334523
1.74799995	-0.86571109	0.20610851
1.74899995	-0.67442793	0.14736098
1.74999995	-0.33547613	0.11235851
1.75099995	0.10273130	0.10629921
1.75199995	0.48680487	0.13542692
1.75299995	0.75855070	0.19540477
1.75399995	0.84882504	0.26264149
1.75499995	0.74412525	0.32747909
1.75599995	0.45927659	0.36817175
1.75699995	0.03801673	0.37844488
1.75799995	-0.37672243	0.35808316
1.75899995	-0.72539371	0.31025466
1.75999995	-0.87158585	0.24627830
1.76099995	-0.79472196	0.17599656
1.76199995	-0.52851254	0.12327756
1.76299995	-0.11023622	0.09541093
1.76399995	0.30358022	0.10712968
1.76499995	0.65157479	0.15680364
1.76599995	0.83461493	0.22108760
1.76699995	0.82431102	0.29075417
1.76799995	0.62127829	0.34608760
1.76899995	0.25750491	0.37881398
1.76999995	-0.16566192	0.37589198
1.77099995	-0.58698326	0.33772147
1.77199995	-0.82963210	0.27946603
1.77299995	-0.85928273	0.20976870
1.77399995	-0.68334770	0.14840674
1.77499995	-0.32557210	0.10420768
1.77599995	0.08529159	0.09833292
1.77699995	0.48837352	0.13167445
1.77799995	0.75873524	0.18716167
1.77899995	0.85497659	0.25682825
1.77999995	0.75098425	0.32095841
1.78099995	0.46410555	0.37001723
1.78199995	0.06157726	0.38481176
1.78299995	-0.39788386	0.36361960
1.78399995	-0.72247171	0.31090060
1.78499995	-0.86654156	0.23397514
1.78599995	-0.79275346	0.16673844
1.78699995	-0.51005781	0.11890994
1.78799995	-0.12490772	0.10162401
1.78899995	0.30665600	0.11798720
1.78999995	0.64108634	0.16160187
1.79099995	0.82750982	0.22582431
1.79199995	0.81935900	0.29287648
1.79299995	0.61906374	0.35285434
1.79399995	0.26365650	0.38213584
1.79499995	-0.19398992	0.37672243
1.79599995	-0.57375735	0.33879799
1.79699995	-0.82129675	0.27396038
1.79799995	-0.85903668	0.20380168
1.79899995	-0.68110234	0.13837968
1.79999995	-0.34541091	0.10353100
1.80099995	0.09950172	0.10473056
1.80199995	0.49003446	0.13388902
1.80299995	0.76845473	0.18657726
1.80399995	0.85534573	0.25362942
1.80499995	0.73671257	0.32514149
1.80599995	0.45186391	0.36909449
1.80699995	0.04453740	0.37936762
1.80799995	-0.36694142	0.35577634
1.80899995	-0.72290230	0.30124262
1.80999995	-0.87235481	0.23711245
1.81099995	-0.79487574	0.17292076
1.81199995	-0.52835876	0.12638411
1.81299995	-0.10946728	0.10457677
1.81399995	0.30124262	0.11611097
1.81499995	0.64259350	0.15911049
1.81599995	0.82544905	0.22031865
1.81699995	0.82123524	0.29060039
1.81799995	0.62435406	0.34608760
1.81899995	0.26667076	0.37881398
1.81999995	-0.15668061	0.37589198
1.82099995	-0.58467644	0.33772147
1.82199995	-0.83055484	0.27928150
1.82299995	-0.86020547	0.20903051
1.82399995	-0.68101007	0.15074433
1.82499995	-0.31659079	0.11318897
1.82599995	0.09442667	0.10734498
1.82699995	0.49144930	0.13398130
1.82799995	0.75565946	0.18639271
1.82899995	0.84584153	0.25667447
1.82999995	0.74215674	0.32111222
1.83099995	0.46256766	0.37078616
1.83199995	0.06000861	0.38235113
1.83299995	-0.40671137	0.35386935
1.83399995	-0.73148376	0.30422613
1.83499995	-0.86884844	0.24064961
1.83599995	-0.79198450	0.17651944
1.83699995	-0.50990403	0.12137057
1.83799995	-0.12490772	0.10085507
1.83899995	0.30665600	0.11783341
1.83999995	0.64093256	0.16175567
1.84099995	0.82674092	0.22659326
1.84199995	0.82166582	0.29056963
1.84299995	0.62801427	0.34387302
1.84399995	0.27260703	0.37318528
1.84499995	-0.19168307	0.37438485
1.84599995	-0.57468009	0.33938238
1.84699995	-0.82221949	0.27334523
1.84799995	-0.85669905	0.20610851
1.84899995	-0.67209029	0.14736098
1.84999995	-0.33624509	0.11235851
1.85099995	0.10257751	0.10629921
1.85199995	0.48680487	0.13542692
1.85299995	0.75855070	0.19540477
1.85399995	0.84882504	0.26264149
1.85499995	0.74412525	0.32747909
1.85599995	0.45927659	0.36832553
1.85699995	0.03801673	0.37921384
1.85799995	-0.37672243	0.35577634
1.85899995	-0.72539371	0.30124262
1.85999995	-0.87143207	0.23711245
1.86099995	-0.79395300	0.17292076
1.86199995	-0.53081942	0.12638411
1.86299995	-0.11921752	0.10457677
1.86399995	0.29456815	0.11611097
1.86499995	0.64926797	0.15911049
1.86599995	0.83523005	0.22031865
1.86699995	0.82372659	0.29060039
1.86799995	0.62358516	0.34608760
1.86899995	0.26651698	0.37881398
1.86999995	-0.15668061	0.37589198
1.87099995	-0.58467644	0.33772147
1.87199995	-0.83055484	0.27928150
1.87299995	-0.86020547	0.20903051
1.87399995	-0.68101007	0.15074433
1.87499995	-0.31659079	0.11318897
1.87599995	0.09427288	0.10734498
1.87699995	0.49068037	0.13398130
1.87799995	0.75796628	0.18639271
1.87899995	0.85482281	0.25667447
1.87999995	0.75113803	0.32111222
1.88099995	0.46487451	0.37078616
1.88199995	0.05923967	0.38235113
1.88299995	-0.40686515	0.35386935
1.88399995	-0.73132998	0.30422613
1.88499995	-0.86807948	0.24064961
1.88599995	-0.79429132	0.17651944
1.88699995	-0.51885456	0.12137057
1.88799995	-0.13388902	0.10085507
1.88899995	0.30431840	0.11783341
1.88999995	0.64170152	0.16160187
1.89099995	0.82689470	0.22582431
1.89199995	0.82166582	0.29306102
1.89299995	0.62801427	0.35362327
1.89399995	0.27260703	0.37982899
1.89499995	-0.19168307	0.36771038
1.89599995	-0.57449555	0.32963213
1.89699995	-0.82145053	0.27088460
1.89799995	-0.85903668	0.20687746
1.89899995	-0.68110234	0.14751476
1.89999995	-0.34541091	0.11251231
1.90099995	0.09950172	0.10706816
1.90199995	0.48988065	0.13312007
1.90299995	0.76768577	0.18642348
1.90399995	0.85780632	0.25362942
1.90499995	0.74643207	0.32514149
1.90599995	0.45850763	0.36909449
1.90699995	0.03786294	0.37936762
1.90799995	-0.37672243	0.35577634
1.90899995	-0.72539371	0.30124262
1.90999995	-0.87158585	0.23711245
1.91099995	-0.79472196	0.17292076
1.91199995	-0.52851254	0.12638411
1.91299995	-0.11023622	0.10457677
1.91399995	0.30358022	0.11611097
1.91499995	0.65157479	0.15911049
1.91599995	0.83446109	0.22031865
1.91699995	0.82357281	0.29060039
1.91799995	0.62358516	0.34608760
1.91899995	0.26651698	0.37881398
1.91999995	-0.15652682	0.37589198
1.92099995	-0.58390749	0.33772147
1.92199995	-0.83270794	0.27946603
1.92299995	-0.86838704	0.20976870
1.92399995	-0.69229823	0.14840674
1.92499995	-0.32790971	0.10420768
1.92599995	0.08621432	0.09833292
1.92699995	0.48929626	0.13167445
1.92799995	0.75642842	0.18731545
1.92899995	0.84599531	0.25759721
1.92999995	0.74215674	0.31880537
1.93099995	0.46256766	0.36180487
1.93199995	0.06000861	0.37333909
1.93299995	-0.40671137	0.35153174
1.93399995	-0.73148376	0.30499509
1.93499995	-0.86884844	0.24080339
1.93599995	-0.79198450	0.17651944
1.93699995	-0.50990403	0.12137057
1.93799995	-0.12490772	0.10085507
1.93899995	0.30665600	0.11783341
1.93999995	0.64093256	0.16175567
1.94099995	0.82674092	0.22659326
1.94199995	0.82166582	0.29072341
1.94299995	0.62801427	0.34464198
1.94399995	0.27260703	0.37084767
1.94499995	-0.19168307	0.36540353
1.94599995	-0.57468009	0.33040109
1.94699995	-0.82221949	0.27103838
1.94799995	-0.85669905	0.20687746
1.94899995	-0.67209029	0.14751476
1.94999995	-0.33624509	0.11251231
1.95099995	0.10257751	0.10706816
1.95199995	0.48680487	0.13312007
1.95299994	0.75855070	0.18642348
1.95399994	0.84882504	0.25362942
1.95499994	0.74412525	0.32514149
1.95599994	0.45927659	0.36909449
1.95699994	0.03801673	0.37936762
1.95799994	-0.37672243	0.35577634
1.95899994	-0.72539371	0.30124262
1.95999994	-0.87143207	0.23711245
1.96099994	-0.79395300	0.17292076
1.96199994	-0.53081942	0.12638411
1.96299994	-0.11921752	0.10457677
1.96399994	0.29456815	0.11595719
1.96499994	0.64926797	0.15837230
1.96599994	0.83538383	0.22265625
1.96699994	0.82449555	0.29958171
1.96799994	0.62127829	0.35509965
1.96899994	0.25750491	0.38112080
1.96999994	-0.16566192	0.37512302
1.97099994	-0.58698326	0.33756766
1.97199994	-0.82963210	0.27946603
1.97299994	-0.85928273	0.20976870
1.97399994	-0.68334770	0.14840674
1.97499994	-0.32557210	0.10420768
1.97599994	0.08544537	0.09817913
1.97699994	0.48914248	0.13090551
1.97799994	0.75642842	0.18949926
1.97899994	0.84599531	0.26580954
1.97999994	0.74215674	0.33012426
1.98099994	0.46256766	0.37312376
1.98199994	0.06000861	0.38158217
1.98299994	-0.40671137	0.35371554
1.98399994	-0.73148376	0.30407235
1.98499994	-0.86884844	0.23988065
1.98599994	-0.79198450	0.17882627
1.98699994	-0.50990403	0.13035187
1.98799994	-0.12506151	0.10983637
1.98899994	0.30588704	0.12014025
1.98999994	0.64342397	0.16101746
1.99099994	0.83649117	0.22643946
1.99199994	0.82834029	0.29056963
1.99299994	0.62137055	0.34387302
1.99399994	0.26288754	0.37318528
1.99499994	-0.19414370	0.37438485
1.99599994	-0.57391119	0.33938238
1.99699994	-0.82206571	0.27334523
1.99799994	-0.85669905	0.20610851
1.99899994	-0.67209029	0.14736098
1.99999994	-0.33624509	0.11235851
2.00099994	0.10257751	0.10629921
2.00199994	0.48680487	0.13542692
2.00299994	0.75855070	0.19540477
