Time	Channel A	Channel B
(us)	(V)	(V)

-0.00400000	-0.28432578	0.27334523
-0.00300000	-0.67175198	0.33938238
-0.00200000	-0.86463457	0.37438485
-0.00100000	-0.83556843	0.37318528
0.00000000	-0.60709894	0.34402683
0.00100000	-0.21059917	0.29133859
0.00200000	0.20610851	0.22428642
0.00300000	0.58135456	0.15277436
0.00400000	0.80490279	0.10882135
0.00500000	0.84181225	0.09854823
0.00600000	0.68559301	0.12213952
0.00700000	0.36180487	0.17667323
0.00800000	-0.05551796	0.24064961
0.00900000	-0.50590551	0.30422613
0.01000000	-0.78952384	0.35386935
0.01100000	-0.86635703	0.38235113
0.01200000	-0.73711246	0.37078616
0.01300000	-0.41870692	0.32111222
0.01400000	-0.01648622	0.25667447
0.01500000	0.41021776	0.18639271
0.01600000	0.71570498	0.13398130
0.01700000	0.85368478	0.10734498
0.01800000	0.79315329	0.11318897
0.01900000	0.54444510	0.15074433
0.02000000	0.15960261	0.20903051
0.02100000	-0.30468750	0.27928150
0.02200000	-0.65824926	0.33772147
0.02300000	-0.85070127	0.37589198
0.02400000	-0.82975519	0.37881398
0.02500000	-0.59731793	0.34608760
0.02600000	-0.23252952	0.29060039
0.02700000	0.21176796	0.22031865
0.02800000	0.57563359	0.15911049
0.02900000	0.80441070	0.11611097
0.03000000	0.84245819	0.10442298
0.03100000	0.68451649	0.12561515
0.03200000	0.35854453	0.17525837
0.03300000	-0.08636811	0.24612451
0.03400000	-0.48658955	0.31025466
0.03500000	-0.78503323	0.35808316
0.03600000	-0.87253934	0.37859866
0.03700000	-0.73631275	0.36894071
0.03800000	-0.42944142	0.32514149
0.03900000	0.00455217	0.25362942
0.04000000	0.40649605	0.18642348
0.04100000	0.71635085	0.13312007
0.04200000	0.84993231	0.10706816
0.04300000	0.78638655	0.11251231
0.04400000	0.53961617	0.14736098
0.04500000	0.14800689	0.20610851
0.04600000	-0.27226871	0.27334523
0.04700000	-0.66031003	0.33938238
0.04800000	-0.85642225	0.37438485
0.04900000	-0.83341533	0.37318528
0.05000000	-0.60786784	0.34387302
0.05100000	-0.21075295	0.29056963
0.05200000	0.20610851	0.22659326
0.05300000	0.58135456	0.16175567
0.05400000	0.80490279	0.11783341
0.05500000	0.84181225	0.10085507
0.05600000	0.68559301	0.12121678
0.05700000	0.36180487	0.17575049
0.05800000	-0.05536417	0.24295644
0.05900000	-0.50513655	0.31323817
0.06000000	-0.79201525	0.36285064
0.06100000	-0.87613803	0.38465798
0.06200000	-0.74378693	0.36986342
0.06300000	-0.41206324	0.32018948
0.06400000	-0.00673597	0.25898129
0.06500000	0.41270915	0.19537401
0.06600000	0.71493602	0.14311638
0.06700000	0.85353100	0.11042077
0.06800000	0.79315329	0.11011319
0.06900000	0.54444510	0.14157850
0.07000000	0.15960261	0.20001845
0.07100000	-0.30468750	0.27697465
0.07200000	-0.65840304	0.33849040
0.07300000	-0.85147023	0.37604576
0.07400000	-0.82744831	0.37881398
0.07500000	-0.58833659	0.34608760
0.07600000	-0.22354823	0.29060039
0.07700000	0.21407481	0.22031865
0.07800000	0.57471085	0.15911049
0.07900000	0.80348796	0.11611097
0.08000000	0.84476501	0.10457677
0.08100000	0.69349778	0.12638411
0.08200000	0.36752585	0.17292076
0.08300000	-0.08403051	0.23711245
0.08400000	-0.48735851	0.30139640
0.08500000	-0.78518701	0.35654527
0.08600000	-0.87253934	0.37706077
0.08700000	-0.73631275	0.36008242
0.08800000	-0.42944142	0.31616017
0.08900000	0.00455217	0.25132260
0.09000000	0.40649605	0.18719243
0.09100000	0.71635085	0.13327387
0.09200000	0.84993231	0.10706816
0.09300000	0.78638655	0.11251231
0.09400000	0.53961617	0.14736098
0.09500000	0.14800689	0.20610851
0.09600000	-0.27226871	0.27334523
0.09700000	-0.66031003	0.33938238
0.09800000	-0.85642225	0.37438485
0.09900000	-0.83341533	0.37318528
0.10000000	-0.60786784	0.34387302
0.10100000	-0.21075295	0.29056963
0.10200000	0.20610851	0.22659326
0.10300000	0.58135456	0.16175567
0.10400000	0.80505657	0.11783341
0.10500000	0.84258121	0.10085507
0.10600000	0.68328619	0.12121678
0.10700000	0.35285434	0.17575049
0.10800000	-0.06449926	0.24311024
0.10900000	-0.50824308	0.31397638
0.11000000	-0.78890872	0.36054379
0.11100000	-0.86697221	0.37567666
0.11200000	-0.73480558	0.36103591
0.11300000	-0.40975639	0.31862080
0.11400000	-0.00750492	0.25759721
0.11500000	0.41255537	0.18731545
0.11600000	0.71493602	0.13167445
0.11700000	0.85353100	0.09833292
0.11800000	0.79315329	0.10420768
0.11900000	0.54444510	0.14840674
0.12000000	0.15960261	0.20976870
0.12100000	-0.30468750	0.27946603
0.12200000	-0.65824926	0.33772147
0.12300000	-0.85070127	0.37589198
0.12400000	-0.82990897	0.37881398
0.12500000	-0.59808683	0.34608760
0.12600000	-0.23019193	0.29060039
0.12700000	0.22074926	0.22031865
0.12800000	0.58464569	0.15911049
0.12900000	0.80671751	0.11611097
0.13000000	0.84168923	0.10442298
0.13100000	0.68436271	0.12561515
0.13200000	0.35854453	0.17525837
0.13300000	-0.08636811	0.24612451
0.13400000	-0.48658955	0.31040847
0.13500000	-0.78503323	0.35885212
0.13600000	-0.87253934	0.37613803
0.13700000	-0.73631275	0.35915971
0.13800000	-0.42944142	0.31846702
0.13900000	0.00455217	0.26033464
0.14000000	0.40649605	0.19617371
0.14100000	0.71635085	0.13558070
0.14200000	0.84993231	0.10629921
0.14300000	0.78638655	0.11235851
0.14400000	0.53961617	0.14736098
0.14500000	0.14800689	0.20610851
0.14600000	-0.27226871	0.27334523
0.14700000	-0.66031003	0.33938238
0.14800000	-0.85642225	0.37438485
0.14900000	-0.83341533	0.37318528
0.15000000	-0.60786784	0.34387302
0.15100000	-0.21075295	0.29056963
0.15200000	0.20610851	0.22659326
0.15300000	0.58135456	0.16175567
0.15400000	0.80490279	0.11783341
0.15500000	0.84181225	0.10085507
0.15600000	0.68559301	0.12121678
0.15700000	0.36180487	0.17575049
0.15800000	-0.05536417	0.24295644
0.15900000	-0.50513655	0.31323817
0.16000000	-0.79201525	0.36285064
0.16100000	-0.87613803	0.38465798
0.16200000	-0.74378693	0.37001723
0.16300000	-0.41206324	0.32095841
0.16400000	-0.00673597	0.25682825
0.16500000	0.41270915	0.18716167
0.16600000	0.71493602	0.13167445
0.16700000	0.85353100	0.09833292
0.16800000	0.79315329	0.10420768
0.16900000	0.54444510	0.14840674
0.17000000	0.15960261	0.20976870
0.17100000	-0.30468750	0.27946603
0.17200000	-0.65840304	0.33772147
0.17300000	-0.85147023	0.37589198
0.17400000	-0.82744831	0.37881398
0.17500000	-0.58833659	0.34608760
0.17600000	-0.22354823	0.29060039
0.17700000	0.21407481	0.22031865
0.17800000	0.57471085	0.15929502
0.17900000	0.80348796	0.11687992
0.18000000	0.84476501	0.10208538
0.18100000	0.69349778	0.11660310
0.18200000	0.36752585	0.16624631
0.18300000	-0.08403051	0.24378690
0.18400000	-0.48735851	0.31102362
0.18499999	-0.78518701	0.35823697
0.18599999	-0.87253934	0.37859866
0.18699999	-0.73631275	0.36894071
0.18799999	-0.42944142	0.32514149
0.18899999	0.00455217	0.25362942
0.18999999	0.40649605	0.18642348
0.19099999	0.71635085	0.13312007
0.19199999	0.84993231	0.10706816
0.19299999	0.78638655	0.11251231
0.19399999	0.53961617	0.14736098
0.19499999	0.14800689	0.20610851
0.19599999	-0.27226871	0.27319142
0.19699999	-0.66031003	0.33864421
0.19799999	-0.85642225	0.37672243
0.19899999	-0.83341533	0.38213584
0.19999999	-0.60786784	0.35300812
0.20099999	-0.21075295	0.29364541
0.20199999	0.20610851	0.22351746
0.20299999	0.58135456	0.15262057
0.20399999	0.80490279	0.10882135
0.20499999	0.84181225	0.09854823
0.20599999	0.68559301	0.12198573
0.20699999	0.36180487	0.17590427
0.20799999	-0.05536417	0.24295644
0.20899999	-0.50513655	0.31323817
0.20999999	-0.79201525	0.36285064
0.21099999	-0.87613803	0.38465798
0.21199999	-0.74378693	0.37001723
0.21299999	-0.41206324	0.32095841
0.21399999	-0.00673597	0.25682825
0.21499999	0.41270915	0.18716167
0.21599999	0.71508980	0.13167445
0.21699999	0.85429996	0.09833292
0.21799999	0.79084647	0.10420768
0.21899999	0.53543305	0.14840674
0.21999999	0.15059055	0.20992249
0.22099999	-0.30702510	0.28020424
0.22199999	-0.65748030	0.33541462
0.22299999	-0.85054749	0.36687991
0.22399999	-0.82975519	0.36980191
0.22499999	-0.59731793	0.34378076
0.22599999	-0.23252952	0.29136935
0.22699999	0.21176796	0.22047244
0.22799999	0.57563359	0.15911049
0.22899999	0.80441070	0.11611097
0.22999999	0.84245819	0.10442298
0.23099999	0.68451649	0.12561515
0.23199999	0.35854453	0.17525837
0.23299999	-0.08636811	0.24612451
0.23399999	-0.48643577	0.31025466
0.23499999	-0.78426427	0.35808316
0.23599999	-0.87484622	0.37859866
0.23699999	-0.74532479	0.36894071
0.23799999	-0.43842274	0.32514149
0.23899999	0.00224532	0.25362942
0.23999999	0.40726501	0.18642348
0.24099999	0.71650469	0.13312007
0.24199999	0.84993231	0.10706816
0.24299999	0.78638655	0.11251231
0.24399999	0.53961617	0.14751476
0.24499999	0.14800689	0.20687746
0.24599999	-0.27226871	0.27088460
0.24699999	-0.66031003	0.32963213
0.24799999	-0.85642225	0.36771038
0.24899999	-0.83341533	0.37982899
0.24999999	-0.60786784	0.35362327
0.25099999	-0.21075295	0.29306102
0.25199999	0.20610851	0.22582431
0.25299999	0.58135456	0.16160187
0.25399999	0.80490279	0.11783341
0.25499999	0.84181225	0.10085507
0.25599999	0.68559301	0.12137057
0.25699999	0.36180487	0.17651944
0.25799999	-0.05536417	0.24064961
0.25899999	-0.50513655	0.30422613
0.25999999	-0.79201525	0.35386935
0.26099999	-0.87613803	0.38235113
0.26199999	-0.74378693	0.37078616
0.26299999	-0.41206324	0.32111222
0.26399999	-0.00658219	0.25682825
0.26499999	0.41344735	0.18716167
0.26599999	0.71247542	0.13182825
0.26699999	0.84381151	0.09910187
0.26799999	0.78666335	0.10187007
0.26899999	0.55185777	0.13942544
0.26999999	0.16701525	0.20078740
0.27099999	-0.31120816	0.27712846
0.27199999	-0.66815329	0.33849040
0.27299999	-0.85393083	0.37604576
0.27399999	-0.82667935	0.37881398
0.27499999	-0.58818281	0.34608760
0.27599999	-0.22370201	0.29060039
0.27699999	0.21330586	0.22031865
0.27799999	0.57704848	0.15911049
0.27899999	0.81246924	0.11611097
0.27999999	0.85377705	0.10442298
0.28099999	0.69583535	0.12561515
0.28199999	0.36675689	0.17525837
0.28299999	-0.08418430	0.24612451
0.28399999	-0.48735851	0.31040847
0.28499999	-0.78518701	0.35885212
0.28599999	-0.87253934	0.37629184
0.28699999	-0.73631275	0.35992864
0.28799999	-0.42944142	0.31616017
0.28899999	0.00455217	0.25132260
0.28999999	0.40649605	0.18719243
0.29099999	0.71635085	0.13327387
0.29199999	0.85008609	0.10706816
0.29299999	0.78715551	0.11251231
0.29399999	0.53727853	0.14736098
0.29499999	0.13902558	0.20610851
0.29599999	-0.28125000	0.27334523
0.29699999	-0.66261685	0.33938238
0.29799999	-0.85565329	0.37438485
0.29899999	-0.83326155	0.37318528
0.29999999	-0.60786784	0.34387302
0.30099999	-0.21075295	0.29056963
0.30199999	0.20610851	0.22659326
0.30299999	0.58135456	0.16175567
0.30399999	0.80490279	0.11783341
0.30499999	0.84181225	0.10085507
0.30599999	0.68559301	0.12121678
0.30699999	0.36180487	0.17575049
0.30799999	-0.05551796	0.24311024
0.30899999	-0.50590551	0.31397638
0.30999999	-0.78967768	0.36054379
0.31099999	-0.86712599	0.37567666
0.31199999	-0.73480558	0.36103591
0.31299999	-0.40975639	0.31862080
0.31399999	-0.00750492	0.25744340
0.31499999	0.41255537	0.18654650
0.31599999	0.71493602	0.13398130
0.31699999	0.85353100	0.10734498
0.31799999	0.79315329	0.11318897
0.31899999	0.54444510	0.15074433
0.31999999	0.15960261	0.20903051
0.32099999	-0.30468750	0.27928150
0.32199999	-0.65824926	0.33772147
0.32299999	-0.85070127	0.37589198
0.32399999	-0.82975519	0.37881398
0.32499999	-0.59731793	0.34608760
0.32599999	-0.23268332	0.29060039
0.32699999	0.21099901	0.22031865
0.32799999	0.57794046	0.15911049
0.32899999	0.81339198	0.11611097
0.32999999	0.85143948	0.10442298
0.33099999	0.68682331	0.12561515
0.33199999	0.35777560	0.17525837
0.33299999	-0.08652190	0.24612451
0.33399999	-0.48658955	0.31040847
0.33499999	-0.78503323	0.35885212
0.33599999	-0.87253934	0.37629184
0.33699999	-0.73631275	0.35992864
0.33799999	-0.42944142	0.31616017
0.33899999	0.00455217	0.25132260
0.33999999	0.40664986	0.18719243
0.34099999	0.71711981	0.13327387
0.34199999	0.84762549	0.10706816
0.34299999	0.77740526	0.11251231
0.34399999	0.53075784	0.14736098
0.34499999	0.14646900	0.20610851
0.34599999	-0.27380660	0.27334523
0.34699999	-0.66913754	0.33938238
0.34799999	-0.86540353	0.37453863
0.34899999	-0.83572221	0.37395424
0.34999999	-0.60709894	0.34156618
0.35099999	-0.21059917	0.28158835
0.35199999	0.20610851	0.21742742
0.35299999	0.58135456	0.15867987
0.35399999	0.80490279	0.12090920
0.35499999	0.84181225	0.10999016
0.35599999	0.68559301	0.13035187
0.35699999	0.36180487	0.17882627
0.35799999	-0.05551796	0.24003445
0.35899999	-0.50590551	0.30484128
0.35999999	-0.78967768	0.35153174
0.36099999	-0.86712599	0.37333909
0.36199999	-0.73480558	0.36180487
0.36299999	-0.40975639	0.31880537
0.36399999	-0.00750492	0.25744340
0.36499999	0.41255537	0.18654650
0.36599999	0.71493602	0.13398130
0.36699999	0.85353100	0.10734498
0.36799999	0.79315329	0.11318897
0.36899999	0.54444510	0.15074433
0.36999999	0.15975639	0.20903051
0.37099999	-0.30391854	0.27928150
0.37199999	-0.66074067	0.33772147
0.37299999	-0.86048228	0.37589198
0.37399999	-0.83642960	0.37881398
0.37499999	-0.59067422	0.34608760
0.37599999	-0.22293307	0.29060039
0.37699999	0.21345964	0.22031865
0.37799999	0.57720226	0.15911049
0.37899999	0.81323820	0.11611097
0.37999999	0.85143948	0.10442298
0.38099999	0.68682331	0.12561515
0.38199999	0.35777560	0.17507382
0.38299999	-0.08652190	0.24535556
0.38399999	-0.48658955	0.31271529
0.38499999	-0.78503323	0.36786416
0.38599999	-0.87238556	0.38527313
0.38699999	-0.73554379	0.36226624
0.38799999	-0.43174827	0.31539124
0.38899999	-0.00442913	0.25116879
0.38999999	0.39748400	0.18719243
0.39099999	0.71404403	0.13327387
0.39199999	0.85085505	0.10706816
0.39299999	0.78730929	0.11251231
0.39399999	0.53727853	0.14751476
0.39499999	0.13902558	0.20687746
0.39599999	-0.28125000	0.27103838
0.39699999	-0.66261685	0.33040109
0.39799999	-0.85565329	0.36540353
0.39899999	-0.83326155	0.37084767
0.39999999	-0.60786784	0.34464198
0.40099999	-0.21075295	0.29072341
0.40199999	0.20610851	0.22659326
0.40299999	0.58135456	0.16175567
0.40399999	0.80490279	0.11783341
0.40499999	0.84181225	0.10085507
0.40599999	0.68559301	0.12121678
0.40699999	0.36180487	0.17575049
0.40799999	-0.05551796	0.24295644
0.40899999	-0.50590551	0.31323817
0.40999999	-0.78967768	0.36285064
0.41099999	-0.86712599	0.38465798
0.41199999	-0.73480558	0.37001723
0.41299999	-0.40975639	0.32095841
0.41399999	-0.00750492	0.25667447
0.41499999	0.41255537	0.18639271
0.41599999	0.71493602	0.13398130
0.41699999	0.85353100	0.10734498
0.41799999	0.79315329	0.11318897
0.41899999	0.54444510	0.15074433
0.41999999	0.15960261	0.20903051
0.42099999	-0.30468750	0.27928150
0.42199999	-0.65840304	0.33772147
0.42299999	-0.85147023	0.37589198
0.42399999	-0.82744831	0.37881398
0.42499999	-0.58833659	0.34608760
0.42599999	-0.22354823	0.29060039
0.42699999	0.21407481	0.22031865
0.42799999	0.57486469	0.15911049
0.42899999	0.80425692	0.11611097
0.42999999	0.84245819	0.10442298
0.43099999	0.68451649	0.12561515
0.43199999	0.35854453	0.17525837
0.43299999	-0.08636811	0.24612451
0.43399999	-0.48658955	0.31040847
0.43499999	-0.78503323	0.35885212
0.43599999	-0.87253934	0.37629184
0.43699999	-0.73631275	0.35992864
0.43799999	-0.42944142	0.31616017
0.43899999	0.00455217	0.25132260
0.43999999	0.40649605	0.18719243
0.44099999	0.71635085	0.13327387
0.44199999	0.84993231	0.10706816
0.44299999	0.78638655	0.11251231
0.44399999	0.53961617	0.14751476
0.44499999	0.14800689	0.20687746
0.44599999	-0.27226871	0.27103838
0.44699999	-0.66031003	0.33040109
0.44799999	-0.85642225	0.36540353
0.44899999	-0.83341533	0.37084767
0.44999999	-0.60786784	0.34464198
0.45099999	-0.21075295	0.29072341
0.45199999	0.20610851	0.22659326
0.45299999	0.58135456	0.16175567
0.45399999	0.80490279	0.11783341
0.45499999	0.84181225	0.10085507
0.45599999	0.68559301	0.12121678
0.45699999	0.36180487	0.17575049
0.45799999	-0.05536417	0.24295644
0.45899999	-0.50513655	0.31323817
0.45999999	-0.79201525	0.36285064
0.46099999	-0.87613803	0.38465798
0.46199999	-0.74378693	0.37001723
0.46299999	-0.41206324	0.32095841
0.46399999	-0.00658219	0.25667447
0.46499999	0.41344735	0.18639271
0.46599999	0.71262920	0.13398130
0.46699999	0.84458047	0.10734498
0.46799999	0.78420275	0.11318897
0.46899999	0.54210752	0.15074433
0.46999999	0.16052534	0.20903051
0.47099999	-0.30376476	0.27928150
0.47199999	-0.66074067	0.33772147
0.47299999	-0.86048228	0.37589198
0.47399999	-0.83642960	0.37881398
0.47499999	-0.59067422	0.34608760
0.47599999	-0.22277927	0.29060039
0.47699999	0.21422859	0.22031865
0.47799999	0.57471085	0.15911049
0.47899999	0.80348796	0.11611097
0.47999999	0.84476501	0.10442298
0.48099999	0.69349778	0.12561515
0.48199999	0.36752585	0.17525837
0.48299999	-0.08403051	0.24612451
0.48399999	-0.48735851	0.31040847
0.48499999	-0.78518701	0.35885212
0.48599999	-0.87253934	0.37613803
0.48699999	-0.73631275	0.35915971
0.48799999	-0.42944142	0.31846702
0.48899999	0.00455217	0.26033464
0.48999999	0.40649605	0.19617371
0.49099999	0.71635085	0.13558070
0.49199999	0.85008609	0.10629921
0.49299999	0.78715551	0.11235851
0.49399999	0.53746307	0.14736098
0.49499999	0.13979454	0.20610851
0.49599999	-0.28355685	0.27334523
0.49699999	-0.67159820	0.33938238
0.49799999	-0.86463457	0.37438485
0.49899999	-0.83556843	0.37318528
0.49999999	-0.60709894	0.34387302
0.50099999	-0.21059917	0.29056963
0.50199999	0.20610851	0.22659326
0.50299999	0.58135456	0.16175567
0.50399999	0.80490279	0.11783341
0.50499999	0.84181225	0.10085507
0.50599999	0.68559301	0.12121678
0.50699999	0.36180487	0.17575049
0.50799999	-0.05536417	0.24311024
0.50899999	-0.50513655	0.31397638
0.50999999	-0.79201525	0.36054379
0.51099999	-0.87613803	0.37567666
0.51199999	-0.74378693	0.36103591
0.51299999	-0.41206324	0.31862080
0.51399999	-0.00673597	0.25744340
0.51499999	0.41270915	0.18654650
0.51599999	0.71493602	0.13413508
0.51699999	0.85353100	0.10811393
0.51799999	0.79315329	0.11088213
0.51899999	0.54444510	0.14173228
0.51999999	0.15960261	0.20001845
0.52099999	-0.30468750	0.27697465
0.52199999	-0.65824926	0.33849040
0.52299999	-0.85070127	0.37604576
0.52399999	-0.82975519	0.37881398
0.52499999	-0.59731793	0.34608760
0.52599999	-0.23252952	0.29060039
0.52699999	0.21176796	0.22031865
0.52799999	0.57563359	0.15911049
0.52899999	0.80441070	0.11611097
0.52999999	0.84245819	0.10457677
0.53099999	0.68451649	0.12638411
0.53199999	0.35854453	0.17292076
0.53299999	-0.08636811	0.23711245
0.53399999	-0.48658955	0.30139640
0.53499999	-0.78503323	0.35654527
0.53599999	-0.87253934	0.37706077
0.53699999	-0.73631275	0.36008242
0.53799999	-0.42944142	0.31616017
0.53899998	0.00455217	0.25132260
0.53999998	0.40649605	0.18719243
0.54099998	0.71635085	0.13327387
0.54199998	0.84993231	0.10706816
0.54299998	0.78638655	0.11251231
0.54399998	0.53976995	0.14736098
0.54499998	0.14877583	0.20610851
0.54599998	-0.27457553	0.27334523
0.54699998	-0.66929132	0.33938238
0.54799998	-0.86555731	0.37438485
0.54899998	-0.83649117	0.37318528
0.54999998	-0.60479206	0.34387302
0.55099998	-0.20164862	0.29056963
0.55199998	0.21508981	0.22659326
0.55299998	0.58366144	0.16175567
0.55399998	0.80413383	0.11783341
0.55499998	0.84165847	0.10085507
0.55599998	0.68559301	0.12137057
0.55699998	0.36180487	0.17651944
0.55799998	-0.05536417	0.24064961
0.55899998	-0.50513655	0.30422613
0.55999998	-0.79201525	0.35386935
0.56099998	-0.87613803	0.38235113
0.56199998	-0.74378693	0.37078616
0.56299998	-0.41206324	0.32111222
0.56399998	-0.00658219	0.25667447
0.56499998	0.41344735	0.18639271
0.56599998	0.71262920	0.13398130
0.56699998	0.84458047	0.10734498
0.56799998	0.78420275	0.11318897
0.56899998	0.54210752	0.15074433
0.56999998	0.16037156	0.20903051
0.57099998	-0.30453372	0.27928150
0.57199998	-0.65840304	0.33772147
0.57299998	-0.85147023	0.37589198
0.57399998	-0.82744831	0.37881398
0.57499998	-0.58833659	0.34608760
0.57599998	-0.22354823	0.29060039
0.57699998	0.21407481	0.22031865
0.57799998	0.57471085	0.15911049
0.57899998	0.80348796	0.11611097
0.57999998	0.84476501	0.10442298
0.58099998	0.69349778	0.12561515
0.58199998	0.36752585	0.17525837
0.58299998	-0.08403051	0.24612451
0.58399998	-0.48735851	0.31025466
0.58499998	-0.78518701	0.35808316
0.58599998	-0.87253934	0.37859866
0.58699998	-0.73631275	0.36894071
0.58799998	-0.42944142	0.32514149
0.58899998	0.00455217	0.25362942
0.58999998	0.40649605	0.18657726
0.59099998	0.71635085	0.13388902
0.59199998	0.84993231	0.10457677
0.59299998	0.78638655	0.10276206
0.59399998	0.53961617	0.14084031
0.59499998	0.14800689	0.21355192
0.59599998	-0.27226871	0.28078863
0.59699998	-0.66031003	0.33286172
0.59799998	-0.85642225	0.36463460
0.59899998	-0.83341533	0.37069389
0.59999998	-0.60786784	0.34464198
0.60099998	-0.21075295	0.29072341
0.60199998	0.20610851	0.22659326
0.60299998	0.58135456	0.16175567
0.60399998	0.80490279	0.11783341
0.60499998	0.84181225	0.10085507
0.60599998	0.68559301	0.12137057
0.60699998	0.36180487	0.17651944
0.60799998	-0.05551796	0.24064961
0.60899998	-0.50590551	0.30422613
0.60999998	-0.78967768	0.35386935
0.61099998	-0.86712599	0.38235113
0.61199998	-0.73480558	0.37078616
0.61299998	-0.40975639	0.32111222
0.61399998	-0.00735113	0.25667447
0.61499998	0.41329354	0.18639271
0.61599998	0.71262920	0.13398130
0.61699998	0.84458047	0.10734498
0.61799998	0.78435653	0.11318897
0.61899998	0.54287648	0.15074433
0.61999998	0.15806471	0.20903051
0.62099998	-0.31351501	0.27928150
0.62199998	-0.66738433	0.33772147
0.62299998	-0.85377705	0.37589198
0.62399998	-0.82667935	0.37881398
0.62499998	-0.58818281	0.34608760
0.62599998	-0.22354823	0.29060039
0.62699998	0.21407481	0.22031865
0.62799998	0.57486469	0.15911049
0.62899998	0.80425692	0.11611097
0.62999998	0.84245819	0.10442298
0.63099998	0.68451649	0.12561515
0.63199998	0.35854453	0.17525837
0.63299998	-0.08636811	0.24612451
0.63399998	-0.48658955	0.31040847
0.63499998	-0.78503323	0.35885212
0.63599998	-0.87253934	0.37629184
0.63699998	-0.73631275	0.35992864
0.63799998	-0.42944142	0.31616017
0.63899998	0.00455217	0.25132260
0.63999998	0.40664986	0.18719243
0.64099998	0.71711981	0.13327387
0.64199998	0.84762549	0.10706816
0.64299998	0.77740526	0.11251231
0.64399998	0.53060406	0.14736098
0.64499998	0.14570005	0.20610851
0.64599998	-0.27149975	0.27334523
0.64699998	-0.66012549	0.33938238
0.64799998	-0.85657603	0.37438485
0.64899998	-0.83418429	0.37318528
0.64999998	-0.60556102	0.34402683
0.65099998	-0.20180242	0.29133859
0.65199998	0.21508981	0.22428642
0.65299998	0.58366144	0.15277436
0.65399998	0.80413383	0.10882135
0.65499998	0.84165847	0.09854823
0.65599998	0.68559301	0.12198573
0.65699998	0.36180487	0.17590427
0.65799998	-0.05536417	0.24295644
0.65899998	-0.50513655	0.31323817
0.65999998	-0.79201525	0.36285064
0.66099998	-0.87613803	0.38465798
0.66199998	-0.74378693	0.37001723
0.66299998	-0.41206324	0.32095841
0.66399998	-0.00658219	0.25667447
0.66499998	0.41344735	0.18639271
0.66599998	0.71262920	0.13398130
0.66699998	0.84458047	0.10734498
0.66799998	0.78420275	0.11318897
0.66899998	0.54210752	0.15074433
0.66999998	0.16037156	0.20903051
0.67099998	-0.30453372	0.27928150
0.67199998	-0.65840304	0.33772147
0.67299998	-0.85147023	0.37589198
0.67399998	-0.82744831	0.37881398
0.67499998	-0.58833659	0.34608760
0.67599998	-0.22354823	0.29060039
0.67699998	0.21407481	0.22031865
0.67799998	0.57471085	0.15911049
0.67899998	0.80348796	0.11611097
0.67999998	0.84476501	0.10442298
0.68099998	0.69349778	0.12561515
0.68199998	0.36752585	0.17525837
0.68299998	-0.08403051	0.24612451
0.68399998	-0.48735851	0.31040847
0.68499998	-0.78518701	0.35885212
0.68599998	-0.87253934	0.37613803
0.68699998	-0.73631275	0.35915971
0.68799998	-0.42944142	0.31846702
0.68899998	0.00455217	0.26033464
0.68999998	0.40649605	0.19617371
0.69099998	0.71635085	0.13558070
0.69199998	0.85008609	0.10629921
0.69299998	0.78715551	0.11235851
0.69399998	0.53746307	0.14751476
0.69499998	0.13979454	0.20687746
0.69599998	-0.28355685	0.27088460
0.69699998	-0.67159820	0.32963213
0.69799998	-0.86463457	0.36771038
0.69899998	-0.83556843	0.37982899
0.69999998	-0.60709894	0.35362327
0.70099998	-0.21059917	0.29306102
0.70199998	0.20610851	0.22582431
0.70299998	0.58135456	0.16160187
0.70399998	0.80490279	0.11783341
0.70499998	0.84181225	0.10085507
0.70599998	0.68559301	0.12137057
0.70699998	0.36180487	0.17651944
0.70799998	-0.05551796	0.24064961
0.70899998	-0.50590551	0.30422613
0.70999998	-0.78967768	0.35386935
0.71099998	-0.86712599	0.38235113
0.71199998	-0.73480558	0.37078616
0.71299998	-0.40975639	0.32111222
0.71399998	-0.00750492	0.25667447
0.71499998	0.41255537	0.18639271
0.71599998	0.71493602	0.13413508
0.71699998	0.85353100	0.10811393
0.71799998	0.79315329	0.11088213
0.71899998	0.54444510	0.14173228
0.71999998	0.15960261	0.20001845
0.72099998	-0.30468750	0.27697465
0.72199998	-0.65840304	0.33849040
0.72299998	-0.85147023	0.37604576
0.72399998	-0.82744831	0.37881398
0.72499998	-0.58833659	0.34608760
0.72599998	-0.22354823	0.29060039
0.72699998	0.21407481	0.22031865
0.72799998	0.57486469	0.15911049
0.72899998	0.80425692	0.11611097
0.72999998	0.84245819	0.10442298
0.73099998	0.68451649	0.12561515
0.73199998	0.35854453	0.17525837
0.73299998	-0.08636811	0.24612451
0.73399998	-0.48658955	0.31025466
0.73499998	-0.78503323	0.35808316
0.73599998	-0.87253934	0.37859866
0.73699998	-0.73631275	0.36894071
0.73799998	-0.42944142	0.32514149
0.73899998	0.00455217	0.25362942
0.73999998	0.40649605	0.18642348
0.74099998	0.71635085	0.13312007
0.74199998	0.84993231	0.10706816
0.74299998	0.78638655	0.11251231
0.74399998	0.53961617	0.14736098
0.74499998	0.14800689	0.20610851
0.74599998	-0.27226871	0.27334523
0.74699998	-0.66031003	0.33938238
0.74799998	-0.85642225	0.37453863
0.74899998	-0.83341533	0.37395424
0.74999998	-0.60786784	0.34171999
0.75099998	-0.21075295	0.28235728
0.75199998	0.20610851	0.21512057
0.75299998	0.58135456	0.14969857
0.75399998	0.80490279	0.11205094
0.75499998	0.84181225	0.10845226
0.75599998	0.68559301	0.12862943
0.75699998	0.36180487	0.16919906
0.75799998	-0.05536417	0.23335999
0.75899998	-0.50513655	0.31151575
0.75999998	-0.79201525	0.36131275
0.76099998	-0.87613803	0.37583047
0.76199998	-0.74363309	0.36103591
0.76299998	-0.41129428	0.31862080
0.76399998	-0.00888903	0.25759721
0.76499998	0.40449679	0.18731545
0.76599998	0.70364785	0.13167445
0.76699998	0.84227359	0.09833292
0.76799998	0.78494096	0.10420768
0.76899998	0.54226130	0.14840674
0.76999998	0.16052534	0.20976870
0.77099998	-0.30376476	0.27946603
0.77199998	-0.66074067	0.33772147
0.77299998	-0.86048228	0.37589198
0.77399998	-0.83642960	0.37881398
0.77499998	-0.59067422	0.34608760
0.77599998	-0.22277927	0.29060039
0.77699998	0.21422859	0.22031865
0.77799998	0.57471085	0.15911049
0.77899998	0.80348796	0.11611097
0.77999998	0.84476501	0.10442298
0.78099998	0.69349778	0.12561515
0.78199998	0.36752585	0.17525837
0.78299998	-0.08403051	0.24612451
0.78399998	-0.48735851	0.31025466
0.78499998	-0.78518701	0.35808316
0.78599998	-0.87253934	0.37844488
0.78699998	-0.73631275	0.36817175
0.78799998	-0.42944142	0.32747909
0.78899998	0.00455217	0.26264149
0.78999998	0.40649605	0.19540477
0.79099998	0.71635085	0.13542692
0.79199998	0.85008609	0.10629921
0.79299998	0.78715551	0.11235851
0.79399998	0.53746307	0.14751476
0.79499998	0.13979454	0.20687746
0.79599998	-0.28371063	0.27103838
0.79699998	-0.67236710	0.33040109
0.79799998	-0.86232775	0.36540353
0.79899998	-0.82655632	0.37084767
0.79999998	-0.59808683	0.34464198
0.80099998	-0.20829232	0.29072341
0.80199998	0.20533957	0.22643946
0.80299998	0.58120078	0.16101746
0.80399998	0.80505657	0.12014025
0.80499998	0.84258121	0.10983637
0.80599998	0.68328619	0.13035187
0.80699998	0.35285434	0.17882627
0.80799998	-0.06449926	0.23988065
0.80899998	-0.50824308	0.30407235
0.80999998	-0.78890872	0.35386935
0.81099998	-0.86697221	0.38235113
0.81199998	-0.73480558	0.37078616
0.81299998	-0.40975639	0.32111222
0.81399998	-0.00750492	0.25682825
0.81499998	0.41255537	0.18716167
0.81599998	0.71493602	0.13167445
0.81699998	0.85353100	0.09833292
0.81799998	0.79315329	0.10420768
0.81899998	0.54444510	0.14840674
0.81999998	0.15960261	0.20976870
0.82099998	-0.30468750	0.27946603
0.82199998	-0.65840304	0.33772147
0.82299998	-0.85147023	0.37589198
0.82399998	-0.82744831	0.37881398
0.82499998	-0.58833659	0.34608760
0.82599998	-0.22354823	0.29060039
0.82699998	0.21407481	0.22031865
0.82799998	0.57486469	0.15911049
0.82899998	0.80425692	0.11611097
0.82999998	0.84245819	0.10457677
0.83099998	0.68451649	0.12638411
0.83199998	0.35854453	0.17292076
0.83299998	-0.08636811	0.23711245
0.83399998	-0.48658955	0.30124262
0.83499998	-0.78503323	0.35577634
0.83599998	-0.87253934	0.37936762
0.83699998	-0.73631275	0.36909449
0.83799998	-0.42944142	0.32514149
0.83899998	0.00455217	0.25362942
0.83999998	0.40649605	0.18642348
0.84099998	0.71635085	0.13312007
0.84199998	0.84993231	0.10706816
0.84299998	0.78638655	0.11251231
0.84399998	0.53976995	0.14736098
0.84499998	0.14877583	0.20610851
0.84599998	-0.27472934	0.27334523
0.84699998	-0.67006028	0.33938238
0.84799998	-0.86309671	0.37438485
0.84899998	-0.82674092	0.37318528
0.84999998	-0.59808683	0.34387302
0.85099998	-0.20829232	0.29056963
0.85199998	0.20533957	0.22659326
0.85299998	0.58120078	0.16175567
0.85399998	0.80490279	0.11783341
0.85499998	0.84181225	0.10085507
0.85599998	0.68543923	0.12137057
0.85699998	0.36103591	0.17651944
0.85799998	-0.05305733	0.24064961
0.85899998	-0.49618602	0.30422613
0.85999998	-0.78303397	0.35386935
0.86099998	-0.87383121	0.38235113
0.86199998	-0.74455583	0.37078616
0.86299998	-0.41221702	0.32111222
0.86399998	-0.00658219	0.25682825
0.86499998	0.41344735	0.18716167
0.86599998	0.71262920	0.13167445
0.86699998	0.84458047	0.09833292
0.86799998	0.78435653	0.10420768
0.86899998	0.54287648	0.14840674
0.86999998	0.15806471	0.20976870
0.87099998	-0.31351501	0.27946603
0.87199998	-0.66738433	0.33772147
0.87299998	-0.85377705	0.37589198
0.87399998	-0.82667935	0.37881398
0.87499998	-0.58818281	0.34608760
0.87599998	-0.22354823	0.29060039
0.87699998	0.21407481	0.22031865
0.87799998	0.57486469	0.15911049
0.87899998	0.80425692	0.11611097
0.87999998	0.84245819	0.10457677
0.88099998	0.68451649	0.12638411
0.88199998	0.35854453	0.17292076
0.88299998	-0.08636811	0.23711245
0.88399998	-0.48658955	0.30124262
0.88499998	-0.78503323	0.35577634
0.88599998	-0.87253934	0.37921384
0.88699998	-0.73631275	0.36832553
0.88799998	-0.42944142	0.32747909
0.88899998	0.00455217	0.26264149
0.88999998	0.40649605	0.19540477
0.89099998	0.71635085	0.13542692
0.89199997	0.85008609	0.10629921
0.89299997	0.78715551	0.11235851
0.89399997	0.53746307	0.14751476
0.89499997	0.13979454	0.20687746
0.89599997	-0.28355685	0.27103838
0.89699997	-0.67159820	0.33040109
0.89799997	-0.86463457	0.36540353
0.89899997	-0.83556843	0.37084767
0.89999997	-0.60709894	0.34464198
0.90099997	-0.21059917	0.29072341
0.90199997	0.20610851	0.22643946
0.90299997	0.58135456	0.16101746
0.90399997	0.80505657	0.12014025
0.90499997	0.84258121	0.10983637
0.90599997	0.68328619	0.13035187
0.90699997	0.35285434	0.17882627
0.90799997	-0.06449926	0.23988065
0.90899997	-0.50824308	0.30407235
0.90999997	-0.78890872	0.35386935
0.91099997	-0.86697221	0.38235113
0.91199997	-0.73480558	0.37078616
0.91299997	-0.40975639	0.32111222
0.91399997	-0.00735113	0.25667447
0.91499997	0.41329354	0.18639271
0.91599997	0.71262920	0.13398130
0.91699997	0.84458047	0.10734498
0.91799997	0.78420275	0.11318897
0.91899997	0.54210752	0.15074433
0.91999997	0.16037156	0.20903051
0.92099997	-0.30453372	0.27928150
0.92199997	-0.65824926	0.33772147
0.92299997	-0.85070127	0.37589198
0.92399997	-0.82975519	0.37881398
0.92499997	-0.59731793	0.34608760
0.92599997	-0.23268332	0.29060039
0.92699997	0.21099901	0.22031865
0.92799997	0.57794046	0.15911049
0.92899997	0.81339198	0.11611097
0.92999997	0.85143948	0.10457677
0.93099997	0.68682331	0.12638411
0.93199997	0.35777560	0.17292076
0.93299997	-0.08652190	0.23711245
0.93399997	-0.48658955	0.30124262
0.93499997	-0.78503323	0.35577634
0.93599997	-0.87253934	0.37936762
0.93699997	-0.73631275	0.36909449
0.93799997	-0.42944142	0.32514149
0.93899997	0.00455217	0.25362942
0.93999997	0.40649605	0.18642348
0.94099997	0.71635085	0.13312007
0.94199997	0.84993231	0.10706816
0.94299997	0.78638655	0.11251231
0.94399997	0.53976995	0.14736098
0.94499997	0.14877583	0.20610851
0.94599997	-0.27457553	0.27319142
0.94699997	-0.66929132	0.33864421
0.94799997	-0.86540353	0.37687624
0.94899997	-0.83572221	0.38290477
0.94999997	-0.60709894	0.35051674
0.95099997	-0.21059917	0.28389516
0.95199997	0.20610851	0.21668923
0.95299997	0.58135456	0.15852608
0.95399997	0.80490279	0.12106299
0.95499997	0.84181225	0.11075910
0.95599997	0.68559301	0.12786049
0.95699997	0.36180487	0.16904527
0.95799997	-0.05536417	0.23335999
0.95899997	-0.50513655	0.31151575
0.95999997	-0.79201525	0.36131275
0.96099997	-0.87613803	0.37583047
0.96199997	-0.74363309	0.36103591
0.96299997	-0.41129428	0.31862080
0.96399997	-0.00904282	0.25744340
0.96499997	0.40372786	0.18654650
0.96599997	0.70598549	0.13398130
0.96699997	0.85122418	0.10734498
0.96799997	0.79407603	0.11318897
0.96899997	0.54536784	0.15074433
0.96999997	0.15729576	0.20903051
0.97099997	-0.31366879	0.27928150
0.97199997	-0.66738433	0.33772147
0.97299997	-0.85377705	0.37589198
0.97399997	-0.82667935	0.37881398
0.97499997	-0.58818281	0.34608760
0.97599997	-0.22354823	0.29060039
0.97699997	0.21407481	0.22031865
0.97799997	0.57471085	0.15911049
0.97899997	0.80348796	0.11611097
0.97999997	0.84476501	0.10442298
0.98099997	0.69349778	0.12561515
0.98199997	0.36752585	0.17525837
0.98299997	-0.08403051	0.24612451
0.98399997	-0.48735851	0.31025466
0.98499997	-0.78518701	0.35808316
0.98599997	-0.87253934	0.37844488
0.98699997	-0.73631275	0.36817175
0.98799997	-0.42944142	0.32747909
0.98899997	0.00455217	0.26264149
0.98999997	0.40649605	0.19540477
0.99099997	0.71635085	0.13542692
0.99199997	0.85008609	0.10629921
0.99299997	0.78715551	0.11235851
0.99399997	0.53746307	0.14736098
0.99499997	0.13979454	0.20610851
0.99599997	-0.28371063	0.27334523
0.99699997	-0.67236710	0.33938238
0.99799997	-0.86232775	0.37438485
0.99899997	-0.82655632	0.37318528
0.99999997	-0.59808683	0.34387302
1.00099997	-0.20829232	0.29056963
1.00199997	0.20533957	0.22659326
1.00299997	0.58120078	0.16175567
1.00399997	0.80505657	0.11783341
1.00499997	0.84258121	0.10085507
1.00599997	0.68328619	0.12137057
1.00699997	0.35285434	0.17651944
1.00799997	-0.06434547	0.24064961
1.00899997	-0.50747418	0.30422613
1.00999997	-0.79124629	0.35386935
1.01099997	-0.87598425	0.38235113
1.01199997	-0.74378693	0.37078616
1.01299997	-0.41206324	0.32111222
1.01399997	-0.00673597	0.25667447
1.01499997	0.41270915	0.18639271
1.01599997	0.71493602	0.13398130
1.01699997	0.85353100	0.10734498
1.01799997	0.79330707	0.11334276
1.01899997	0.54518330	0.15151329
1.01999997	0.15729576	0.20669292
1.02099997	-0.31366879	0.27030021
1.02199997	-0.66738433	0.32874015
1.02299997	-0.85377705	0.37355438
1.02399997	-0.82667935	0.37958291
1.02499997	-0.58818281	0.34624138
1.02599997	-0.22354823	0.29060039
1.02699997	0.21407481	0.22031865
1.02799997	0.57486469	0.15911049
1.02899997	0.80425692	0.11611097
1.02999997	0.84245819	0.10442298
1.03099997	0.68451649	0.12561515
1.03199997	0.35854453	0.17525837
1.03299997	-0.08636811	0.24612451
1.03399997	-0.48658955	0.31025466
1.03499997	-0.78503323	0.35808316
1.03599997	-0.87253934	0.37844488
1.03699997	-0.73631275	0.36817175
1.03799997	-0.42944142	0.32747909
1.03899997	0.00455217	0.26264149
1.03999997	0.40649605	0.19540477
1.04099997	0.71635085	0.13542692
1.04199997	0.84993231	0.10629921
1.04299997	0.78638655	0.11235851
1.04399997	0.53976995	0.14751476
1.04499997	0.14877583	0.20687746
1.04599997	-0.27457553	0.27088460
1.04699997	-0.66929132	0.32963213
1.04799997	-0.86540353	0.36771038
1.04899997	-0.83572221	0.37982899
1.04999997	-0.60709894	0.35362327
1.05099997	-0.21059917	0.29306102
1.05199997	0.20610851	0.22582431
1.05299997	0.58135456	0.16160187
1.05399997	0.80490279	0.11798720
1.05499997	0.84181225	0.10162401
1.05599997	0.68559301	0.11890994
1.05699997	0.36180487	0.16673844
1.05799997	-0.05551796	0.23397514
1.05899997	-0.50590551	0.31090060
1.05999997	-0.78967768	0.36361960
1.06099997	-0.86712599	0.38481176
1.06199997	-0.73480558	0.37001723
1.06299997	-0.40975639	0.32095841
1.06399997	-0.00735113	0.25667447
1.06499997	0.41329354	0.18639271
1.06599997	0.71262920	0.13398130
1.06699997	0.84458047	0.10734498
1.06799997	0.78420275	0.11318897
1.06899997	0.54210752	0.15074433
1.06999997	0.16037156	0.20903051
1.07099997	-0.30453372	0.27928150
1.07199997	-0.65840304	0.33772147
1.07299997	-0.85147023	0.37589198
1.07399997	-0.82744831	0.37881398
1.07499997	-0.58833659	0.34608760
1.07599997	-0.22354823	0.29060039
1.07699997	0.21407481	0.22031865
1.07799997	0.57471085	0.15911049
1.07899997	0.80348796	0.11611097
1.07999997	0.84476501	0.10442298
1.08099997	0.69349778	0.12561515
1.08199997	0.36752585	0.17525837
1.08299997	-0.08403051	0.24612451
1.08399997	-0.48735851	0.31025466
1.08499997	-0.78518701	0.35808316
1.08599997	-0.87253934	0.37859866
1.08699997	-0.73631275	0.36894071
1.08799997	-0.42944142	0.32514149
1.08899997	0.00455217	0.25362942
1.08999997	0.40634227	0.18642348
1.09099997	0.71561271	0.13312007
1.09199997	0.85239297	0.10691437
1.09299997	0.79613680	0.11174335
1.09399997	0.54625982	0.14985237
1.09499997	0.14136319	0.21588951
1.09599997	-0.28198817	0.28001967
1.09699997	-0.66277069	0.33270791
1.09799997	-0.85565329	0.36463460
1.09899997	-0.83326155	0.37069389
1.09999997	-0.60786784	0.34464198
1.10099997	-0.21075295	0.29072341
1.10199997	0.20610851	0.22659326
1.10299997	0.58135456	0.16175567
1.10399997	0.80490279	0.11783341
1.10499997	0.84181225	0.10085507
1.10599997	0.68559301	0.12121678
1.10699997	0.36180487	0.17575049
1.10799997	-0.05536417	0.24311024
1.10899997	-0.50513655	0.31397638
1.10999997	-0.79201525	0.36054379
1.11099997	-0.87613803	0.37567666
1.11199997	-0.74378693	0.36103591
1.11299997	-0.41206324	0.31862080
1.11399997	-0.00673597	0.25759721
1.11499997	0.41270915	0.18731545
1.11599997	0.71493602	0.13167445
1.11699997	0.85353100	0.09833292
1.11799997	0.79330707	0.10436147
1.11899997	0.54518330	0.14917569
1.11999997	0.15729576	0.20746186
1.12099997	-0.31366879	0.27045399
1.12199997	-0.66723055	0.32874015
1.12299997	-0.85303885	0.37355438
1.12399997	-0.82898623	0.37958291
1.12499997	-0.59716409	0.34624138
1.12599997	-0.23252952	0.29060039
1.12699997	0.21176796	0.22031865
1.12799997	0.57563359	0.15911049
1.12899997	0.80441070	0.11611097
1.12999997	0.84245819	0.10442298
1.13099997	0.68451649	0.12561515
1.13199997	0.35854453	0.17525837
1.13299997	-0.08636811	0.24612451
1.13399997	-0.48658955	0.31025466
1.13499997	-0.78503323	0.35808316
1.13599997	-0.87253934	0.37844488
1.13699997	-0.73631275	0.36817175
1.13799997	-0.42944142	0.32763287
1.13899997	0.00455217	0.26341042
1.13999997	0.40649605	0.19309793
1.14099997	0.71635085	0.12647638
1.14199997	0.85008609	0.09731791
1.14299997	0.78715551	0.11005167
1.14399997	0.53746307	0.14812993
1.14499997	0.13979454	0.20626231
1.14599997	-0.28355685	0.27319142
1.14699997	-0.67159820	0.33864421
1.14799997	-0.86481917	0.37687624
1.14899997	-0.83633733	0.38290477
1.14999997	-0.60479206	0.35051674
1.15099997	-0.20164862	0.28389516
1.15199997	0.21508981	0.21684301
1.15299997	0.58366144	0.15929502
1.15399997	0.80413383	0.11860237
1.15499997	0.84165847	0.10100885
1.15599997	0.68559301	0.12121678
1.15699997	0.36180487	0.17575049
1.15799997	-0.05536417	0.24295644
1.15899997	-0.50513655	0.31323817
1.15999997	-0.79201525	0.36285064
1.16099997	-0.87613803	0.38465798
1.16199997	-0.74363309	0.37001723
1.16299997	-0.41129428	0.32095841
1.16399997	-0.00888903	0.25682825
1.16499997	0.40449679	0.18716167
1.16599997	0.70364785	0.13182825
1.16699997	0.84227359	0.09910187
1.16799997	0.78494096	0.10187007
1.16899997	0.54226130	0.13942544
1.16999997	0.16052534	0.20078740
1.17099997	-0.30376476	0.27712846
1.17199997	-0.66074067	0.33849040
1.17299997	-0.86048228	0.37604576
1.17399997	-0.83642960	0.37881398
1.17499997	-0.59067422	0.34608760
1.17599997	-0.22293307	0.29060039
1.17699997	0.21345964	0.22031865
1.17799997	0.57720226	0.15911049
1.17899997	0.81323820	0.11611097
1.17999997	0.85143948	0.10442298
1.18099997	0.68682331	0.12561515
1.18199997	0.35777560	0.17525837
1.18299997	-0.08652190	0.24612451
1.18399997	-0.48658955	0.31025466
1.18499997	-0.78503323	0.35808316
1.18599997	-0.87253934	0.37859866
1.18699997	-0.73631275	0.36894071
1.18799997	-0.42944142	0.32514149
1.18899997	0.00455217	0.25362942
1.18999997	0.40649605	0.18657726
1.19099997	0.71635085	0.13388902
1.19199997	0.85008609	0.10473056
1.19299997	0.78715551	0.10353100
1.19399997	0.53746307	0.13837968
1.19499997	0.13979454	0.20380168
1.19599997	-0.28355685	0.27411416
1.19699997	-0.67159820	0.33953616
1.19799997	-0.86463457	0.37438485
1.19899997	-0.83556843	0.37318528
1.19999997	-0.60709894	0.34387302
1.20099997	-0.21059917	0.29056963
1.20199997	0.20610851	0.22643946
1.20299997	0.58135456	0.16101746
1.20399997	0.80505657	0.12014025
1.20499997	0.84258121	0.10983637
1.20599997	0.68328619	0.13035187
1.20699997	0.35285434	0.17882627
1.20799997	-0.06434547	0.23988065
1.20899997	-0.50747418	0.30407235
1.20999997	-0.79109251	0.35371554
1.21099997	-0.87521529	0.38158217
1.21199997	-0.74609375	0.37312376
1.21299997	-0.42104453	0.33012426
1.21399997	-0.01571727	0.26580954
1.21499997	0.41037154	0.18949926
1.21599997	0.71570498	0.13090551
1.21699997	0.85368478	0.09817913
1.21799997	0.79315329	0.10420768
1.21899997	0.54444510	0.14840674
1.21999997	0.15960261	0.20976870
1.22099997	-0.30468750	0.27946603
1.22199997	-0.65824926	0.33772147
1.22299997	-0.85070127	0.37589198
1.22399997	-0.82975519	0.37881398
1.22499997	-0.59731793	0.34608760
1.22599997	-0.23252952	0.29060039
1.22699997	0.21176796	0.22031865
1.22799997	0.57563359	0.15911049
1.22899997	0.80441070	0.11611097
1.22999997	0.84245819	0.10442298
1.23099997	0.68451649	0.12561515
1.23199997	0.35854453	0.17525837
1.23299997	-0.08636811	0.24612451
1.23399997	-0.48658955	0.31025466
1.23499997	-0.78503323	0.35808316
1.23599997	-0.87253934	0.37859866
1.23699997	-0.73631275	0.36894071
1.23799997	-0.42944142	0.32514149
1.23899997	0.00455217	0.25362942
1.23999997	0.40649605	0.18657726
1.24099997	0.71635085	0.13388902
1.24199997	0.84993231	0.10473056
1.24299997	0.78638655	0.10353100
1.24399997	0.53976995	0.13837968
1.24499997	0.14877583	0.20380168
1.24599996	-0.27457553	0.27411416
1.24699996	-0.66929132	0.33953616
1.24799996	-0.86555731	0.37438485
1.24899996	-0.83649117	0.37318528
1.24999996	-0.60479206	0.34387302
1.25099996	-0.20164862	0.29056963
1.25199996	0.21508981	0.22659326
1.25299996	0.58366144	0.16175567
1.25399996	0.80428767	0.11783341
1.25499996	0.84242743	0.10085507
1.25599996	0.68328619	0.12121678
1.25699996	0.35285434	0.17575049
1.25799996	-0.06449926	0.24311024
1.25899996	-0.50824308	0.31397638
1.25999996	-0.78890872	0.36039001
1.26099996	-0.86697221	0.37490773
1.26199996	-0.73480558	0.36334276
1.26299996	-0.40975639	0.32763287
1.26399996	-0.00750492	0.26642472
1.26499996	0.41255537	0.18888411
1.26599996	0.71493602	0.13336614
1.26699996	0.85353100	0.10796013
1.26799996	0.79330707	0.11088213
1.26899996	0.54518330	0.14173228
1.26999996	0.15729576	0.20001845
1.27099996	-0.31366879	0.27697465
1.27199996	-0.66738433	0.33849040
1.27299996	-0.85377705	0.37604576
1.27399996	-0.82667935	0.37881398
1.27499996	-0.58818281	0.34608760
1.27599996	-0.22354823	0.29060039
1.27699996	0.21407481	0.22031865
1.27799996	0.57486469	0.15911049
1.27899996	0.80425692	0.11611097
1.27999996	0.84245819	0.10442298
1.28099996	0.68451649	0.12561515
1.28199996	0.35854453	0.17525837
1.28299996	-0.08636811	0.24612451
1.28399996	-0.48658955	0.31025466
1.28499996	-0.78503323	0.35808316
1.28599996	-0.87253934	0.37844488
1.28699996	-0.73631275	0.36817175
1.28799996	-0.42944142	0.32747909
1.28899996	0.00455217	0.26264149
1.28999996	0.40649605	0.19540477
1.29099996	0.71635085	0.13542692
1.29199996	0.85008609	0.10614542
1.29299996	0.78715551	0.11158957
1.29399996	0.53727853	0.14969857
1.29499996	0.13902558	0.21512057
1.29599996	-0.28125000	0.28235728
1.29699996	-0.66261685	0.34171999
1.29799996	-0.85565329	0.37361589
1.29899996	-0.83326155	0.37303150
1.29999996	-0.60786784	0.34387302
1.30099996	-0.21075295	0.29056963
1.30199996	0.20610851	0.22659326
1.30299996	0.58135456	0.16175567
1.30399996	0.80505657	0.11783341
1.30499996	0.84258121	0.10085507
1.30599996	0.68328619	0.12137057
1.30699996	0.35285434	0.17651944
1.30799996	-0.06434547	0.24080339
1.30899996	-0.50747418	0.30499509
1.30999996	-0.79124629	0.35153174
1.31099996	-0.87598425	0.37333909
1.31199996	-0.74363309	0.36180487
1.31299996	-0.41129428	0.31880537
1.31399996	-0.00904282	0.25744340
1.31499996	0.40372786	0.18654650
1.31599996	0.70598549	0.13398130
1.31699996	0.85122418	0.10734498
1.31799996	0.79392225	0.11318897
1.31899996	0.54459894	0.15074433
1.31999996	0.15960261	0.20903051
1.32099996	-0.30468750	0.27928150
1.32199996	-0.65824926	0.33772147
1.32299996	-0.85070127	0.37589198
1.32399996	-0.82975519	0.37881398
1.32499996	-0.59731793	0.34608760
1.32599996	-0.23252952	0.29060039
1.32699996	0.21176796	0.22031865
1.32799996	0.57563359	0.15911049
1.32899996	0.80441070	0.11611097
1.32999996	0.84245819	0.10442298
1.33099996	0.68451649	0.12561515
1.33199996	0.35854453	0.17525837
1.33299996	-0.08636811	0.24612451
1.33399996	-0.48658955	0.31040847
1.33499996	-0.78503323	0.35885212
1.33599996	-0.87253934	0.37629184
1.33699996	-0.73631275	0.35992864
1.33799996	-0.42944142	0.31616017
1.33899996	0.00455217	0.25132260
1.33999996	0.40649605	0.18719243
1.34099996	0.71635085	0.13327387
1.34199996	0.85008609	0.10706816
1.34299996	0.78715551	0.11251231
1.34399996	0.53746307	0.14736098
1.34499996	0.13979454	0.20610851
1.34599996	-0.28355685	0.27334523
1.34699996	-0.67159820	0.33938238
1.34799996	-0.86463457	0.37453863
1.34899996	-0.83556843	0.37395424
1.34999996	-0.60709894	0.34156618
1.35099996	-0.21059917	0.28158835
1.35199996	0.20610851	0.21758120
1.35299996	0.58135456	0.15944882
1.35399996	0.80490279	0.11860237
1.35499996	0.84181225	0.10100885
1.35599996	0.68559301	0.12121678
1.35699996	0.36180487	0.17575049
1.35799996	-0.05536417	0.24295644
1.35899996	-0.50513655	0.31323817
1.35999996	-0.79201525	0.36285064
1.36099996	-0.87613803	0.38465798
1.36199996	-0.74378693	0.37001723
1.36299996	-0.41206324	0.32095841
1.36399996	-0.00673597	0.25667447
1.36499996	0.41270915	0.18639271
1.36599996	0.71493602	0.13398130
1.36699996	0.85353100	0.10734498
1.36799996	0.79330707	0.11318897
1.36899996	0.54518330	0.15074433
1.36999996	0.15744956	0.20903051
1.37099996	-0.31289986	0.27928150
1.37199996	-0.66969121	0.33772147
1.37299996	-0.86278909	0.37589198
1.37399996	-0.83569145	0.37881398
1.37499996	-0.59052044	0.34608760
1.37599996	-0.22277927	0.29060039
1.37699996	0.21422859	0.22031865
1.37799996	0.57471085	0.15911049
1.37899996	0.80348796	0.11611097
1.37999996	0.84476501	0.10442298
1.38099996	0.69349778	0.12561515
1.38199996	0.36752585	0.17525837
1.38299996	-0.08403051	0.24612451
1.38399996	-0.48735851	0.31025466
1.38499996	-0.78518701	0.35808316
1.38599996	-0.87253934	0.37844488
1.38699996	-0.73631275	0.36817175
1.38799996	-0.42944142	0.32747909
1.38899996	0.00455217	0.26264149
1.38999996	0.40649605	0.19540477
1.39099996	0.71635085	0.13542692
1.39199996	0.85008609	0.10629921
1.39299996	0.78715551	0.11235851
1.39399996	0.53746307	0.14751476
1.39499996	0.13979454	0.20687746
1.39599996	-0.28355685	0.27088460
1.39699996	-0.67159820	0.32963213
1.39799996	-0.86463457	0.36771038
1.39899996	-0.83556843	0.37982899
1.39999996	-0.60709894	0.35362327
1.40099996	-0.21059917	0.29306102
1.40199996	0.20610851	0.22582431
1.40299996	0.58135456	0.16160187
1.40399996	0.80490279	0.11783341
1.40499996	0.84181225	0.10085507
1.40599996	0.68559301	0.12121678
1.40699996	0.36180487	0.17575049
1.40799996	-0.05551796	0.24295644
1.40899996	-0.50590551	0.31323817
1.40999996	-0.78967768	0.36285064
1.41099996	-0.86712599	0.38465798
1.41199996	-0.73480558	0.37001723
1.41299996	-0.40975639	0.32095841
1.41399996	-0.00750492	0.25682825
1.41499996	0.41255537	0.18716167
1.41599996	0.71493602	0.13167445
1.41699996	0.85353100	0.09833292
1.41799996	0.79315329	0.10420768
1.41899996	0.54444510	0.14840674
1.41999996	0.15960261	0.20976870
1.42099996	-0.30468750	0.27946603
1.42199996	-0.65824926	0.33772147
1.42299996	-0.85070127	0.37589198
1.42399996	-0.82975519	0.37881398
1.42499996	-0.59731793	0.34608760
1.42599996	-0.23252952	0.29060039
1.42699996	0.21176796	0.22031865
1.42799996	0.57563359	0.15911049
1.42899996	0.80441070	0.11611097
1.42999996	0.84245819	0.10442298
1.43099996	0.68451649	0.12561515
1.43199996	0.35854453	0.17525837
1.43299996	-0.08636811	0.24612451
1.43399996	-0.48658955	0.31025466
1.43499996	-0.78503323	0.35808316
1.43599996	-0.87253934	0.37859866
1.43699996	-0.73631275	0.36894071
1.43799996	-0.42944142	0.32514149
1.43899996	0.00455217	0.25362942
1.43999996	0.40649605	0.18642348
1.44099996	0.71635085	0.13312007
1.44199996	0.84993231	0.10691437
1.44299996	0.78638655	0.11174335
1.44399996	0.53976995	0.14985237
1.44499996	0.14877583	0.21588951
1.44599996	-0.27457553	0.27986589
1.44699996	-0.66929132	0.33193898
1.44799996	-0.86540353	0.36709523
1.44899996	-0.83572221	0.38044414
1.44999996	-0.60709894	0.35128567
1.45099996	-0.21059917	0.28404897
1.45199996	0.20610851	0.21684301
1.45299996	0.58135456	0.15929502
1.45399996	0.80490279	0.11860237
1.45499996	0.84181225	0.10100885
1.45599996	0.68559301	0.12121678
1.45699996	0.36180487	0.17575049
1.45799996	-0.05551796	0.24311024
1.45899996	-0.50590551	0.31397638
1.45999996	-0.78967768	0.36054379
1.46099996	-0.86712599	0.37567666
1.46199996	-0.73465180	0.36088213
1.46299996	-0.40898746	0.31788263
1.46399996	-0.00965797	0.25990403
1.46499996	0.40434301	0.19629675
1.46599996	0.70364785	0.14065576
1.46699996	0.84227359	0.10063976
1.46799996	0.78509474	0.10343873
1.46899996	0.54303026	0.14825295
1.46999996	0.15806471	0.20976870
1.47099996	-0.31351501	0.27946603
1.47199996	-0.66738433	0.33772147
1.47299996	-0.85377705	0.37589198
1.47399996	-0.82667935	0.37881398
1.47499996	-0.58818281	0.34608760
1.47599996	-0.22354823	0.29060039
1.47699996	0.21407481	0.22031865
1.47799996	0.57486469	0.15911049
1.47899996	0.80425692	0.11611097
1.47999996	0.84245819	0.10457677
1.48099996	0.68451649	0.12638411
1.48199996	0.35854453	0.17292076
1.48299996	-0.08636811	0.23711245
1.48399996	-0.48658955	0.30139640
1.48499996	-0.78503323	0.35654527
1.48599996	-0.87253934	0.37706077
1.48699996	-0.73631275	0.36008242
1.48799996	-0.42944142	0.31616017
1.48899996	0.00455217	0.25132260
1.48999996	0.40649605	0.18719243
1.49099996	0.71635085	0.13327387
1.49199996	0.85008609	0.10691437
1.49299996	0.78715551	0.11174335
1.49399996	0.53746307	0.14969857
1.49499996	0.13979454	0.21512057
1.49599996	-0.28355685	0.28220350
1.49699996	-0.67159820	0.34095103
1.49799996	-0.86463457	0.37595350
1.49899996	-0.83556843	0.38198203
1.49999996	-0.60709894	0.35285434
1.50099996	-0.21059917	0.29287648
1.50199996	0.20610851	0.22582431
1.50299996	0.58135456	0.16160187
1.50399996	0.80505657	0.11783341
1.50499996	0.84258121	0.10085507
1.50599996	0.68328619	0.12137057
1.50699996	0.35285434	0.17651944
1.50799996	-0.06449926	0.24080339
1.50899996	-0.50824308	0.30499509
1.50999996	-0.78890872	0.35153174
1.51099996	-0.86697221	0.37333909
1.51199996	-0.73480558	0.36180487
1.51299996	-0.40975639	0.31880537
1.51399996	-0.00750492	0.25759721
1.51499996	0.41255537	0.18731545
1.51599996	0.71493602	0.13167445
1.51699996	0.85353100	0.09833292
1.51799996	0.79330707	0.10420768
1.51899996	0.54518330	0.14840674
1.51999996	0.15729576	0.20976870
1.52099996	-0.31366879	0.27946603
1.52199996	-0.66738433	0.33772147
1.52299996	-0.85377705	0.37589198
1.52399996	-0.82667935	0.37881398
1.52499996	-0.58818281	0.34608760
1.52599996	-0.22370201	0.29060039
1.52699996	0.21330586	0.22031865
1.52799996	0.57720226	0.15911049
1.52899996	0.81323820	0.11611097
1.52999996	0.85143948	0.10442298
1.53099996	0.68682331	0.12561515
1.53199996	0.35777560	0.17525837
1.53299996	-0.08652190	0.24612451
1.53399996	-0.48658955	0.31040847
1.53499996	-0.78503323	0.35885212
1.53599996	-0.87253934	0.37629184
1.53699996	-0.73631275	0.35992864
1.53799996	-0.42944142	0.31616017
1.53899996	0.00455217	0.25132260
1.53999996	0.40649605	0.18734621
1.54099996	0.71635085	0.13404281
1.54199996	0.85008609	0.10473056
1.54299996	0.78715551	0.10353100
1.54399996	0.53727853	0.13837968
1.54499996	0.13902558	0.20380168
1.54599996	-0.28125000	0.27411416
1.54699996	-0.66261685	0.33953616
1.54799996	-0.85580707	0.37438485
1.54899996	-0.83399975	0.37318528
1.54999996	-0.60556102	0.34387302
1.55099996	-0.20180242	0.29056963
1.55199996	0.21508981	0.22659326
1.55299996	0.58366144	0.16175567
1.55399996	0.80413383	0.11783341
1.55499996	0.84165847	0.10085507
1.55599996	0.68559301	0.12121678
1.55699996	0.36180487	0.17575049
1.55799996	-0.05536417	0.24295644
1.55899996	-0.50513655	0.31323817
1.55999996	-0.79201525	0.36285064
1.56099996	-0.87613803	0.38465798
1.56199996	-0.74378693	0.37001723
1.56299996	-0.41206324	0.32095841
1.56399996	-0.00658219	0.25667447
1.56499996	0.41344735	0.18639271
1.56599996	0.71262920	0.13413508
1.56699996	0.84458047	0.10811393
1.56799996	0.78420275	0.11088213
1.56899996	0.54210752	0.14173228
1.56999996	0.16052534	0.20001845
1.57099996	-0.30376476	0.27697465
1.57199996	-0.66074067	0.33849040
1.57299996	-0.86048228	0.37604576
1.57399996	-0.83642960	0.37881398
1.57499996	-0.59067422	0.34608760
1.57599996	-0.22277927	0.29060039
1.57699996	0.21422859	0.22031865
1.57799996	0.57486469	0.15911049
1.57899996	0.80425692	0.11611097
1.57999996	0.84245819	0.10442298
1.58099996	0.68451649	0.12561515
1.58199996	0.35854453	0.17525837
1.58299996	-0.08636811	0.24612451
1.58399996	-0.48658955	0.31025466
1.58499996	-0.78503323	0.35808316
1.58599996	-0.87253934	0.37844488
1.58699996	-0.73631275	0.36817175
1.58799996	-0.42944142	0.32747909
1.58899996	0.00455217	0.26264149
1.58999996	0.40649605	0.19540477
1.59099996	0.71635085	0.13542692
1.59199996	0.85008609	0.10629921
1.59299996	0.78715551	0.11235851
1.59399996	0.53727853	0.14736098
1.59499996	0.13902558	0.20610851
1.59599996	-0.28125000	0.27334523
1.59699996	-0.66261685	0.33938238
1.59799996	-0.85565329	0.37438485
1.59899995	-0.83326155	0.37318528
1.59999995	-0.60786784	0.34387302
1.60099995	-0.21075295	0.29056963
1.60199995	0.20610851	0.22659326
1.60299995	0.58135456	0.16175567
1.60399995	0.80505657	0.11783341
1.60499995	0.84258121	0.10085507
1.60599995	0.68343997	0.12137057
1.60699995	0.35359251	0.17651944
1.60799995	-0.06680610	0.24064961
1.60899995	-0.51722443	0.30422613
1.60999995	-0.79792076	0.35386935
1.61099995	-0.86930978	0.38235113
1.61199995	-0.73403668	0.37078616
1.61299995	-0.40960261	0.32111222
1.61399995	-0.00750492	0.25682825
1.61499995	0.41255537	0.18716167
1.61599995	0.71493602	0.13167445
1.61699995	0.85353100	0.09833292
1.61799995	0.79315329	0.10420768
1.61899995	0.54444510	0.14840674
1.61999995	0.15960261	0.20976870
1.62099995	-0.30468750	0.27946603
1.62199995	-0.65824926	0.33772147
1.62299995	-0.85070127	0.37589198
1.62399995	-0.82975519	0.37881398
1.62499995	-0.59731793	0.34608760
1.62599995	-0.23252952	0.29060039
1.62699995	0.21176796	0.22031865
1.62799995	0.57563359	0.15911049
1.62899995	0.80441070	0.11611097
1.62999995	0.84245819	0.10457677
1.63099995	0.68451649	0.12638411
1.63199995	0.35854453	0.17292076
1.63299995	-0.08636811	0.23711245
1.63399995	-0.48658955	0.30124262
1.63499995	-0.78503323	0.35577634
1.63599995	-0.87253934	0.37921384
1.63699995	-0.73631275	0.36832553
1.63799995	-0.42944142	0.32763287
1.63899995	0.00455217	0.26341042
1.63999995	0.40649605	0.19309793
1.64099995	0.71635085	0.12647638
1.64199995	0.85008609	0.09731791
1.64299995	0.78715551	0.11005167
1.64399995	0.53746307	0.14828371
1.64499995	0.13979454	0.20703125
1.64599995	-0.28355685	0.27103838
1.64699995	-0.67159820	0.33040109
1.64799995	-0.86463457	0.36540353
1.64899995	-0.83556843	0.37084767
1.64999995	-0.60709894	0.34464198
1.65099995	-0.21059917	0.29072341
1.65199995	0.20610851	0.22659326
1.65299995	0.58135456	0.16175567
1.65399995	0.80490279	0.11783341
1.65499995	0.84181225	0.10085507
1.65599995	0.68559301	0.12121678
1.65699995	0.36180487	0.17575049
1.65799995	-0.05536417	0.24295644
1.65899995	-0.50513655	0.31323817
1.65999995	-0.79201525	0.36285064
1.66099995	-0.87613803	0.38465798
1.66199995	-0.74378693	0.37001723
1.66299995	-0.41206324	0.32095841
1.66399995	-0.00658219	0.25667447
1.66499995	0.41344735	0.18639271
1.66599995	0.71262920	0.13398130
1.66699995	0.84458047	0.10734498
1.66799995	0.78420275	0.11318897
1.66899995	0.54210752	0.15074433
1.66999995	0.16037156	0.20903051
1.67099995	-0.30453372	0.27928150
1.67199995	-0.65840304	0.33772147
1.67299995	-0.85147023	0.37589198
1.67399995	-0.82744831	0.37881398
1.67499995	-0.58833659	0.34608760
1.67599995	-0.22354823	0.29060039
1.67699995	0.21407481	0.22031865
1.67799995	0.57486469	0.15911049
1.67899995	0.80425692	0.11611097
1.67999995	0.84245819	0.10442298
1.68099995	0.68451649	0.12561515
1.68199995	0.35854453	0.17525837
1.68299995	-0.08636811	0.24612451
1.68399995	-0.48658955	0.31025466
1.68499995	-0.78503323	0.35808316
1.68599995	-0.87253934	0.37844488
1.68699995	-0.73631275	0.36817175
1.68799995	-0.42944142	0.32747909
1.68899995	0.00455217	0.26264149
1.68999995	0.40649605	0.19540477
1.69099995	0.71635085	0.13542692
1.69199995	0.85008609	0.10614542
1.69299995	0.78715551	0.11158957
1.69399995	0.53727853	0.14969857
1.69499995	0.13902558	0.21512057
1.69599995	-0.28125000	0.28220350
1.69699995	-0.66261685	0.34095103
1.69799995	-0.85565329	0.37595350
1.69899995	-0.83326155	0.38198203
1.69999995	-0.60786784	0.35285434
1.70099995	-0.21075295	0.29287648
1.70199995	0.20610851	0.22567052
1.70299995	0.58135456	0.16083293
1.70399995	0.80505657	0.12014025
1.70499995	0.84258121	0.10983637
1.70599995	0.68328619	0.13019808
1.70699995	0.35285434	0.17805733
1.70799995	-0.06449926	0.24234129
1.70899995	-0.50824308	0.31382260
1.70999995	-0.78890872	0.36054379
1.71099995	-0.86697221	0.37567666
1.71199995	-0.73480558	0.36103591
1.71299995	-0.40975639	0.31862080
1.71399995	-0.00735113	0.25744340
1.71499995	0.41329354	0.18654650
1.71599995	0.71262920	0.13398130
1.71699995	0.84458047	0.10734498
1.71799995	0.78420275	0.11318897
1.71899995	0.54210752	0.15074433
1.71999995	0.16037156	0.20903051
1.72099995	-0.30453372	0.27928150
1.72199995	-0.65840304	0.33772147
1.72299995	-0.85147023	0.37589198
1.72399995	-0.82744831	0.37881398
1.72499995	-0.58833659	0.34608760
1.72599995	-0.22354823	0.29060039
1.72699995	0.21407481	0.22031865
1.72799995	0.57486469	0.15911049
1.72899995	0.80425692	0.11611097
1.72999995	0.84245819	0.10442298
1.73099995	0.68451649	0.12561515
1.73199995	0.35854453	0.17525837
1.73299995	-0.08636811	0.24612451
1.73399995	-0.48658955	0.31040847
1.73499995	-0.78503323	0.35885212
1.73599995	-0.87253934	0.37629184
1.73699995	-0.73631275	0.35992864
1.73799995	-0.42959523	0.31616017
1.73899995	0.00378322	0.25132260
1.73999995	0.40895668	0.18719243
1.74099995	0.72613192	0.13327387
1.74199995	0.85660678	0.10706816
1.74299995	0.77971208	0.11251231
1.74399995	0.52983516	0.14736098
1.74499995	0.14554626	0.20610851
1.74599995	-0.27149975	0.27334523
1.74699995	-0.66012549	0.33938238
1.74799995	-0.85642225	0.37438485
1.74899995	-0.83341533	0.37318528
1.74999995	-0.60786784	0.34387302
1.75099995	-0.21075295	0.29056963
1.75199995	0.20610851	0.22659326
1.75299995	0.58135456	0.16175567
1.75399995	0.80490279	0.11783341
1.75499995	0.84181225	0.10085507
1.75599995	0.68559301	0.12121678
1.75699995	0.36180487	0.17575049
1.75799995	-0.05551796	0.24295644
1.75899995	-0.50590551	0.31323817
1.75999995	-0.78967768	0.36285064
1.76099995	-0.86712599	0.38465798
1.76199995	-0.73480558	0.37001723
1.76299995	-0.40975639	0.32095841
1.76399995	-0.00735113	0.25667447
1.76499995	0.41329354	0.18639271
1.76599995	0.71262920	0.13398130
1.76699995	0.84458047	0.10734498
1.76799995	0.78420275	0.11318897
1.76899995	0.54210752	0.15074433
1.76999995	0.16052534	0.20903051
1.77099995	-0.30376476	0.27928150
1.77199995	-0.66074067	0.33772147
1.77299995	-0.86048228	0.37589198
1.77399995	-0.83642960	0.37881398
1.77499995	-0.59067422	0.34608760
1.77599995	-0.22277927	0.29060039
1.77699995	0.21422859	0.22031865
1.77799995	0.57471085	0.15911049
1.77899995	0.80348796	0.11611097
1.77999995	0.84476501	0.10442298
1.78099995	0.69349778	0.12561515
1.78199995	0.36752585	0.17525837
1.78299995	-0.08403051	0.24612451
1.78399995	-0.48751229	0.31040847
1.78499995	-0.78595597	0.35885212
1.78599995	-0.87007874	0.37613803
1.78699995	-0.72659326	0.35915971
1.78799995	-0.42276698	0.31846702
1.78899995	-0.00212229	0.26033464
1.78999995	0.39671504	0.19617371
1.79099995	0.71389025	0.13558070
1.79199995	0.85085505	0.10614542
1.79299995	0.78730929	0.11158957
1.79399995	0.53746307	0.14969857
1.79499995	0.13979454	0.21512057
1.79599995	-0.28371063	0.28220350
1.79699995	-0.67236710	0.34095103
1.79799995	-0.86232775	0.37595350
1.79899995	-0.82655632	0.38198203
1.79999995	-0.59808683	0.35285434
1.80099995	-0.20829232	0.29287648
1.80199995	0.20533957	0.22567052
1.80299995	0.58120078	0.16083293
1.80399995	0.80505657	0.12014025
1.80499995	0.84258121	0.10983637
1.80599995	0.68328619	0.13035187
1.80699995	0.35285434	0.17882627
1.80799995	-0.06449926	0.23988065
1.80899995	-0.50824308	0.30407235
1.80999995	-0.78890872	0.35386935
1.81099995	-0.86697221	0.38235113
1.81199995	-0.73480558	0.37078616
1.81299995	-0.40975639	0.32111222
1.81399995	-0.00735113	0.25682825
1.81499995	0.41329354	0.18716167
1.81599995	0.71278298	0.13167445
1.81699995	0.84534943	0.09833292
1.81799995	0.78186518	0.10420768
1.81899995	0.53312624	0.14840674
1.81999995	0.15135950	0.20976870
1.82099995	-0.30687129	0.27946603
1.82199995	-0.65763408	0.33772147
1.82299995	-0.85131645	0.37589198
1.82399995	-0.82744831	0.37881398
1.82499995	-0.58833659	0.34608760
1.82599995	-0.22354823	0.29060039
1.82699995	0.21407481	0.22031865
1.82799995	0.57486469	0.15911049
1.82899995	0.80425692	0.11611097
1.82999995	0.84245819	0.10442298
1.83099995	0.68451649	0.12561515
1.83199995	0.35854453	0.17525837
1.83299995	-0.08636811	0.24612451
1.83399995	-0.48658955	0.31025466
1.83499995	-0.78503323	0.35808316
1.83599995	-0.87253934	0.37844488
1.83699995	-0.73631275	0.36817175
1.83799995	-0.42959523	0.32747909
1.83899995	0.00378322	0.26264149
1.83999995	0.40880290	0.19540477
1.84099995	0.72536296	0.13542692
1.84199995	0.85894442	0.10629921
1.84299995	0.78872418	0.11235851
1.84399995	0.53900099	0.14736098
1.84499995	0.14862205	0.20610851
1.84599995	-0.27457553	0.27334523
1.84699995	-0.66929132	0.33938238
1.84799995	-0.86540353	0.37438485
1.84899995	-0.83572221	0.37318528
1.84999995	-0.60709894	0.34387302
1.85099995	-0.21059917	0.29056963
1.85199995	0.20610851	0.22659326
1.85299995	0.58135456	0.16175567
1.85399995	0.80490279	0.11783341
1.85499995	0.84181225	0.10085507
1.85599995	0.68559301	0.12121678
1.85699995	0.36180487	0.17575049
1.85799995	-0.05536417	0.24311024
1.85899995	-0.50513655	0.31397638
1.85999995	-0.79201525	0.36054379
1.86099995	-0.87613803	0.37567666
1.86199995	-0.74378693	0.36103591
1.86299995	-0.41206324	0.31862080
1.86399995	-0.00658219	0.25759721
1.86499995	0.41344735	0.18731545
1.86599995	0.71262920	0.13167445
1.86699995	0.84458047	0.09833292
1.86799995	0.78420275	0.10420768
1.86899995	0.54210752	0.14840674
1.86999995	0.16037156	0.20976870
1.87099995	-0.30453372	0.27946603
1.87199995	-0.65840304	0.33772147
1.87299995	-0.85147023	0.37589198
1.87399995	-0.82744831	0.37881398
1.87499995	-0.58833659	0.34608760
1.87599995	-0.22354823	0.29060039
1.87699995	0.21407481	0.22031865
1.87799995	0.57486469	0.15911049
1.87899995	0.80425692	0.11611097
1.87999995	0.84245819	0.10442298
1.88099995	0.68451649	0.12561515
1.88199995	0.35854453	0.17525837
1.88299995	-0.08636811	0.24612451
1.88399995	-0.48658955	0.31040847
1.88499995	-0.78503323	0.35885212
1.88599995	-0.87238556	0.37629184
1.88699995	-0.73554379	0.35992864
1.88799995	-0.43174827	0.31616017
1.88899995	-0.00442913	0.25132260
1.88999995	0.39748400	0.18719243
1.89099995	0.71404403	0.13327387
1.89199995	0.85085505	0.10691437
1.89299995	0.78730929	0.11174335
1.89399995	0.53746307	0.14985237
1.89499995	0.13979454	0.21588951
1.89599995	-0.28371063	0.28001967
1.89699995	-0.67236710	0.33270791
1.89799995	-0.86232775	0.36463460
1.89899995	-0.82655632	0.37069389
1.89999995	-0.59808683	0.34479576
1.90099995	-0.20829232	0.29149237
1.90199995	0.20533957	0.22428642
1.90299995	0.58120078	0.15277436
1.90399995	0.80490279	0.10882135
1.90499995	0.84181225	0.09854823
1.90599995	0.68559301	0.12213952
1.90699995	0.36180487	0.17667323
1.90799995	-0.05551796	0.24080339
1.90899995	-0.50590551	0.30499509
1.90999995	-0.78967768	0.35153174
1.91099995	-0.86712599	0.37333909
1.91199995	-0.73480558	0.36180487
1.91299995	-0.40975639	0.31880537
1.91399995	-0.00750492	0.25759721
1.91499995	0.41255537	0.18731545
1.91599995	0.71508980	0.13182825
1.91699995	0.85429996	0.09910187
1.91799995	0.79100025	0.10202387
1.91899995	0.53620201	0.14019439
1.91999995	0.14828371	0.19844981
1.92099995	-0.31597564	0.26814714
1.92199995	-0.66661543	0.32950911
1.92299995	-0.85362327	0.37370816
1.92399995	-0.82667935	0.37958291
1.92499995	-0.58818281	0.34624138
1.92599995	-0.22354823	0.29060039
1.92699995	0.21407481	0.22031865
1.92799995	0.57486469	0.15911049
1.92899995	0.80425692	0.11611097
1.92999995	0.84245819	0.10442298
1.93099995	0.68451649	0.12561515
1.93199995	0.35854453	0.17525837
1.93299995	-0.08636811	0.24612451
1.93399995	-0.48658955	0.31040847
1.93499995	-0.78503323	0.35885212
1.93599995	-0.87253934	0.37613803
1.93699995	-0.73631275	0.35915971
1.93799995	-0.42944142	0.31846702
1.93899995	0.00455217	0.26033464
1.93999995	0.40649605	0.19617371
1.94099995	0.71635085	0.13558070
1.94199995	0.85008609	0.10629921
1.94299995	0.78715551	0.11235851
1.94399995	0.53727853	0.14751476
1.94499995	0.13902558	0.20687746
1.94599995	-0.28125000	0.27103838
1.94699995	-0.66261685	0.33040109
1.94799995	-0.85565329	0.36555734
1.94899995	-0.83326155	0.37161663
1.94999995	-0.60802168	0.34233513
1.95099995	-0.21152189	0.28174213
1.95199995	0.20841536	0.21758120
1.95299994	0.59036660	0.15944882
1.95399994	0.81388408	0.11875615
1.95499994	0.84411907	0.10177781
1.95599994	0.68482405	0.11890994
1.95699994	0.36165109	0.16673844
1.95799994	-0.05536417	0.23412894
1.95899994	-0.50513655	0.31166953
1.95999994	-0.79201525	0.36131275
1.96099994	-0.87613803	0.37583047
1.96199994	-0.74378693	0.36103591
1.96299994	-0.41206324	0.31862080
1.96399994	-0.00658219	0.25744340
1.96499994	0.41344735	0.18654650
1.96599994	0.71262920	0.13398130
1.96699994	0.84458047	0.10734498
1.96799994	0.78435653	0.11318897
1.96899994	0.54287648	0.15074433
1.96999994	0.15806471	0.20903051
1.97099994	-0.31351501	0.27928150
1.97199994	-0.66738433	0.33772147
1.97299994	-0.85377705	0.37589198
1.97399994	-0.82667935	0.37881398
1.97499994	-0.58818281	0.34608760
1.97599994	-0.22354823	0.29060039
1.97699994	0.21407481	0.22031865
1.97799994	0.57486469	0.15911049
1.97899994	0.80425692	0.11611097
1.97999994	0.84245819	0.10442298
1.98099994	0.68451649	0.12561515
1.98199994	0.35854453	0.17525837
1.98299994	-0.08636811	0.24612451
1.98399994	-0.48658955	0.31025466
1.98499994	-0.78503323	0.35808316
1.98599994	-0.87253934	0.37844488
1.98699994	-0.73631275	0.36817175
1.98799994	-0.42944142	0.32747909
1.98899994	0.00455217	0.26264149
1.98999994	0.40649605	0.19540477
1.99099994	0.71635085	0.13542692
1.99199994	0.85008609	0.10629921
1.99299994	0.78715551	0.11235851
1.99399994	0.53746307	0.14736098
1.99499994	0.13979454	0.20610851
1.99599994	-0.28355685	0.27334523
1.99699994	-0.67159820	0.33938238
1.99799994	-0.86463457	0.37438485
1.99899994	-0.83556843	0.37318528
1.99999994	-0.60709894	0.34387302
2.00099994	-0.21059917	0.29056963
2.00199994	0.20610851	0.22659326
2.00299994	0.58135456	0.16175567
